# STEVAL-MKI229A (LSM6DSO16IS) 

time[us],acc_x[mg],acc_y[mg],acc_z[mg],gyro_x[mdps],gyro_y[mdps],gyro_z[mdps],temp[C],acc_x[LSB],acc_y[LSB],acc_z[LSB],gyro_x[LSB],gyro_y[LSB],gyro_z[LSB],temp[LSB],int_1,int_2
7986844310,4.392,164.944,992.958,4628.750,-4016.250,-2476.250,23.707,72,2704,16278,529,-459,-283,-331,0,0
7986853722,4.392,164.151,992.653,4751.250,-4033.750,-2467.500,23.727,72,2691,16273,543,-461,-282,-326,0,0
7986863129,4.209,164.578,992.836,4742.500,-4007.500,-2493.750,23.727,69,2698,16276,542,-458,-285,-326,0,0
7986872537,4.453,164.334,991.982,4716.250,-4060.000,-2476.250,23.699,73,2694,16262,539,-464,-283,-333,0,0
7986881950,6.039,163.968,992.592,4760.000,-4051.250,-2441.250,23.699,99,2688,16272,544,-463,-279,-333,0,0
7986891356,5.185,164.334,992.287,4768.750,-4007.500,-2423.750,23.691,85,2694,16267,545,-458,-277,-335,0,0
7986900764,4.941,163.907,991.921,4768.750,-4025.000,-2432.500,23.691,81,2687,16261,545,-460,-278,-335,0,0
7986910178,4.819,164.334,992.897,4725.000,-3981.250,-2458.750,23.730,79,2694,16277,540,-455,-281,-325,0,0
7986919586,3.904,163.175,992.958,4742.500,-3972.500,-2450.000,23.730,64,2675,16278,542,-454,-280,-325,0,0
7986928992,5.612,165.371,993.690,4628.750,-3998.750,-2458.750,23.738,92,2711,16290,529,-457,-281,-323,0,0
7986938407,4.087,165.066,993.141,4576.250,-3963.750,-2450.000,23.738,67,2706,16281,523,-453,-280,-323,0,0
7986947813,5.307,164.639,992.836,4725.000,-4025.000,-2458.750,23.730,87,2699,16276,540,-460,-281,-325,0,0
7986957226,4.514,165.371,992.897,4768.750,-3972.500,-2485.000,23.730,74,2711,16277,545,-454,-284,-325,0,0
7986966635,4.758,164.944,992.043,4768.750,-3998.750,-2450.000,23.707,78,2704,16263,545,-457,-280,-331,0,0
7986976041,5.490,163.907,993.202,4637.500,-3998.750,-2493.750,23.707,90,2687,16282,530,-457,-285,-331,0,0
7986985454,4.575,163.907,992.226,4716.250,-3998.750,-2485.000,23.699,75,2687,16266,539,-457,-284,-333,0,0
7986994862,5.307,164.029,991.494,4672.500,-3981.250,-2441.250,23.699,87,2689,16254,534,-455,-279,-333,0,0
7987004268,5.124,163.907,992.348,4751.250,-3981.250,-2432.500,23.676,84,2687,16268,543,-455,-278,-339,0,0
7987013682,3.721,164.456,991.921,4742.500,-3990.000,-2458.750,23.676,61,2696,16261,542,-456,-281,-339,0,0
7987023090,5.124,164.822,992.531,4576.250,-3981.250,-2458.750,23.730,84,2702,16271,523,-455,-281,-325,0,0
7987032496,5.246,164.395,992.226,4663.750,-3990.000,-2493.750,23.730,86,2695,16266,533,-456,-285,-325,0,0
7987041908,4.453,164.883,992.409,4742.500,-3998.750,-2476.250,23.668,73,2703,16269,542,-457,-283,-341,0,0
7987051317,4.575,164.578,992.775,4663.750,-3972.500,-2458.750,23.668,75,2698,16275,533,-454,-281,-341,0,0
7987060729,4.697,164.822,993.263,4716.250,-3981.250,-2476.250,23.688,77,2702,16283,539,-455,-283,-336,0,0
7987070134,3.843,164.090,992.714,4777.500,-4007.500,-2458.750,23.688,63,2690,16274,546,-458,-281,-336,0,0
7987079544,5.856,163.724,991.250,4733.750,-3990.000,-2423.750,23.719,96,2684,16250,541,-456,-277,-328,0,0
7987088956,4.697,164.212,991.616,4838.750,-3981.250,-2441.250,23.719,77,2692,16256,553,-455,-279,-328,0,0
7987098361,5.551,163.663,991.860,4768.750,-4033.750,-2485.000,23.719,91,2683,16260,545,-461,-284,-328,0,0
7987107769,4.209,164.090,991.006,4707.500,-4016.250,-2467.500,23.719,69,2690,16246,538,-459,-282,-328,0,0
7987117183,4.880,163.663,992.531,4725.000,-4007.500,-2467.500,23.691,80,2683,16271,540,-458,-282,-335,0,0
7987126589,4.575,165.493,992.592,4690.000,-4007.500,-2476.250,23.691,75,2713,16272,536,-458,-283,-335,0,0
7987135997,4.819,164.273,991.982,4716.250,-4025.000,-2476.250,23.684,79,2693,16262,539,-460,-283,-337,0,0
7987145410,5.490,164.456,991.982,4637.500,-3963.750,-2476.250,23.684,90,2696,16262,530,-453,-283,-337,0,0
7987154822,4.636,164.517,991.677,4672.500,-3963.750,-2458.750,23.711,76,2697,16257,534,-453,-281,-330,0,0
7987164227,4.819,164.151,991.921,4681.250,-3998.750,-2458.750,23.711,79,2691,16261,535,-457,-281,-330,0,0
7987173636,4.575,164.639,992.165,4698.750,-4025.000,-2458.750,23.664,75,2699,16265,537,-460,-281,-342,0,0
7987183048,5.368,164.395,992.287,4733.750,-4016.250,-2485.000,23.664,88,2695,16267,541,-459,-284,-342,0,0
7987192454,5.368,165.798,992.104,4707.500,-4025.000,-2476.250,23.676,88,2718,16264,538,-460,-283,-339,0,0
7987201862,5.673,164.517,991.555,4716.250,-3998.750,-2476.250,23.676,93,2697,16255,539,-457,-283,-339,0,0
7987211274,4.148,164.334,993.507,4655.000,-3998.750,-2450.000,23.684,68,2694,16287,532,-457,-280,-337,0,0
7987220686,4.453,164.517,992.470,4698.750,-4025.000,-2450.000,23.684,73,2697,16270,537,-460,-280,-337,0,0
7987230091,3.721,163.968,992.958,4768.750,-4016.250,-2476.250,23.664,61,2688,16278,545,-459,-283,-342,0,0
7987239504,4.758,164.151,991.677,4812.500,-4025.000,-2467.500,23.664,78,2691,16257,550,-460,-282,-342,0,0
7987248912,4.575,164.517,992.714,4733.750,-4007.500,-2432.500,23.707,75,2697,16274,541,-458,-278,-331,0,0
7987258318,5.185,163.175,992.836,4725.000,-3998.750,-2423.750,23.707,85,2675,16276,540,-457,-277,-331,0,0
7987267727,5.490,164.212,992.897,4742.500,-3998.750,-2458.750,23.707,90,2692,16277,542,-457,-281,-331,0,0
7987277140,4.636,164.761,991.372,4655.000,-4007.500,-2458.750,23.707,76,2701,16252,532,-458,-281,-331,0,0
7987286545,4.270,164.395,991.677,4900.000,-4033.750,-2467.500,23.730,70,2695,16257,560,-461,-282,-325,0,0
7987295956,5.063,165.249,992.531,4777.500,-3990.000,-2493.750,23.730,83,2709,16271,546,-456,-285,-325,0,0
7987305369,4.880,165.554,992.714,4733.750,-4007.500,-2458.750,23.715,80,2714,16274,541,-458,-281,-329,0,0
7987314777,5.734,164.334,993.385,4768.750,-4077.500,-2467.500,23.715,94,2694,16285,545,-466,-282,-329,0,0
7987324183,4.453,164.761,991.860,4725.000,-4016.250,-2423.750,23.668,73,2701,16260,540,-459,-277,-341,0,0
7987333594,4.880,165.188,992.653,4707.500,-4025.000,-2458.750,23.668,80,2708,16273,538,-460,-281,-341,0,0
7987343001,5.124,164.456,992.348,4707.500,-4042.500,-2485.000,23.656,84,2696,16268,538,-462,-284,-344,0,0
7987352416,4.514,164.090,991.494,4707.500,-4007.500,-2450.000,23.656,74,2690,16254,538,-458,-280,-344,0,0
7987361821,4.209,164.517,991.738,4663.750,-3972.500,-2441.250,23.672,69,2697,16258,533,-454,-279,-340,0,0
7987371232,5.246,164.822,991.738,4655.000,-3981.250,-2476.250,23.672,86,2702,16258,532,-455,-283,-340,0,0
7987380645,4.880,165.066,993.629,4733.750,-3963.750,-2441.250,23.676,80,2706,16289,541,-453,-279,-339,0,0
7987390054,4.758,164.517,990.884,4716.250,-3990.000,-2432.500,23.676,78,2697,16244,539,-456,-278,-339,0,0
7987399459,5.368,164.151,991.677,4725.000,-4025.000,-2458.750,23.699,88,2691,16257,540,-460,-281,-333,0,0
7987408870,5.612,166.225,990.457,4768.750,-4033.750,-2441.250,23.699,92,2725,16237,545,-461,-279,-333,0,0
7987418282,5.551,164.822,992.043,4716.250,-3955.000,-2458.750,23.688,91,2702,16263,539,-452,-281,-336,0,0
7987427686,5.368,163.480,993.446,4751.250,-3998.750,-2450.000,23.688,88,2680,16286,543,-457,-280,-336,0,0
7987437097,4.514,164.883,993.812,4786.250,-4060.000,-2441.250,23.660,74,2703,16292,547,-464,-279,-343,0,0
7987446509,4.148,165.615,990.823,4698.750,-4025.000,-2476.250,23.660,68,2715,16243,537,-460,-283,-343,0,0
7987455913,4.941,164.151,990.640,4742.500,-4025.000,-2476.250,23.668,81,2691,16240,542,-460,-283,-341,0,0
7987465324,4.636,163.846,991.799,4672.500,-4051.250,-2450.000,23.668,76,2686,16259,534,-463,-280,-341,0,0
7987474736,5.246,163.785,991.738,4733.750,-4095.000,-2441.250,23.715,86,2685,16258,541,-468,-279,-329,0,0
7987484147,4.941,163.724,992.592,4716.250,-4042.500,-2441.250,23.715,81,2684,16272,539,-462,-279,-329,0,0
7987493551,4.819,165.188,992.043,4751.250,-4033.750,-2450.000,23.695,79,2708,16263,543,-461,-280,-334,0,0
7987502963,5.673,164.273,991.860,4882.500,-4060.000,-2467.500,23.695,93,2693,16260,558,-464,-282,-334,0,0
7987512374,5.246,164.090,992.470,4690.000,-3990.000,-2485.000,23.676,86,2690,16270,536,-456,-284,-339,0,0
7987521780,5.002,165.005,992.897,4742.500,-3990.000,-2467.500,23.676,82,2705,16277,542,-456,-282,-339,0,0
7987531189,5.673,165.554,991.982,4725.000,-4007.500,-2441.250,23.664,93,2714,16262,540,-458,-279,-342,0,0
7987540600,5.124,165.554,992.836,4725.000,-4007.500,-2476.250,23.664,84,2714,16276,540,-458,-283,-342,0,0
7987550012,4.270,165.188,993.873,4637.500,-4007.500,-2467.500,23.734,70,2708,16293,530,-458,-282,-324,0,0
7987559418,4.209,164.700,991.921,4567.500,-3998.750,-2458.750,23.734,69,2700,16261,522,-457,-281,-324,0,0
7987568826,5.612,163.968,990.945,4812.500,-3990.000,-2450.000,23.691,92,2688,16245,550,-456,-280,-335,0,0
7987578239,5.856,164.517,990.518,4637.500,-3972.500,-2432.500,23.691,96,2697,16238,530,-454,-278,-335,0,0
7987587644,4.209,163.724,993.568,4760.000,-4033.750,-2450.000,23.734,69,2684,16288,544,-461,-280,-324,0,0
7987597057,3.172,163.785,993.751,4838.750,-3990.000,-2450.000,23.734,52,2685,16291,553,-456,-280,-324,0,0
7987606462,5.063,164.090,990.701,4742.500,-4007.500,-2450.000,23.668,83,2690,16241,542,-458,-280,-341,0,0
7987615877,5.063,165.066,990.152,4690.000,-4051.250,-2476.250,23.668,83,2706,16232,536,-463,-283,-341,0,0
7987625281,5.490,164.090,992.836,4716.250,-4007.500,-2458.750,23.730,90,2690,16276,539,-458,-281,-325,0,0
7987634693,5.124,163.968,993.019,4663.750,-3963.750,-2458.750,23.730,84,2688,16279,533,-453,-281,-325,0,0
7987644104,5.307,164.700,992.226,4690.000,-4007.500,-2458.750,23.680,87,2700,16266,536,-458,-281,-338,0,0
7987653508,5.490,164.395,993.629,4663.750,-3981.250,-2432.500,23.680,90,2695,16289,533,-455,-278,-338,0,0
7987662920,4.941,164.517,993.446,4716.250,-3955.000,-2450.000,23.645,81,2697,16286,539,-452,-280,-347,0,0
7987672331,4.209,164.822,993.385,4707.500,-3963.750,-2485.000,23.645,69,2702,16285,538,-453,-284,-347,0,0
7987681742,5.002,163.785,991.860,4725.000,-4042.500,-2476.250,23.715,82,2685,16260,540,-462,-283,-329,0,0
7987691147,5.063,164.090,992.836,4716.250,-4007.500,-2423.750,23.715,83,2690,16276,539,-458,-277,-329,0,0
7987700558,5.307,164.944,992.775,4725.000,-4033.750,-2476.250,23.727,87,2704,16275,540,-461,-283,-326,0,0
7987709969,4.819,165.615,992.897,4690.000,-4007.500,-2476.250,23.727,79,2715,16277,536,-458,-283,-326,0,0
7987719375,4.209,164.944,992.470,4742.500,-4025.000,-2485.000,23.699,69,2704,16270,542,-460,-284,-333,0,0
7987728783,5.551,164.395,993.141,4690.000,-4086.250,-2476.250,23.699,91,2695,16281,536,-467,-283,-333,0,0
7987738196,5.734,164.517,993.141,4795.000,-4007.500,-2493.750,23.688,94,2697,16281,548,-458,-285,-336,0,0
7987747607,5.063,164.639,992.287,4742.500,-3972.500,-2493.750,23.688,83,2699,16267,542,-454,-285,-336,0,0
7987757012,6.039,165.310,993.751,4646.250,-4025.000,-2485.000,23.699,99,2710,16291,531,-460,-284,-333,0,0
7987766423,5.673,164.700,992.165,4733.750,-4007.500,-2441.250,23.699,93,2700,16265,541,-458,-279,-333,0,0
7987775835,5.002,164.883,993.080,4795.000,-3998.750,-2476.250,23.684,82,2703,16280,548,-457,-283,-337,0,0
7987785239,4.819,164.761,992.104,4707.500,-4007.500,-2458.750,23.684,79,2701,16264,538,-458,-281,-337,0,0
7987794652,5.734,163.297,993.080,4690.000,-4016.250,-2476.250,23.691,94,2677,16280,536,-459,-283,-335,0,0
7987804060,5.307,163.846,991.067,4768.750,-4016.250,-2493.750,23.691,87,2686,16247,545,-459,-285,-335,0,0
7987813473,5.734,165.371,992.043,4742.500,-4042.500,-2511.250,23.707,94,2711,16263,542,-462,-287,-331,0,0
7987822877,5.368,164.761,991.921,4655.000,-3998.750,-2493.750,23.707,88,2701,16261,532,-457,-285,-331,0,0
7987832289,5.856,165.676,994.788,4795.000,-3998.750,-2458.750,23.684,96,2716,16308,548,-457,-281,-337,0,0
7987841695,5.612,164.151,992.531,4838.750,-3963.750,-2458.750,23.684,92,2691,16271,553,-453,-281,-337,0,0
7987851103,6.710,165.066,992.104,4663.750,-3963.750,-2467.500,23.711,110,2706,16264,533,-453,-282,-330,0,0
7987860515,5.368,163.907,992.226,4716.250,-3946.250,-2467.500,23.711,88,2687,16266,539,-451,-282,-330,0,0
7987869927,4.819,164.212,990.579,4777.500,-4025.000,-2476.250,23.680,79,2692,16239,546,-460,-283,-338,0,0
7987879333,4.880,163.480,991.921,4663.750,-3955.000,-2467.500,23.680,80,2680,16261,533,-452,-282,-338,0,0
7987888740,3.721,163.663,991.067,4690.000,-3946.250,-2458.750,23.738,61,2683,16247,536,-451,-281,-323,0,0
7987898154,4.758,162.382,988.871,4655.000,-3981.250,-2450.000,23.738,78,2662,16211,532,-455,-280,-323,0,0
7987907565,3.904,164.151,991.738,4698.750,-3972.500,-2450.000,23.727,64,2691,16258,537,-454,-280,-326,0,0
7987916970,3.904,164.761,993.263,4733.750,-4007.500,-2485.000,23.727,64,2701,16283,541,-458,-284,-326,0,0
7987926382,4.392,165.310,993.019,4742.500,-3972.500,-2441.250,23.699,72,2710,16279,542,-454,-279,-333,0,0
7987935790,5.856,165.371,992.409,4768.750,-4042.500,-2432.500,23.699,96,2711,16269,545,-462,-278,-333,0,0
7987945196,5.612,165.249,992.897,4742.500,-3981.250,-2441.250,23.715,92,2709,16277,542,-455,-279,-329,0,0
7987954608,6.100,166.042,993.080,4733.750,-3972.500,-2458.750,23.715,100,2722,16280,541,-454,-281,-329,0,0
7987964020,4.758,164.578,992.653,4768.750,-3955.000,-2450.000,23.672,78,2698,16273,545,-452,-280,-340,0,0
7987973424,4.941,164.700,991.433,4716.250,-3981.250,-2441.250,23.672,81,2700,16253,539,-455,-279,-340,0,0
7987982835,4.270,164.456,992.043,4795.000,-3998.750,-2458.750,23.680,70,2696,16263,548,-457,-281,-338,0,0
7987992247,3.965,163.541,991.006,4698.750,-4007.500,-2476.250,23.680,65,2681,16246,537,-458,-283,-338,0,0
7988001656,3.355,163.663,990.457,4865.000,-4086.250,-2458.750,23.703,55,2683,16237,556,-467,-281,-332,0,0
7988011061,4.453,164.273,992.104,4935.000,-4033.750,-2476.250,23.703,73,2693,16264,564,-461,-283,-332,0,0
7988020474,4.026,164.395,993.019,4725.000,-4025.000,-2467.500,23.695,66,2695,16279,540,-460,-282,-334,0,0
7988029885,5.063,164.761,993.629,4812.500,-4042.500,-2441.250,23.695,83,2701,16289,550,-462,-279,-334,0,0
7988039290,4.331,164.883,991.738,4725.000,-3963.750,-2432.500,23.688,71,2703,16258,540,-453,-278,-336,0,0
7988048699,6.527,165.859,992.348,4681.250,-3920.000,-2476.250,23.688,107,2719,16268,535,-448,-283,-336,0,0
7988058111,5.795,164.944,991.982,4716.250,-3946.250,-2467.500,23.703,95,2704,16262,539,-451,-282,-332,0,0
7988067522,4.270,165.188,992.897,4751.250,-3972.500,-2467.500,23.703,70,2708,16277,543,-454,-282,-332,0,0
7988076927,4.148,162.809,993.019,4681.250,-3998.750,-2458.750,23.691,68,2669,16279,535,-457,-281,-335,0,0
7988086340,3.782,163.480,991.311,4733.750,-3972.500,-2493.750,23.691,62,2680,16251,541,-454,-285,-335,0,0
7988095747,3.660,163.785,991.372,4812.500,-4016.250,-2476.250,23.723,60,2685,16252,550,-459,-283,-327,0,0
7988105161,4.514,163.541,990.335,4725.000,-4042.500,-2485.000,23.723,74,2681,16235,540,-462,-284,-327,0,0
7988114566,3.843,163.602,992.348,4751.250,-3998.750,-2458.750,23.684,63,2682,16268,543,-457,-281,-337,0,0
7988123975,4.392,164.090,992.836,4707.500,-3981.250,-2458.750,23.684,72,2690,16276,538,-455,-281,-337,0,0
7988133388,4.148,165.432,992.592,4576.250,-4007.500,-2450.000,23.668,68,2712,16272,523,-458,-280,-341,0,0
7988142795,4.514,164.639,991.738,4655.000,-4016.250,-2458.750,23.668,74,2699,16258,532,-459,-281,-341,0,0
7988152202,5.063,163.663,992.958,4768.750,-4042.500,-2458.750,23.691,83,2683,16278,545,-462,-281,-335,0,0
7988161614,5.490,165.432,992.775,4742.500,-4051.250,-2458.750,23.691,90,2712,16275,542,-463,-281,-335,0,0
7988171020,5.002,165.066,992.348,4777.500,-4016.250,-2476.250,23.684,82,2706,16268,546,-459,-283,-337,0,0
7988180432,5.063,165.432,991.738,4725.000,-4016.250,-2458.750,23.684,83,2712,16258,540,-459,-281,-337,0,0
7988189840,5.063,165.371,991.738,4733.750,-3998.750,-2458.750,23.680,83,2711,16258,541,-457,-281,-338,0,0
7988199254,4.331,164.395,991.616,4646.250,-3998.750,-2450.000,23.680,71,2695,16256,531,-457,-280,-338,0,0
7988208662,5.185,163.480,991.372,4663.750,-4025.000,-2493.750,23.703,85,2680,16252,533,-460,-285,-332,0,0
7988218068,4.880,163.724,992.287,4742.500,-4016.250,-2467.500,23.703,80,2684,16267,542,-459,-282,-332,0,0
7988227481,3.477,164.517,993.141,4821.250,-4025.000,-2458.750,23.695,57,2697,16281,551,-460,-281,-334,0,0
7988236890,3.782,164.578,991.128,4725.000,-4033.750,-2467.500,23.695,62,2698,16248,540,-461,-282,-334,0,0
7988246296,4.941,163.480,990.823,4733.750,-4042.500,-2458.750,23.688,81,2680,16243,541,-462,-281,-336,0,0
7988255710,4.453,164.578,991.555,4830.000,-4033.750,-2476.250,23.688,73,2698,16255,552,-461,-283,-336,0,0
7988265117,4.819,164.700,993.019,4725.000,-3998.750,-2432.500,23.695,79,2700,16279,540,-457,-278,-334,0,0
7988274524,4.575,164.578,993.202,4628.750,-4016.250,-2450.000,23.695,75,2698,16282,529,-459,-280,-334,0,0
7988283935,4.270,165.066,992.592,4742.500,-4060.000,-2441.250,23.668,70,2706,16272,542,-464,-279,-341,0,0
7988293340,4.331,164.822,991.799,4698.750,-4016.250,-2441.250,23.668,71,2702,16259,537,-459,-279,-341,0,0
7988302754,4.636,165.188,992.714,4602.500,-3928.750,-2432.500,23.668,76,2708,16274,526,-449,-278,-341,0,0
7988312160,4.148,163.846,991.860,4698.750,-3990.000,-2458.750,23.668,68,2686,16260,537,-456,-281,-341,0,0
7988321573,4.575,164.090,990.884,4716.250,-4068.750,-2458.750,23.664,75,2690,16244,539,-465,-281,-342,0,0
7988330978,4.941,164.029,992.653,4690.000,-4086.250,-2450.000,23.664,81,2689,16273,536,-467,-280,-342,0,0
7988340393,4.331,164.395,993.263,4777.500,-4095.000,-2450.000,23.703,71,2695,16283,546,-468,-280,-332,0,0
7988349799,3.904,164.090,992.043,4672.500,-4033.750,-2406.250,23.703,64,2690,16263,534,-461,-275,-332,0,0
7988359205,6.039,164.700,991.555,4725.000,-4033.750,-2432.500,23.703,99,2700,16255,540,-461,-278,-332,0,0
7988368620,4.087,164.334,992.409,4716.250,-4051.250,-2485.000,23.703,67,2694,16269,539,-463,-284,-332,0,0
7988378026,5.917,164.700,993.812,4725.000,-4060.000,-2476.250,23.684,97,2700,16292,540,-464,-283,-337,0,0
7988387439,5.612,165.493,993.385,4725.000,-4016.250,-2458.750,23.684,92,2713,16285,540,-459,-281,-337,0,0
7988396847,5.368,164.944,993.507,4681.250,-4060.000,-2485.000,23.695,88,2704,16287,535,-464,-284,-334,0,0
7988406254,5.551,165.066,993.324,4681.250,-4033.750,-2476.250,23.695,91,2706,16284,535,-461,-283,-334,0,0
7988415663,4.636,164.029,991.860,4707.500,-4007.500,-2441.250,23.715,76,2689,16260,538,-458,-279,-329,0,0
7988425076,5.185,162.626,992.348,4672.500,-3990.000,-2441.250,23.715,85,2666,16268,534,-456,-279,-329,0,0
7988434481,4.575,163.297,992.043,4725.000,-3981.250,-2458.750,23.746,75,2677,16263,540,-455,-281,-321,0,0
7988443889,4.758,162.931,990.823,4707.500,-3990.000,-2476.250,23.746,78,2671,16243,538,-456,-283,-321,0,0
7988453303,3.782,163.724,991.860,4760.000,-3972.500,-2458.750,23.707,62,2684,16260,544,-454,-281,-331,0,0
7988462710,4.880,163.785,991.616,4847.500,-4042.500,-2441.250,23.707,80,2685,16256,554,-462,-279,-331,0,0
7988472117,3.965,164.883,992.653,4760.000,-4051.250,-2485.000,23.715,65,2703,16273,544,-463,-284,-329,0,0
7988481531,4.270,164.822,992.714,4628.750,-4025.000,-2458.750,23.715,70,2702,16274,529,-460,-281,-329,0,0
7988490939,4.819,165.554,992.653,4655.000,-3998.750,-2450.000,23.668,79,2714,16273,532,-457,-280,-341,0,0
7988500346,5.917,165.737,993.507,4602.500,-3955.000,-2476.250,23.668,97,2717,16287,526,-452,-283,-341,0,0
7988509760,5.612,164.700,992.165,4768.750,-4025.000,-2485.000,23.711,92,2700,16265,545,-460,-284,-330,0,0
7988519167,5.673,164.700,991.006,4716.250,-4033.750,-2450.000,23.711,93,2700,16246,539,-461,-280,-330,0,0
7988528572,4.819,164.639,990.152,4646.250,-4016.250,-2467.500,23.684,79,2699,16232,531,-459,-282,-337,0,0
7988537986,5.063,164.761,990.579,4628.750,-4007.500,-2476.250,23.684,83,2701,16239,529,-458,-283,-337,0,0
7988547394,4.819,165.493,991.738,4576.250,-4007.500,-2476.250,23.672,79,2713,16258,523,-458,-283,-340,0,0
7988556801,5.002,163.968,992.409,4716.250,-4060.000,-2467.500,23.672,82,2688,16269,539,-464,-282,-340,0,0
7988566216,4.453,163.785,993.507,4733.750,-3998.750,-2432.500,23.688,73,2685,16287,541,-457,-278,-336,0,0
7988575623,4.453,164.212,992.470,4716.250,-3963.750,-2458.750,23.688,73,2692,16270,539,-453,-281,-336,0,0
7988585030,4.575,163.846,990.335,4751.250,-4033.750,-2467.500,23.723,75,2686,16235,543,-461,-282,-327,0,0
7988594444,4.697,165.310,991.677,4777.500,-4060.000,-2441.250,23.723,77,2710,16257,546,-464,-279,-327,0,0
7988603850,5.429,165.188,993.385,4777.500,-4060.000,-2467.500,23.723,89,2708,16285,546,-464,-282,-327,0,0
7988613258,5.612,165.005,993.080,4602.500,-4007.500,-2485.000,23.723,92,2705,16280,526,-458,-284,-327,0,0
7988622672,6.039,164.761,991.555,4690.000,-4033.750,-2450.000,23.656,99,2701,16255,536,-461,-280,-344,0,0
7988632080,5.246,164.883,992.714,4943.750,-4007.500,-2476.250,23.656,86,2703,16274,565,-458,-283,-344,0,0
7988641488,5.246,164.578,992.226,4751.250,-3998.750,-2432.500,23.684,86,2698,16266,543,-457,-278,-337,0,0
7988650896,4.819,164.639,992.104,4830.000,-3990.000,-2476.250,23.684,79,2699,16264,552,-456,-283,-337,0,0
7988660309,4.758,165.493,992.104,4690.000,-3955.000,-2458.750,23.703,78,2713,16264,536,-452,-281,-332,0,0
7988669714,5.063,164.151,990.213,4733.750,-3955.000,-2476.250,23.703,83,2691,16233,541,-452,-283,-332,0,0
7988679122,4.453,164.273,990.030,4690.000,-3955.000,-2458.750,23.676,73,2693,16230,536,-452,-281,-339,0,0
7988688536,4.392,164.822,992.287,4646.250,-3972.500,-2476.250,23.676,72,2702,16267,531,-454,-283,-339,0,0
7988697943,4.331,164.029,991.311,4777.500,-4007.500,-2485.000,23.680,71,2689,16251,546,-458,-284,-338,0,0
7988707351,5.429,164.517,992.043,4777.500,-4033.750,-2476.250,23.680,89,2697,16263,546,-461,-283,-338,0,0
7988716763,6.222,164.700,991.677,4716.250,-4042.500,-2450.000,23.680,102,2700,16257,539,-462,-280,-338,0,0
7988726170,4.941,165.188,991.982,4838.750,-3990.000,-2467.500,23.680,81,2708,16262,553,-456,-282,-338,0,0
7988735577,5.734,164.456,991.677,4716.250,-3946.250,-2493.750,23.645,94,2696,16257,539,-451,-285,-347,0,0
7988744990,5.551,164.822,991.616,4698.750,-4033.750,-2458.750,23.645,91,2702,16256,537,-461,-281,-347,0,0
7988754398,4.331,165.188,992.836,4690.000,-3937.500,-2441.250,23.668,71,2708,16276,536,-450,-279,-341,0,0
7988763811,4.148,166.225,992.592,4777.500,-3972.500,-2450.000,23.668,68,2725,16272,546,-454,-280,-341,0,0
7988773218,4.209,165.310,989.359,4716.250,-4033.750,-2467.500,23.668,69,2710,16219,539,-461,-282,-341,0,0
7988782626,4.758,164.517,989.847,4707.500,-4025.000,-2485.000,23.668,78,2697,16227,538,-460,-284,-341,0,0
7988792033,5.063,164.395,996.069,4655.000,-3998.750,-2441.250,23.703,83,2695,16329,532,-457,-279,-332,0,0
7988801446,5.612,165.249,994.361,4515.000,-3998.750,-2441.250,23.703,92,2709,16301,516,-457,-279,-332,0,0
7988810853,4.270,162.870,987.590,4558.750,-3867.500,-2441.250,23.691,70,2670,16190,521,-442,-279,-335,0,0
7988820266,5.368,165.188,992.226,4725.000,-3946.250,-2450.000,23.691,88,2708,16266,540,-451,-280,-335,0,0
7988829672,5.185,164.944,993.507,4655.000,-3998.750,-2450.000,23.680,85,2704,16287,532,-457,-280,-338,0,0
7988839080,6.588,165.432,992.043,4681.250,-3972.500,-2485.000,23.680,108,2712,16263,535,-454,-284,-338,0,0
7988848493,6.039,164.212,991.982,4672.500,-3946.250,-2493.750,23.672,99,2692,16262,534,-451,-285,-340,0,0
7988857899,4.087,164.395,991.311,4777.500,-3955.000,-2502.500,23.672,67,2695,16251,546,-452,-286,-340,0,0
7988867314,3.721,164.029,992.775,4803.750,-4016.250,-2502.500,23.723,61,2689,16275,549,-459,-286,-327,0,0
7988876719,4.087,164.517,989.542,4707.500,-3990.000,-2441.250,23.723,67,2697,16222,538,-456,-279,-327,0,0
7988886126,3.843,163.785,988.993,4646.250,-4016.250,-2467.500,23.680,63,2685,16213,531,-459,-282,-338,0,0
7988895541,5.063,163.541,991.128,4786.250,-3998.750,-2528.750,23.680,83,2681,16248,547,-457,-289,-338,0,0
7988904946,4.941,164.151,991.616,4760.000,-3990.000,-2458.750,23.684,81,2691,16256,544,-456,-281,-337,0,0
7988914360,5.124,163.968,990.396,4803.750,-4025.000,-2441.250,23.684,84,2688,16236,549,-460,-279,-337,0,0
7988923767,5.063,166.469,992.836,4803.750,-4086.250,-2458.750,23.734,83,2729,16276,549,-467,-281,-324,0,0
7988933174,5.185,165.554,992.165,4795.000,-4042.500,-2476.250,23.734,85,2714,16265,548,-462,-283,-324,0,0
7988942587,4.209,165.920,993.263,4690.000,-4042.500,-2467.500,23.668,69,2720,16283,536,-462,-282,-341,0,0
7988951993,4.392,165.127,991.067,4707.500,-3981.250,-2467.500,23.668,72,2707,16247,538,-455,-282,-341,0,0
7988961401,4.880,164.456,991.067,4716.250,-3946.250,-2458.750,23.672,80,2696,16247,539,-451,-281,-340,0,0
7988970814,3.599,165.493,991.860,4803.750,-3946.250,-2450.000,23.672,59,2713,16260,549,-451,-280,-340,0,0
7988980222,4.148,162.931,991.555,4733.750,-3955.000,-2450.000,23.707,68,2671,16255,541,-452,-280,-331,0,0
7988989628,4.575,163.236,990.640,4751.250,-4025.000,-2458.750,23.707,75,2676,16240,543,-460,-281,-331,0,0
7988999044,4.148,162.626,989.359,4690.000,-4033.750,-2467.500,23.672,68,2666,16219,536,-461,-282,-340,0,0
7989008450,6.893,163.541,993.568,4795.000,-3963.750,-2450.000,23.672,113,2681,16288,548,-453,-280,-340,0,0
7989017862,5.978,164.578,993.446,4725.000,-3998.750,-2458.750,23.672,98,2698,16286,540,-457,-281,-340,0,0
7989027271,5.185,166.347,991.128,4602.500,-4033.750,-2467.500,23.672,85,2727,16248,526,-461,-282,-340,0,0
7989036677,5.124,164.761,991.128,4751.250,-4016.250,-2450.000,23.672,84,2701,16248,543,-459,-280,-340,0,0
7989046089,4.331,165.432,991.433,4742.500,-4007.500,-2485.000,23.672,71,2712,16253,542,-458,-284,-340,0,0
7989055497,4.819,165.310,993.385,4672.500,-4007.500,-2458.750,23.668,79,2710,16285,534,-458,-281,-341,0,0
7989064903,4.575,164.883,991.372,4698.750,-3955.000,-2441.250,23.668,75,2703,16252,537,-452,-279,-341,0,0
7989074316,4.514,163.663,992.592,4681.250,-4051.250,-2458.750,23.691,74,2683,16272,535,-463,-281,-335,0,0
7989083727,4.392,163.297,990.945,4672.500,-3998.750,-2432.500,23.691,72,2677,16245,534,-457,-278,-335,0,0
7989093132,3.538,163.053,991.189,4733.750,-3990.000,-2450.000,23.699,58,2673,16249,541,-456,-280,-333,0,0
7989102546,5.185,162.870,991.189,4803.750,-4007.500,-2476.250,23.699,85,2670,16249,549,-458,-283,-333,0,0
7989111953,5.063,164.212,992.348,4707.500,-4060.000,-2450.000,23.684,83,2692,16268,538,-464,-280,-337,0,0
7989121365,5.124,165.493,993.080,4611.250,-4025.000,-2476.250,23.684,84,2713,16280,527,-460,-283,-337,0,0
7989130773,5.063,165.737,992.653,4786.250,-4025.000,-2485.000,23.738,83,2717,16273,547,-460,-284,-323,0,0
7989140180,4.941,166.286,994.178,4707.500,-4007.500,-2476.250,23.738,81,2726,16298,538,-458,-283,-323,0,0
7989149593,5.002,166.164,991.128,4725.000,-4016.250,-2476.250,23.707,82,2724,16248,540,-459,-283,-331,0,0
7989159000,4.453,165.493,992.104,4716.250,-3990.000,-2476.250,23.707,73,2713,16264,539,-456,-283,-331,0,0
7989168407,4.148,163.724,989.603,4716.250,-4016.250,-2467.500,23.684,68,2684,16223,539,-459,-282,-337,0,0
7989177820,4.636,163.907,991.494,4768.750,-4042.500,-2511.250,23.684,76,2687,16254,545,-462,-287,-337,0,0
7989187225,3.782,162.870,992.531,4760.000,-3972.500,-2476.250,23.684,62,2670,16271,544,-454,-283,-337,0,0
7989196633,3.416,163.968,992.409,4812.500,-4007.500,-2450.000,23.684,56,2688,16269,550,-458,-280,-337,0,0
7989206046,5.063,163.480,991.860,4620.000,-4033.750,-2458.750,23.711,83,2680,16260,528,-461,-281,-330,0,0
7989215451,4.941,164.639,992.287,4593.750,-4051.250,-2441.250,23.711,81,2699,16267,525,-463,-279,-330,0,0
7989224865,4.941,166.408,992.897,4830.000,-4042.500,-2458.750,23.652,81,2728,16277,552,-462,-281,-345,0,0
7989234272,5.063,166.896,992.653,4768.750,-4051.250,-2458.750,23.652,83,2736,16273,545,-463,-281,-345,0,0
7989243684,5.734,166.042,992.714,4733.750,-4033.750,-2441.250,23.730,94,2722,16274,541,-461,-279,-325,0,0
7989253088,5.795,165.432,992.043,4742.500,-3972.500,-2458.750,23.730,95,2712,16263,542,-454,-281,-325,0,0
7989262501,5.063,164.700,992.470,4733.750,-3990.000,-2458.750,23.668,83,2700,16270,541,-456,-281,-341,0,0
7989271908,6.039,163.724,993.080,4733.750,-4033.750,-2458.750,23.668,99,2684,16280,541,-461,-281,-341,0,0
7989281322,5.429,162.260,992.043,4751.250,-4016.250,-2493.750,23.660,89,2660,16263,543,-459,-285,-343,0,0
7989290726,4.331,163.297,991.738,4725.000,-4025.000,-2485.000,23.660,71,2677,16258,540,-460,-284,-343,0,0
7989300138,3.904,163.053,991.311,4690.000,-3981.250,-2450.000,23.691,64,2673,16251,536,-455,-280,-335,0,0
7989309551,4.636,164.395,990.457,4821.250,-4033.750,-2450.000,23.691,76,2695,16237,551,-461,-280,-335,0,0
7989318959,5.490,165.371,992.226,4742.500,-3955.000,-2450.000,23.703,90,2711,16266,542,-452,-280,-332,0,0
7989328364,4.697,165.798,992.104,4707.500,-3981.250,-2432.500,23.703,77,2718,16264,538,-455,-278,-332,0,0
7989337777,4.636,167.201,993.446,4681.250,-4025.000,-2467.500,23.684,76,2741,16286,535,-460,-282,-337,0,0
7989347187,5.368,166.164,992.287,4707.500,-4077.500,-2450.000,23.684,88,2724,16267,538,-466,-280,-337,0,0
7989356592,4.697,164.761,992.043,4803.750,-4042.500,-2502.500,23.719,77,2701,16263,549,-462,-286,-328,0,0
7989366000,4.575,164.456,992.104,4733.750,-4007.500,-2467.500,23.719,75,2696,16264,541,-458,-282,-328,0,0
7989375414,4.880,163.541,991.616,4760.000,-4025.000,-2458.750,23.680,80,2681,16256,544,-460,-281,-338,0,0
7989384819,5.429,163.785,991.982,4786.250,-4042.500,-2485.000,23.680,89,2685,16262,547,-462,-284,-338,0,0
7989394232,4.026,165.249,992.653,4742.500,-4025.000,-2467.500,23.668,66,2709,16273,542,-460,-282,-341,0,0
7989403640,4.941,163.968,992.165,4768.750,-4016.250,-2476.250,23.668,81,2688,16265,545,-459,-283,-341,0,0
7989413052,5.185,164.151,990.701,4681.250,-4042.500,-2467.500,23.703,85,2691,16241,535,-462,-282,-332,0,0
7989422457,4.514,164.944,990.701,4777.500,-4060.000,-2441.250,23.703,74,2704,16241,546,-464,-279,-332,0,0
7989431869,5.795,165.127,991.677,4725.000,-4007.500,-2423.750,23.668,95,2707,16257,540,-458,-277,-341,0,0
7989441275,5.307,165.798,992.653,4663.750,-4051.250,-2458.750,23.668,87,2718,16273,533,-463,-281,-341,0,0
7989450689,5.368,165.005,991.067,4690.000,-4007.500,-2467.500,23.719,88,2705,16247,536,-458,-282,-328,0,0
7989460095,6.771,164.334,991.799,4733.750,-4025.000,-2476.250,23.719,111,2694,16259,541,-460,-283,-328,0,0
7989469506,4.758,164.639,992.287,4733.750,-4007.500,-2450.000,23.691,78,2699,16267,541,-458,-280,-335,0,0
7989478918,4.636,163.724,991.372,4742.500,-4060.000,-2450.000,23.691,76,2684,16252,542,-464,-280,-335,0,0
7989488322,4.209,163.968,991.433,4672.500,-4042.500,-2432.500,23.742,69,2688,16253,534,-462,-278,-322,0,0
7989497733,2.989,164.761,991.982,4690.000,-4095.000,-2458.750,23.742,49,2701,16262,536,-468,-281,-322,0,0
7989507145,3.721,165.798,991.067,4760.000,-3998.750,-2441.250,23.734,61,2718,16247,544,-457,-279,-324,0,0
7989516549,3.660,164.151,991.067,4777.500,-3990.000,-2458.750,23.734,60,2691,16247,546,-456,-281,-324,0,0
7989525960,4.636,165.432,992.165,4830.000,-4033.750,-2423.750,23.684,76,2712,16265,552,-461,-277,-337,0,0
7989535372,4.819,164.883,992.226,4768.750,-3972.500,-2441.250,23.684,79,2703,16266,545,-454,-279,-337,0,0
7989544778,5.002,164.700,992.714,4725.000,-4033.750,-2493.750,23.672,82,2700,16274,540,-461,-285,-340,0,0
7989554192,5.795,165.554,991.128,4795.000,-3998.750,-2450.000,23.672,95,2714,16248,548,-457,-280,-340,0,0
7989563598,5.185,165.371,991.677,4681.250,-4051.250,-2441.250,23.688,85,2711,16257,535,-463,-279,-336,0,0
7989573010,5.246,164.029,990.579,4681.250,-4095.000,-2493.750,23.688,86,2689,16239,535,-468,-285,-336,0,0
7989582415,4.880,164.456,991.128,4847.500,-4077.500,-2485.000,23.664,80,2696,16248,554,-466,-284,-342,0,0
7989591827,4.636,163.724,991.921,4830.000,-4051.250,-2476.250,23.664,76,2684,16261,552,-463,-283,-342,0,0
7989601234,3.355,164.639,993.995,4672.500,-4068.750,-2467.500,23.672,55,2699,16295,534,-465,-282,-340,0,0
7989610647,4.392,164.761,992.836,4655.000,-3998.750,-2450.000,23.672,72,2701,16276,532,-457,-280,-340,0,0
7989620052,4.819,164.944,990.518,4830.000,-4016.250,-2432.500,23.660,79,2704,16238,552,-459,-278,-343,0,0
7989629464,4.819,163.602,990.945,4786.250,-4060.000,-2450.000,23.660,79,2682,16245,547,-464,-280,-343,0,0
7989638875,5.673,164.456,992.531,4768.750,-3990.000,-2450.000,23.672,93,2696,16271,545,-456,-280,-340,0,0
7989648279,4.697,165.066,992.775,4733.750,-4025.000,-2450.000,23.672,77,2706,16275,541,-460,-280,-340,0,0
7989657691,4.819,164.334,993.324,4628.750,-3990.000,-2458.750,23.664,79,2694,16284,529,-456,-281,-342,0,0
7989667102,5.612,165.188,991.738,4663.750,-3981.250,-2450.000,23.664,92,2708,16258,533,-455,-280,-342,0,0
7989676513,5.734,164.212,992.043,4786.250,-3963.750,-2423.750,23.680,94,2692,16263,547,-453,-277,-338,0,0
7989685917,5.185,165.005,992.104,4725.000,-3928.750,-2450.000,23.680,85,2705,16264,540,-449,-280,-338,0,0
7989695329,4.331,163.419,992.287,4803.750,-3998.750,-2476.250,23.676,71,2679,16267,549,-457,-283,-339,0,0
7989704740,3.538,164.822,992.592,4760.000,-4051.250,-2467.500,23.676,58,2702,16272,544,-463,-282,-339,0,0
7989714145,3.965,164.212,992.775,4655.000,-3981.250,-2458.750,23.664,65,2692,16275,532,-455,-281,-342,0,0
7989723556,5.734,164.456,991.250,4663.750,-3981.250,-2441.250,23.664,94,2696,16250,533,-455,-279,-342,0,0
7989732967,5.429,164.151,990.823,4751.250,-3972.500,-2432.500,23.727,89,2691,16243,543,-454,-278,-326,0,0
7989742379,6.283,164.761,992.409,4838.750,-4007.500,-2441.250,23.727,103,2701,16269,553,-458,-279,-326,0,0
7989751785,5.063,164.273,993.141,4698.750,-3990.000,-2450.000,23.680,83,2693,16281,537,-456,-280,-338,0,0
7989761192,4.880,165.493,993.690,4593.750,-3990.000,-2476.250,23.680,80,2713,16290,525,-456,-283,-338,0,0
7989770605,5.490,165.066,992.409,4716.250,-4007.500,-2458.750,23.684,90,2706,16269,539,-458,-281,-337,0,0
7989780010,5.002,164.395,991.006,4681.250,-3963.750,-2502.500,23.684,82,2695,16246,535,-453,-286,-337,0,0
7989789421,4.575,163.846,991.372,4777.500,-4007.500,-2520.000,23.703,75,2686,16252,546,-458,-288,-332,0,0
7989798832,4.209,164.090,991.921,4786.250,-3981.250,-2485.000,23.703,69,2690,16261,547,-455,-284,-332,0,0
7989808244,4.392,164.517,991.677,4742.500,-3990.000,-2458.750,23.703,72,2697,16257,542,-456,-281,-332,0,0
7989817648,4.148,164.761,991.311,4620.000,-3990.000,-2467.500,23.703,68,2701,16251,528,-456,-282,-332,0,0
7989827059,4.148,164.578,991.738,4760.000,-3972.500,-2441.250,23.715,68,2698,16258,544,-454,-279,-329,0,0
7989836471,5.063,165.188,992.470,4628.750,-3981.250,-2432.500,23.715,83,2708,16270,529,-455,-278,-329,0,0
7989845875,5.368,164.822,990.640,4707.500,-4007.500,-2450.000,23.703,88,2702,16240,538,-458,-280,-332,0,0
7989855286,5.795,165.066,991.555,4733.750,-3990.000,-2485.000,23.703,95,2706,16255,541,-456,-284,-332,0,0
7989864699,5.185,163.846,992.287,4707.500,-4042.500,-2467.500,23.688,85,2686,16267,538,-462,-282,-336,0,0
7989874106,4.697,165.005,992.653,4698.750,-3998.750,-2467.500,23.688,77,2705,16273,537,-457,-282,-336,0,0
7989883513,3.477,163.785,990.335,4698.750,-3963.750,-2458.750,23.730,57,2685,16235,537,-453,-281,-325,0,0
7989892924,4.331,164.456,990.274,4882.500,-4016.250,-2450.000,23.730,71,2696,16234,558,-459,-280,-325,0,0
7989902336,4.453,164.761,990.335,4803.750,-4025.000,-2450.000,23.742,73,2701,16235,549,-460,-280,-322,0,0
7989911740,4.697,165.005,993.202,4768.750,-3998.750,-2450.000,23.742,77,2705,16282,545,-457,-280,-322,0,0
7989921151,3.904,163.541,992.043,4768.750,-4033.750,-2476.250,23.695,64,2681,16263,545,-461,-283,-334,0,0
7989930563,5.612,164.029,990.884,4716.250,-4051.250,-2458.750,23.695,92,2689,16244,539,-463,-281,-334,0,0
7989939974,5.612,164.273,992.653,4821.250,-4051.250,-2467.500,23.668,92,2693,16273,551,-463,-282,-341,0,0
7989949378,5.063,164.639,991.067,4847.500,-3946.250,-2458.750,23.668,83,2699,16247,554,-451,-281,-341,0,0
7989958792,4.819,164.151,990.335,4716.250,-4007.500,-2441.250,23.711,79,2691,16235,539,-458,-279,-330,0,0
7989968196,4.575,164.639,992.043,4672.500,-3937.500,-2450.000,23.711,75,2699,16263,534,-450,-280,-330,0,0
7989977608,4.087,165.798,991.921,4593.750,-4007.500,-2441.250,23.738,67,2718,16261,525,-458,-279,-323,0,0
7989987016,4.636,163.968,990.945,4576.250,-4051.250,-2450.000,23.738,76,2688,16245,523,-463,-280,-323,0,0
7989996428,4.270,164.090,991.128,4733.750,-4025.000,-2450.000,23.738,70,2690,16248,541,-460,-280,-323,0,0
7990005832,5.246,164.212,991.250,4725.000,-3972.500,-2415.000,23.738,86,2692,16250,540,-454,-276,-323,0,0
7990015244,5.307,164.761,991.860,4760.000,-4042.500,-2458.750,23.695,87,2701,16260,544,-462,-281,-334,0,0
7990024656,5.612,165.005,991.982,4751.250,-3998.750,-2485.000,23.695,92,2705,16262,543,-457,-284,-334,0,0
7990034064,3.904,164.761,992.409,4681.250,-4033.750,-2458.750,23.707,64,2701,16269,535,-461,-281,-331,0,0
7990043470,5.124,165.066,993.141,4795.000,-4042.500,-2432.500,23.707,84,2706,16281,548,-462,-278,-331,0,0
7990052882,5.551,164.761,992.165,4795.000,-4007.500,-2467.500,23.652,91,2701,16265,548,-458,-282,-345,0,0
7990062294,5.612,163.907,991.311,4786.250,-3955.000,-2458.750,23.652,92,2687,16251,547,-452,-281,-345,0,0
7990071699,4.331,164.029,992.104,4742.500,-4016.250,-2485.000,23.672,71,2689,16264,542,-459,-284,-340,0,0
7990081107,4.697,164.822,990.335,4725.000,-4051.250,-2441.250,23.672,77,2702,16235,540,-463,-279,-340,0,0
7990090520,4.392,163.419,989.603,4742.500,-3963.750,-2450.000,23.668,72,2679,16223,542,-453,-280,-341,0,0
7990099931,5.002,164.822,992.226,4821.250,-4007.500,-2441.250,23.668,82,2702,16266,551,-458,-279,-341,0,0
7990109336,5.246,164.029,992.714,4838.750,-4060.000,-2441.250,23.680,86,2689,16274,553,-464,-279,-338,0,0
7990118749,4.880,163.968,991.250,4847.500,-4060.000,-2467.500,23.680,80,2688,16250,554,-464,-282,-338,0,0
7990128157,5.124,165.127,992.470,4751.250,-4042.500,-2458.750,23.703,84,2707,16270,543,-462,-281,-332,0,0
7990137562,5.673,164.334,991.982,4795.000,-4016.250,-2450.000,23.703,93,2694,16262,548,-459,-280,-332,0,0
7990146974,4.880,164.578,994.300,4681.250,-4016.250,-2432.500,23.695,80,2698,16300,535,-459,-278,-334,0,0
7990156386,5.246,165.310,993.202,4777.500,-3998.750,-2441.250,23.695,86,2710,16282,546,-457,-279,-334,0,0
7990165792,5.734,164.883,990.701,4725.000,-4033.750,-2467.500,23.629,94,2703,16241,540,-461,-282,-351,0,0
7990175199,5.734,164.761,991.128,4611.250,-4016.250,-2485.000,23.629,94,2701,16248,527,-459,-284,-351,0,0
7990184612,4.636,165.249,992.165,4742.500,-4051.250,-2502.500,23.688,76,2709,16265,542,-463,-286,-336,0,0
7990194023,4.392,164.334,992.287,4707.500,-4042.500,-2485.000,23.688,72,2694,16267,538,-462,-284,-336,0,0
7990203429,5.185,163.968,990.945,4742.500,-4033.750,-2493.750,23.641,85,2688,16245,542,-461,-285,-348,0,0
7990212843,5.429,164.456,991.433,4725.000,-4016.250,-2467.500,23.641,89,2696,16253,540,-459,-282,-348,0,0
7990222250,5.246,162.565,993.019,4812.500,-4103.750,-2467.500,23.668,86,2665,16279,550,-469,-282,-341,0,0
7990231656,4.575,164.212,993.751,4795.000,-4086.250,-2441.250,23.668,75,2692,16291,548,-467,-279,-341,0,0
7990241071,4.697,164.700,992.409,4690.000,-4025.000,-2441.250,23.707,77,2700,16269,536,-460,-279,-331,0,0
7990250477,5.002,165.127,992.653,4663.750,-4033.750,-2441.250,23.707,82,2707,16273,533,-461,-279,-331,0,0
7990259889,4.758,165.371,991.738,4838.750,-4077.500,-2441.250,23.715,78,2711,16258,553,-466,-279,-329,0,0
7990269295,5.429,165.432,992.226,4847.500,-4060.000,-2432.500,23.715,89,2712,16266,554,-464,-278,-329,0,0
7990278703,5.917,165.432,992.775,4672.500,-4016.250,-2441.250,23.680,97,2712,16275,534,-459,-279,-338,0,0
7990288115,5.856,164.700,992.592,4690.000,-3981.250,-2441.250,23.680,96,2700,16272,536,-455,-279,-338,0,0
7990297521,4.453,164.151,991.799,4760.000,-4025.000,-2450.000,23.680,73,2691,16259,544,-460,-280,-338,0,0
7990306936,4.758,164.273,992.043,4847.500,-4025.000,-2476.250,23.680,78,2693,16263,554,-460,-283,-338,0,0
7990316342,5.917,165.554,991.982,4803.750,-4042.500,-2493.750,23.668,97,2714,16262,549,-462,-285,-341,0,0
7990325748,4.514,163.724,992.531,4742.500,-4095.000,-2467.500,23.668,74,2684,16271,542,-468,-282,-341,0,0
7990335164,4.697,165.188,993.446,4760.000,-4016.250,-2441.250,23.684,77,2708,16286,544,-459,-279,-337,0,0
7990344569,4.453,162.382,993.141,4681.250,-4033.750,-2458.750,23.684,73,2662,16281,535,-461,-281,-337,0,0
7990353982,5.002,165.554,991.067,4900.000,-3981.250,-2467.500,23.664,82,2714,16247,560,-455,-282,-342,0,0
7990363390,5.002,166.347,992.470,4733.750,-4060.000,-2458.750,23.664,82,2727,16270,541,-464,-281,-342,0,0
7990372796,5.368,165.127,993.263,4733.750,-4095.000,-2441.250,23.680,88,2707,16283,541,-468,-279,-338,0,0
7990382209,5.185,164.639,992.226,4786.250,-4060.000,-2432.500,23.680,85,2699,16266,547,-464,-278,-338,0,0
7990391615,4.697,164.700,991.677,4786.250,-4033.750,-2432.500,23.676,77,2700,16257,547,-461,-278,-339,0,0
7990401028,5.246,164.273,992.653,4786.250,-4033.750,-2458.750,23.676,86,2693,16273,547,-461,-281,-339,0,0
7990410435,5.063,162.260,994.117,4830.000,-4033.750,-2467.500,23.672,83,2660,16297,552,-461,-282,-340,0,0
7990419841,5.063,164.090,993.080,4786.250,-3990.000,-2458.750,23.672,83,2690,16280,547,-456,-281,-340,0,0
7990429255,5.368,163.846,992.104,4847.500,-4042.500,-2458.750,23.680,88,2686,16264,554,-462,-281,-338,0,0
7990438661,4.697,164.883,990.457,4707.500,-3998.750,-2502.500,23.680,77,2703,16237,538,-457,-286,-338,0,0
7990448074,4.514,165.127,993.141,4716.250,-4007.500,-2476.250,23.688,74,2707,16281,539,-458,-283,-336,0,0
7990457483,4.697,165.615,993.385,4873.750,-4042.500,-2458.750,23.688,77,2715,16285,557,-462,-281,-336,0,0
7990466888,5.063,163.968,992.714,4707.500,-4007.500,-2441.250,23.676,83,2688,16274,538,-458,-279,-339,0,0
7990476301,4.819,164.517,992.287,4672.500,-4007.500,-2450.000,23.676,79,2697,16267,534,-458,-280,-339,0,0
7990485707,4.636,164.029,993.019,4803.750,-4033.750,-2458.750,23.684,76,2689,16279,549,-461,-281,-337,0,0
7990495122,4.636,164.334,991.677,4672.500,-4016.250,-2441.250,23.684,76,2694,16257,534,-459,-279,-337,0,0
7990504528,5.307,164.517,992.897,4760.000,-3972.500,-2423.750,23.688,87,2697,16277,544,-454,-277,-336,0,0
7990513940,6.039,164.273,992.470,4681.250,-3998.750,-2476.250,23.688,99,2693,16270,535,-457,-283,-336,0,0
7990523345,4.575,164.456,994.178,4803.750,-4060.000,-2493.750,23.727,75,2696,16298,549,-464,-285,-326,0,0
7990532756,6.405,164.273,992.470,4751.250,-4007.500,-2476.250,23.727,105,2693,16270,543,-458,-283,-326,0,0
7990542164,4.697,163.541,992.775,4698.750,-3937.500,-2432.500,23.656,77,2681,16275,537,-450,-278,-344,0,0
7990551571,4.819,165.737,995.276,4602.500,-3990.000,-2441.250,23.656,79,2717,16316,526,-456,-279,-344,0,0
7990560986,4.758,165.249,992.897,4558.750,-4016.250,-2458.750,23.703,78,2709,16277,521,-459,-281,-332,0,0
7990570393,4.270,164.151,991.067,4620.000,-3998.750,-2432.500,23.703,70,2691,16247,528,-457,-278,-332,0,0
7990579800,5.063,164.273,991.250,4838.750,-3963.750,-2450.000,23.664,83,2693,16250,553,-453,-280,-342,0,0
7990589214,5.307,163.907,992.104,4812.500,-4016.250,-2485.000,23.664,87,2687,16264,550,-459,-284,-342,0,0
7990598620,6.039,165.005,993.507,4751.250,-4007.500,-2511.250,23.727,99,2705,16287,543,-458,-287,-326,0,0
7990608027,4.941,164.029,994.178,4777.500,-4033.750,-2485.000,23.727,81,2689,16298,546,-461,-284,-326,0,0
7990617441,5.063,164.944,990.945,4725.000,-4007.500,-2450.000,23.664,83,2704,16245,540,-458,-280,-342,0,0
7990626847,4.636,163.419,992.043,4628.750,-3998.750,-2450.000,23.664,76,2679,16263,529,-457,-280,-342,0,0
7990636262,5.246,165.615,994.483,4838.750,-4007.500,-2450.000,23.719,86,2715,16303,553,-458,-280,-328,0,0
7990645669,3.843,164.883,990.701,4733.750,-4042.500,-2476.250,23.719,63,2703,16241,541,-462,-283,-328,0,0
7990655078,4.636,164.517,991.189,4690.000,-3972.500,-2485.000,23.668,76,2697,16249,536,-454,-284,-341,0,0
7990664484,4.087,165.554,993.080,4795.000,-3972.500,-2493.750,23.668,67,2714,16280,548,-454,-285,-341,0,0
7990673897,5.673,164.883,992.653,4725.000,-4025.000,-2476.250,23.656,93,2703,16273,540,-460,-283,-344,0,0
7990683305,6.039,164.761,992.836,4742.500,-4007.500,-2467.500,23.656,99,2701,16276,542,-458,-282,-344,0,0
7990692711,6.039,164.212,992.653,4716.250,-4016.250,-2441.250,23.680,99,2692,16273,539,-459,-279,-338,0,0
7990702125,5.185,163.785,992.531,4891.250,-3981.250,-2450.000,23.680,85,2685,16271,559,-455,-280,-338,0,0
7990711532,4.514,163.602,991.860,4716.250,-4016.250,-2485.000,23.680,74,2682,16260,539,-459,-284,-338,0,0
7990720939,3.721,165.615,993.873,4777.500,-3972.500,-2485.000,23.680,61,2715,16293,546,-454,-284,-338,0,0
7990730353,4.270,166.103,996.618,4830.000,-3972.500,-2458.750,23.672,70,2723,16338,552,-454,-281,-340,0,0
7990739760,5.612,164.456,989.664,4786.250,-4016.250,-2467.500,23.672,92,2696,16224,547,-459,-282,-340,0,0
7990749167,3.721,165.127,990.396,4847.500,-4016.250,-2493.750,23.672,61,2707,16236,554,-459,-285,-340,0,0
7990758582,3.721,165.920,996.313,4751.250,-4016.250,-2467.500,23.672,61,2720,16333,543,-459,-282,-340,0,0
7990767988,5.002,164.639,994.605,4716.250,-3990.000,-2467.500,23.688,82,2699,16305,539,-456,-282,-336,0,0
7990777396,5.002,162.260,990.762,4777.500,-4077.500,-2441.250,23.688,82,2660,16242,546,-466,-279,-336,0,0
7990786810,4.392,164.883,991.067,4733.750,-3972.500,-2432.500,23.703,72,2703,16247,541,-454,-278,-332,0,0
7990796216,4.636,163.236,994.361,4777.500,-4025.000,-2467.500,23.703,76,2676,16301,546,-460,-282,-332,0,0
7990805624,4.758,165.432,994.727,4733.750,-3955.000,-2450.000,23.711,78,2712,16307,541,-452,-280,-330,0,0
7990815038,4.758,165.310,992.531,4646.250,-4025.000,-2467.500,23.711,78,2710,16271,531,-460,-282,-330,0,0
7990824446,4.697,165.432,993.202,4838.750,-4077.500,-2493.750,23.676,77,2712,16282,553,-466,-285,-339,0,0
7990833854,5.734,165.371,993.751,4795.000,-4086.250,-2511.250,23.676,94,2711,16291,548,-467,-287,-339,0,0
7990843262,5.551,165.188,992.409,4550.000,-3937.500,-2476.250,23.691,91,2708,16269,520,-450,-283,-335,0,0
7990852669,5.734,163.602,992.287,4637.500,-4007.500,-2476.250,23.691,94,2682,16267,530,-458,-283,-335,0,0
7990862085,5.978,163.968,991.494,4681.250,-4051.250,-2458.750,23.680,98,2688,16254,535,-463,-281,-338,0,0
7990871491,5.551,163.785,992.653,4760.000,-4007.500,-2458.750,23.680,91,2685,16273,544,-458,-281,-338,0,0
7990880899,4.270,162.382,994.544,4803.750,-3928.750,-2441.250,23.695,70,2662,16304,549,-449,-279,-334,0,0
7990890306,5.002,163.663,993.324,4725.000,-3928.750,-2432.500,23.695,82,2683,16284,540,-449,-278,-334,0,0
7990899719,5.612,164.578,992.470,4663.750,-3998.750,-2441.250,23.672,92,2698,16270,533,-457,-279,-340,0,0
7990909128,6.771,165.005,992.531,4698.750,-3990.000,-2493.750,23.672,111,2705,16271,537,-456,-285,-340,0,0
7990918534,4.880,166.347,993.141,4760.000,-4033.750,-2485.000,23.680,80,2727,16281,544,-461,-284,-338,0,0
7990927948,4.331,164.761,993.873,4760.000,-4016.250,-2467.500,23.680,71,2701,16293,544,-459,-282,-338,0,0
7990937356,4.209,165.188,993.080,4891.250,-4033.750,-2485.000,23.660,69,2708,16280,559,-461,-284,-343,0,0
7990946763,4.575,163.541,991.250,4873.750,-4033.750,-2450.000,23.660,75,2681,16250,557,-461,-280,-343,0,0
7990956171,5.368,163.968,990.945,4690.000,-4042.500,-2467.500,23.695,88,2688,16245,536,-462,-282,-334,0,0
7990965584,4.331,163.724,991.311,4690.000,-4033.750,-2467.500,23.695,71,2684,16251,536,-461,-282,-334,0,0
7990974991,4.148,164.456,993.385,4698.750,-4025.000,-2493.750,23.688,68,2696,16285,537,-460,-285,-336,0,0
7990984405,5.429,164.883,992.897,4698.750,-4016.250,-2476.250,23.688,89,2703,16277,537,-459,-283,-336,0,0
7990993812,4.697,165.615,992.836,4786.250,-4077.500,-2458.750,23.699,77,2715,16276,547,-466,-281,-333,0,0
7991003220,4.392,166.164,993.141,4803.750,-4033.750,-2450.000,23.699,72,2724,16281,549,-461,-280,-333,0,0
7991012627,4.880,166.713,992.775,4672.500,-3998.750,-2432.500,23.672,80,2733,16275,534,-457,-278,-340,0,0
7991022041,5.063,166.042,993.385,4707.500,-4042.500,-2458.750,23.672,83,2722,16285,538,-462,-281,-340,0,0
7991031449,5.002,164.090,993.812,4690.000,-3998.750,-2450.000,23.723,82,2690,16292,536,-457,-280,-327,0,0
7991040861,5.246,164.578,992.409,4873.750,-4016.250,-2458.750,23.723,86,2698,16269,557,-459,-281,-327,0,0
7991050269,5.673,165.920,992.897,4663.750,-4042.500,-2450.000,23.699,93,2720,16277,533,-462,-280,-333,0,0
7991059676,5.246,160.186,991.799,4523.750,-4042.500,-2458.750,23.699,86,2626,16259,517,-462,-281,-333,0,0
7991069084,4.087,166.103,993.141,4908.750,-3981.250,-2450.000,23.695,67,2723,16281,561,-455,-280,-334,0,0
7991078498,4.758,161.955,992.775,4567.500,-3963.750,-2467.500,23.695,78,2655,16275,522,-453,-282,-334,0,0
7991087906,4.392,166.103,993.263,4786.250,-3972.500,-2467.500,23.719,72,2723,16283,547,-454,-282,-328,0,0
7991097314,5.307,165.554,992.470,4663.750,-3955.000,-2423.750,23.719,87,2714,16270,533,-452,-277,-328,0,0
7991106721,5.612,166.103,992.470,4882.500,-3981.250,-2415.000,23.727,92,2723,16270,558,-455,-276,-326,0,0
7991116129,6.100,165.249,993.507,4838.750,-3981.250,-2441.250,23.727,100,2709,16287,553,-455,-279,-326,0,0
7991125542,4.697,165.554,993.080,4725.000,-3981.250,-2450.000,23.668,77,2714,16280,540,-455,-280,-341,0,0
7991134949,4.941,163.968,993.934,4690.000,-4033.750,-2493.750,23.668,81,2688,16294,536,-461,-285,-341,0,0
7991144363,5.551,164.029,993.202,4751.250,-4095.000,-2493.750,23.750,91,2689,16282,543,-468,-285,-320,0,0
7991153771,4.941,164.029,991.372,4760.000,-4016.250,-2450.000,23.750,81,2689,16252,544,-459,-280,-320,0,0
7991163178,4.636,164.395,992.165,4707.500,-4033.750,-2476.250,23.703,76,2695,16265,538,-461,-283,-332,0,0
7991172585,4.575,165.005,992.348,4760.000,-4025.000,-2467.500,23.703,75,2705,16268,544,-460,-282,-332,0,0
7991182000,4.819,164.700,992.531,4900.000,-4051.250,-2493.750,23.711,79,2700,16271,560,-463,-285,-330,0,0
7991191406,4.697,164.212,993.385,4830.000,-4025.000,-2476.250,23.711,77,2692,16285,552,-460,-283,-330,0,0
7991200814,4.148,164.639,993.019,4786.250,-4060.000,-2467.500,23.680,68,2699,16279,547,-464,-282,-338,0,0
7991210229,5.063,164.700,993.324,4873.750,-4086.250,-2450.000,23.680,83,2700,16284,557,-467,-280,-338,0,0
7991219636,5.002,165.371,993.324,4716.250,-4060.000,-2467.500,23.676,82,2711,16284,539,-464,-282,-339,0,0
7991229044,5.673,164.700,993.934,4742.500,-4068.750,-2458.750,23.676,93,2700,16294,542,-465,-281,-339,0,0
7991238450,5.551,165.615,992.470,4821.250,-4060.000,-2467.500,23.672,91,2715,16270,551,-464,-282,-340,0,0
7991247863,4.026,164.334,991.921,4672.500,-4042.500,-2493.750,23.672,66,2694,16261,534,-462,-285,-340,0,0
7991257271,5.002,163.968,991.982,4733.750,-3981.250,-2476.250,23.711,82,2688,16262,541,-455,-283,-330,0,0
7991266683,4.453,165.127,992.653,4707.500,-3998.750,-2450.000,23.711,73,2707,16273,538,-457,-280,-330,0,0
7991276090,5.002,163.968,993.141,4777.500,-4068.750,-2467.500,23.684,82,2688,16281,546,-465,-282,-337,0,0
7991285499,4.758,165.249,991.982,4611.250,-4033.750,-2458.750,23.684,78,2709,16262,527,-461,-281,-337,0,0
7991294906,5.734,165.615,991.860,4733.750,-4025.000,-2458.750,23.684,94,2715,16260,541,-460,-281,-337,0,0
7991304320,5.368,165.859,992.897,4795.000,-4033.750,-2458.750,23.684,88,2719,16277,548,-461,-281,-337,0,0
7991313726,5.490,165.493,994.178,4768.750,-4051.250,-2441.250,23.738,90,2713,16298,545,-463,-279,-323,0,0
7991323140,5.734,164.883,993.019,4803.750,-4016.250,-2467.500,23.738,94,2703,16279,549,-459,-282,-323,0,0
7991332548,5.307,164.395,991.433,4646.250,-3998.750,-2467.500,23.691,87,2695,16253,531,-457,-282,-335,0,0
7991341955,5.429,164.212,992.043,4681.250,-3963.750,-2476.250,23.691,89,2692,16263,535,-453,-283,-335,0,0
7991351363,4.636,164.944,993.934,4865.000,-4042.500,-2441.250,23.707,76,2704,16294,556,-462,-279,-331,0,0
7991360771,4.697,163.663,991.128,4733.750,-4016.250,-2441.250,23.707,77,2683,16248,541,-459,-279,-331,0,0
7991370186,4.392,164.761,990.945,4742.500,-3981.250,-2458.750,23.730,72,2701,16245,542,-455,-281,-325,0,0
7991379592,4.880,164.029,993.080,4725.000,-4033.750,-2476.250,23.730,80,2689,16280,540,-461,-283,-325,0,0
7991388998,4.514,165.676,992.348,4786.250,-3990.000,-2458.750,23.699,74,2716,16268,547,-456,-281,-333,0,0
7991398414,5.063,165.798,992.714,4698.750,-3955.000,-2441.250,23.699,83,2718,16274,537,-452,-279,-333,0,0
7991407820,6.100,165.676,993.446,4655.000,-3998.750,-2450.000,23.707,100,2716,16286,532,-457,-280,-331,0,0
7991417226,6.100,165.432,992.897,4672.500,-3990.000,-2415.000,23.707,100,2712,16277,534,-456,-276,-331,0,0
7991426640,5.124,164.456,992.958,4716.250,-4033.750,-2458.750,23.711,84,2696,16278,539,-461,-281,-330,0,0
7991436046,5.368,163.907,990.884,4725.000,-4007.500,-2485.000,23.711,88,2687,16244,540,-458,-284,-330,0,0
7991445454,4.941,164.090,991.799,4716.250,-3990.000,-2476.250,23.672,81,2690,16259,539,-456,-283,-340,0,0
7991454867,3.416,164.273,991.860,4716.250,-3998.750,-2485.000,23.672,56,2693,16260,539,-457,-284,-340,0,0
7991464280,3.233,164.883,993.141,4777.500,-3963.750,-2415.000,23.656,53,2703,16281,546,-453,-276,-344,0,0
7991473687,4.331,163.907,993.202,4672.500,-3990.000,-2450.000,23.656,71,2687,16282,534,-456,-280,-344,0,0
7991483094,4.575,164.578,992.592,4716.250,-4042.500,-2458.750,23.703,75,2698,16272,539,-462,-281,-332,0,0
7991492501,6.161,165.432,992.775,4672.500,-3972.500,-2432.500,23.703,101,2712,16275,534,-454,-278,-332,0,0
7991501915,4.209,165.676,994.361,4707.500,-4033.750,-2458.750,23.652,69,2716,16301,538,-461,-281,-345,0,0
7991511321,5.246,165.859,994.727,4733.750,-3998.750,-2423.750,23.652,86,2719,16307,541,-457,-277,-345,0,0
7991520735,5.856,165.920,994.117,4716.250,-4016.250,-2458.750,23.691,96,2720,16297,539,-459,-281,-335,0,0
7991530143,5.917,165.676,992.592,4628.750,-3928.750,-2458.750,23.691,97,2716,16272,529,-449,-281,-335,0,0
7991539550,5.612,164.151,990.274,4803.750,-3955.000,-2476.250,23.727,92,2691,16234,549,-452,-283,-326,0,0
7991548957,3.782,163.541,991.494,4900.000,-3963.750,-2485.000,23.727,62,2681,16254,560,-453,-284,-326,0,0
7991558371,5.795,164.456,993.141,4786.250,-3955.000,-2450.000,23.719,95,2696,16281,547,-452,-280,-328,0,0
7991567777,4.697,164.151,994.117,4698.750,-3963.750,-2450.000,23.719,77,2691,16297,537,-453,-280,-328,0,0
7991577185,4.514,164.334,990.091,4663.750,-3981.250,-2441.250,23.691,74,2694,16231,533,-455,-279,-335,0,0
7991586598,3.843,164.700,990.396,4698.750,-3963.750,-2458.750,23.691,63,2700,16236,537,-453,-281,-335,0,0
7991596006,5.002,164.456,993.507,4768.750,-4042.500,-2476.250,23.719,82,2696,16287,545,-462,-283,-328,0,0
7991605413,5.856,165.676,993.202,4637.500,-3920.000,-2423.750,23.719,96,2716,16282,530,-448,-277,-328,0,0
7991614825,4.819,166.286,993.751,4707.500,-3972.500,-2423.750,23.715,79,2726,16291,538,-454,-277,-329,0,0
7991624232,6.283,165.432,992.287,4628.750,-3955.000,-2485.000,23.715,103,2712,16267,529,-452,-284,-329,0,0
7991633647,4.697,164.090,993.202,4637.500,-3928.750,-2493.750,23.684,77,2690,16282,530,-449,-285,-337,0,0
7991643053,6.039,163.968,992.104,4620.000,-3981.250,-2493.750,23.684,99,2688,16264,528,-455,-285,-337,0,0
7991652461,5.124,164.090,991.799,4760.000,-3963.750,-2458.750,23.684,84,2690,16259,544,-453,-281,-337,0,0
7991661875,3.965,163.785,992.531,4707.500,-4033.750,-2458.750,23.684,65,2685,16271,538,-461,-281,-337,0,0
7991671281,3.355,164.090,991.189,4707.500,-4033.750,-2467.500,23.688,55,2690,16249,538,-461,-282,-336,0,0
7991680688,5.795,163.968,990.030,4690.000,-3998.750,-2467.500,23.688,95,2688,16230,536,-457,-282,-336,0,0
7991690102,5.490,163.846,992.104,4768.750,-4007.500,-2450.000,23.707,90,2686,16264,545,-458,-280,-331,0,0
7991699506,4.209,165.005,993.507,4733.750,-4060.000,-2450.000,23.707,69,2705,16287,541,-464,-280,-331,0,0
7991708919,4.941,165.371,993.812,4803.750,-4112.500,-2450.000,23.695,81,2711,16292,549,-470,-280,-334,0,0
7991718326,5.185,166.347,993.446,4742.500,-4051.250,-2441.250,23.695,85,2727,16286,542,-463,-279,-334,0,0
7991727739,6.405,166.164,994.117,4707.500,-4042.500,-2467.500,23.684,105,2724,16297,538,-462,-282,-337,0,0
7991737147,5.490,165.798,993.812,4777.500,-4042.500,-2450.000,23.684,90,2718,16292,546,-462,-280,-337,0,0
7991746555,5.185,164.883,992.775,4707.500,-3990.000,-2458.750,23.719,85,2703,16275,538,-456,-281,-328,0,0
7991755961,5.368,164.578,991.860,4803.750,-4068.750,-2493.750,23.719,88,2698,16260,549,-465,-285,-328,0,0
7991765375,4.026,163.785,991.433,4725.000,-4025.000,-2458.750,23.719,66,2685,16253,540,-460,-281,-328,0,0
7991774782,4.514,162.992,992.897,4681.250,-3998.750,-2458.750,23.719,74,2672,16277,535,-457,-281,-328,0,0
7991784189,4.880,163.846,993.507,4716.250,-3972.500,-2450.000,23.695,80,2686,16287,539,-454,-280,-334,0,0
7991793604,4.819,164.212,992.409,4751.250,-4042.500,-2450.000,23.695,79,2692,16269,543,-462,-280,-334,0,0
7991803011,5.673,165.371,991.677,4733.750,-4068.750,-2476.250,23.703,93,2711,16257,541,-465,-283,-332,0,0
7991812419,6.222,166.408,992.836,4716.250,-3963.750,-2450.000,23.703,102,2728,16276,539,-453,-280,-332,0,0
7991821832,5.124,165.432,995.215,4760.000,-4051.250,-2476.250,23.742,84,2712,16315,544,-463,-283,-322,0,0
7991831239,5.795,165.859,993.141,4821.250,-4068.750,-2485.000,23.742,95,2719,16281,551,-465,-284,-322,0,0
7991840646,4.758,162.565,991.982,4733.750,-4060.000,-2502.500,23.699,78,2665,16262,541,-464,-286,-333,0,0
7991850060,5.429,166.164,993.385,4856.250,-3963.750,-2458.750,23.699,89,2724,16285,555,-453,-281,-333,0,0
7991859468,5.063,165.798,992.897,4725.000,-4042.500,-2458.750,23.688,83,2718,16277,540,-462,-281,-336,0,0
7991868874,4.514,160.857,993.385,4602.500,-4060.000,-2423.750,23.688,74,2637,16285,526,-464,-277,-336,0,0
7991878288,3.721,166.164,992.043,4830.000,-3998.750,-2441.250,23.691,61,2724,16263,552,-457,-279,-335,0,0
7991887695,5.002,163.236,993.080,4698.750,-3998.750,-2458.750,23.691,82,2676,16280,537,-457,-281,-335,0,0
7991897101,4.270,166.347,992.592,4751.250,-4007.500,-2450.000,23.727,70,2727,16272,543,-458,-280,-326,0,0
7991906513,5.124,164.029,991.677,4681.250,-4016.250,-2441.250,23.727,84,2689,16257,535,-459,-279,-326,0,0
7991915925,4.880,166.164,992.043,4760.000,-4007.500,-2432.500,23.750,80,2724,16263,544,-458,-278,-320,0,0
7991925333,5.490,165.554,993.385,4725.000,-4007.500,-2476.250,23.750,90,2714,16285,540,-458,-283,-320,0,0
7991934739,5.795,165.615,993.812,4768.750,-4016.250,-2476.250,23.672,95,2715,16292,545,-459,-283,-340,0,0
7991944154,4.209,164.761,992.714,4646.250,-3928.750,-2511.250,23.672,69,2701,16274,531,-449,-287,-340,0,0
7991953561,4.575,163.846,991.433,4663.750,-4033.750,-2476.250,23.727,75,2686,16253,533,-461,-283,-326,0,0
7991962968,5.490,162.870,990.091,4777.500,-4068.750,-2458.750,23.727,90,2670,16231,546,-465,-281,-326,0,0
7991972376,5.307,165.005,991.372,4646.250,-4007.500,-2467.500,23.723,87,2705,16252,531,-458,-282,-327,0,0
7991981790,4.148,164.334,994.117,4655.000,-3920.000,-2467.500,23.723,68,2694,16297,532,-448,-282,-327,0,0
7991991196,4.209,165.554,994.117,4725.000,-4033.750,-2432.500,23.727,69,2714,16297,540,-461,-278,-326,0,0
7992000604,4.392,165.676,991.921,4725.000,-4025.000,-2432.500,23.727,72,2716,16261,540,-460,-278,-326,0,0
7992010017,4.880,165.676,992.165,4733.750,-4033.750,-2467.500,23.691,80,2716,16265,541,-461,-282,-335,0,0
7992019423,5.734,165.249,993.568,4795.000,-4033.750,-2450.000,23.691,94,2709,16288,548,-461,-280,-335,0,0
7992028837,5.490,164.639,993.934,4716.250,-3998.750,-2485.000,23.680,90,2699,16294,539,-457,-284,-338,0,0
7992038243,4.331,164.822,992.409,4768.750,-4025.000,-2476.250,23.680,71,2702,16269,545,-460,-283,-338,0,0
7992047650,4.148,166.896,992.714,4795.000,-3998.750,-2467.500,23.703,68,2736,16274,548,-457,-282,-332,0,0
7992057063,4.270,163.602,992.226,4742.500,-4007.500,-2476.250,23.703,70,2682,16266,542,-458,-283,-332,0,0
7992066470,4.270,163.480,991.067,4716.250,-3981.250,-2458.750,23.699,70,2680,16247,539,-455,-281,-333,0,0
7992075884,3.965,164.029,991.555,4637.500,-4007.500,-2432.500,23.699,65,2689,16255,530,-458,-278,-333,0,0
7992085292,5.734,164.822,991.555,4637.500,-4060.000,-2458.750,23.695,94,2702,16255,530,-464,-281,-334,0,0
7992094697,4.331,165.432,992.043,4698.750,-3998.750,-2476.250,23.695,71,2712,16263,537,-457,-283,-334,0,0
7992104111,5.490,165.005,991.372,4672.500,-3946.250,-2458.750,23.672,90,2705,16252,534,-451,-281,-340,0,0
7992113519,4.819,164.639,990.701,4733.750,-3990.000,-2485.000,23.672,79,2699,16241,541,-456,-284,-340,0,0
7992122925,6.405,165.493,990.945,4602.500,-3998.750,-2467.500,23.719,105,2713,16245,526,-457,-282,-328,0,0
7992132339,5.185,164.517,991.128,4698.750,-4025.000,-2485.000,23.719,85,2697,16248,537,-460,-284,-328,0,0
7992141746,4.819,164.212,990.030,4716.250,-3955.000,-2476.250,23.680,79,2692,16230,539,-452,-283,-338,0,0
7992151153,3.416,164.578,989.969,4768.750,-3981.250,-2467.500,23.680,56,2698,16229,545,-455,-282,-338,0,0
7992160561,4.453,164.212,988.749,4707.500,-3998.750,-2467.500,23.668,73,2692,16209,538,-457,-282,-341,0,0
7992169976,5.795,164.639,989.969,4681.250,-4007.500,-2467.500,23.668,95,2699,16229,535,-458,-282,-341,0,0
7992179382,4.697,164.761,990.396,4768.750,-4051.250,-2476.250,23.699,77,2701,16236,545,-463,-283,-333,0,0
7992188789,5.795,164.761,990.762,4681.250,-4025.000,-2458.750,23.699,95,2701,16242,535,-460,-281,-333,0,0
7992198203,4.148,165.188,990.640,4760.000,-4025.000,-2441.250,23.695,68,2708,16240,544,-460,-279,-334,0,0
7992207611,5.734,165.920,990.213,4812.500,-4007.500,-2467.500,23.695,94,2720,16233,550,-458,-282,-334,0,0
7992217018,6.893,165.127,989.176,4786.250,-3902.500,-2467.500,23.711,113,2707,16216,547,-446,-282,-330,0,0
7992226432,5.978,165.676,989.847,4646.250,-3972.500,-2476.250,23.711,98,2716,16227,531,-454,-283,-330,0,0
7992235838,4.819,165.310,989.481,4760.000,-4016.250,-2502.500,23.715,79,2710,16221,544,-459,-286,-329,0,0
7992245246,4.514,164.273,990.762,4707.500,-3946.250,-2485.000,23.715,74,2693,16242,538,-451,-284,-329,0,0
7992254661,4.758,163.968,991.189,4585.000,-3981.250,-2467.500,23.719,78,2688,16249,524,-455,-282,-328,0,0
7992264069,4.941,163.724,989.115,4628.750,-4033.750,-2476.250,23.719,81,2684,16215,529,-461,-283,-328,0,0
7992273476,5.429,164.456,989.237,4733.750,-4007.500,-2450.000,23.688,89,2696,16217,541,-458,-280,-336,0,0
7992282888,5.002,164.700,990.213,4812.500,-3928.750,-2432.500,23.688,82,2700,16233,550,-449,-278,-336,0,0
7992292296,4.087,165.554,991.311,4725.000,-3972.500,-2485.000,23.695,67,2714,16251,540,-454,-284,-334,0,0
7992301703,4.331,164.944,990.213,4733.750,-3998.750,-2450.000,23.695,71,2704,16233,541,-457,-280,-334,0,0
7992311111,4.392,165.615,990.030,4725.000,-4016.250,-2467.500,23.699,72,2715,16230,540,-459,-282,-333,0,0
7992320526,5.246,165.432,990.213,4733.750,-3998.750,-2467.500,23.699,86,2712,16233,541,-457,-282,-333,0,0
7992329932,4.941,164.334,990.457,4698.750,-3946.250,-2450.000,23.656,81,2694,16237,537,-451,-280,-344,0,0
7992339339,5.307,164.212,989.603,4698.750,-3981.250,-2450.000,23.656,87,2692,16223,537,-455,-280,-344,0,0
7992348753,4.453,164.212,990.152,4768.750,-4007.500,-2441.250,23.680,73,2692,16232,545,-458,-279,-338,0,0
7992358160,4.697,164.761,990.396,4742.500,-4025.000,-2467.500,23.680,77,2701,16236,542,-460,-282,-338,0,0
7992367568,5.246,164.700,989.969,4812.500,-4016.250,-2485.000,23.656,86,2700,16229,550,-459,-284,-344,0,0
7992376975,6.222,163.297,988.871,4725.000,-4016.250,-2485.000,23.656,102,2677,16211,540,-459,-284,-344,0,0
7992386389,6.893,165.066,990.823,4637.500,-3998.750,-2485.000,23.727,113,2706,16243,530,-457,-284,-326,0,0
7992395795,4.758,165.066,991.555,4707.500,-4033.750,-2476.250,23.727,78,2706,16255,538,-461,-283,-326,0,0
7992405203,4.575,164.944,991.555,4646.250,-3972.500,-2432.500,23.656,75,2704,16255,531,-454,-278,-344,0,0
7992414618,5.124,165.676,991.128,4672.500,-3990.000,-2476.250,23.656,84,2716,16248,534,-456,-283,-344,0,0
7992424025,5.063,165.005,989.176,4760.000,-3972.500,-2450.000,23.672,83,2705,16216,544,-454,-280,-340,0,0
7992433431,5.551,164.578,991.738,4751.250,-3963.750,-2441.250,23.672,91,2698,16258,543,-453,-279,-340,0,0
7992442845,4.026,164.761,991.555,4751.250,-4033.750,-2458.750,23.668,66,2701,16255,543,-461,-281,-341,0,0
7992452253,5.124,164.578,990.823,4777.500,-4042.500,-2493.750,23.668,84,2698,16243,546,-462,-285,-341,0,0
7992461661,6.039,164.639,992.470,4690.000,-3963.750,-2476.250,23.688,99,2699,16270,536,-453,-283,-336,0,0
7992471068,5.063,164.395,992.348,4707.500,-3963.750,-2485.000,23.688,83,2695,16268,538,-453,-284,-336,0,0
7992480482,4.636,164.639,991.189,4672.500,-4007.500,-2450.000,23.684,76,2699,16249,534,-458,-280,-337,0,0
7992489888,5.429,163.968,991.006,4751.250,-4016.250,-2467.500,23.684,89,2688,16246,543,-459,-282,-337,0,0
7992499296,4.941,164.578,991.921,4803.750,-4033.750,-2458.750,23.719,81,2698,16261,549,-461,-281,-328,0,0
7992508710,4.575,164.639,990.884,4768.750,-3981.250,-2467.500,23.719,75,2699,16244,545,-455,-282,-328,0,0
7992518118,5.246,164.883,990.335,4698.750,-4016.250,-2485.000,23.688,86,2703,16235,537,-459,-284,-336,0,0
7992527525,5.429,165.066,992.897,4681.250,-4025.000,-2458.750,23.688,89,2706,16277,535,-460,-281,-336,0,0
7992536939,5.856,164.334,990.945,4777.500,-3972.500,-2441.250,23.688,96,2694,16245,546,-454,-279,-336,0,0
7992546346,4.148,164.883,991.128,4803.750,-4025.000,-2450.000,23.688,68,2703,16248,549,-460,-280,-336,0,0
7992555752,4.575,165.066,990.884,4733.750,-4033.750,-2467.500,23.703,75,2706,16244,541,-461,-282,-332,0,0
7992565168,4.453,165.920,991.799,4786.250,-3990.000,-2450.000,23.703,73,2720,16259,547,-456,-280,-332,0,0
7992574575,4.331,165.676,991.494,4716.250,-4033.750,-2458.750,23.680,71,2716,16254,539,-461,-281,-338,0,0
7992583982,5.246,164.578,990.152,4795.000,-4042.500,-2458.750,23.680,86,2698,16232,548,-462,-281,-338,0,0
7992593390,5.734,164.456,992.287,4681.250,-4051.250,-2432.500,23.688,94,2696,16267,535,-463,-278,-336,0,0
7992602804,5.612,164.334,991.067,4698.750,-4033.750,-2485.000,23.688,92,2694,16247,537,-461,-284,-336,0,0
7992612212,4.453,164.456,991.189,4786.250,-3972.500,-2485.000,23.680,73,2696,16249,547,-454,-284,-338,0,0
7992621618,5.368,164.578,991.616,4786.250,-4016.250,-2485.000,23.680,88,2698,16256,547,-459,-284,-338,0,0
7992631032,4.270,164.517,992.348,4786.250,-4016.250,-2476.250,23.695,70,2697,16268,547,-459,-283,-334,0,0
7992640439,4.941,165.005,991.799,4655.000,-4033.750,-2441.250,23.695,81,2705,16259,532,-461,-279,-334,0,0
7992649845,4.758,164.029,992.165,4646.250,-4025.000,-2476.250,23.641,78,2689,16265,531,-460,-283,-348,0,0
7992659260,5.490,165.188,990.945,4672.500,-4016.250,-2502.500,23.641,90,2708,16245,534,-459,-286,-348,0,0
7992668667,4.575,165.432,993.141,4725.000,-4042.500,-2467.500,23.676,75,2712,16281,540,-462,-282,-339,0,0
7992678075,4.514,165.188,992.897,4558.750,-4068.750,-2485.000,23.676,74,2708,16277,521,-465,-284,-339,0,0
7992687482,5.551,164.456,991.189,4628.750,-4033.750,-2441.250,23.672,91,2696,16249,529,-461,-279,-340,0,0
7992696896,5.124,164.639,991.860,4725.000,-3990.000,-2441.250,23.672,84,2699,16260,540,-456,-279,-340,0,0
7992706304,6.222,163.419,992.226,4768.750,-4007.500,-2467.500,23.695,102,2679,16266,545,-458,-282,-334,0,0
7992715716,5.551,164.456,992.653,4725.000,-4016.250,-2450.000,23.695,91,2696,16273,540,-459,-280,-334,0,0
7992725122,4.209,164.761,992.836,4646.250,-4033.750,-2450.000,23.672,69,2701,16276,531,-461,-280,-340,0,0
7992734530,5.368,164.639,991.677,4690.000,-4042.500,-2458.750,23.672,88,2699,16257,536,-462,-281,-340,0,0
7992743943,5.368,163.480,991.494,4768.750,-3990.000,-2458.750,23.703,88,2680,16254,545,-456,-281,-332,0,0
7992753349,6.222,164.090,991.006,4795.000,-4051.250,-2450.000,23.703,102,2690,16246,548,-463,-280,-332,0,0
7992762763,5.124,165.005,992.653,4707.500,-4016.250,-2467.500,23.699,84,2705,16273,538,-459,-282,-333,0,0
7992772170,4.697,163.907,992.409,4760.000,-3981.250,-2458.750,23.699,77,2687,16269,544,-455,-281,-333,0,0
7992781577,5.185,165.127,991.677,4716.250,-4016.250,-2450.000,23.691,85,2707,16257,539,-459,-280,-335,0,0
7992790984,4.331,165.005,991.433,4751.250,-3998.750,-2458.750,23.691,71,2705,16253,543,-457,-281,-335,0,0
7992800399,4.880,164.212,990.152,4777.500,-4007.500,-2432.500,23.652,80,2692,16232,546,-458,-278,-345,0,0
7992809806,5.978,164.334,991.921,4681.250,-4033.750,-2458.750,23.652,98,2694,16261,535,-461,-281,-345,0,0
7992819213,4.514,165.676,991.067,4707.500,-4033.750,-2450.000,23.648,74,2716,16247,538,-461,-280,-346,0,0
7992828622,5.307,164.700,991.799,4777.500,-3981.250,-2441.250,23.648,87,2700,16259,546,-455,-279,-346,0,0
7992838034,4.636,165.310,992.592,4690.000,-4025.000,-2458.750,23.676,76,2710,16272,536,-460,-281,-339,0,0
7992847441,5.429,164.883,991.067,4637.500,-3990.000,-2441.250,23.676,89,2703,16247,530,-456,-279,-339,0,0
7992856855,5.429,165.493,990.701,4663.750,-3972.500,-2467.500,23.668,89,2713,16241,533,-454,-282,-341,0,0
7992866262,5.429,164.456,991.311,4646.250,-3981.250,-2441.250,23.668,89,2696,16251,531,-455,-279,-341,0,0
7992875669,4.880,164.395,992.531,4725.000,-4025.000,-2423.750,23.668,80,2695,16271,540,-460,-277,-341,0,0
7992885084,4.697,164.761,992.287,4733.750,-4033.750,-2467.500,23.668,77,2701,16267,541,-461,-282,-341,0,0
7992894490,4.514,165.371,992.226,4646.250,-4033.750,-2493.750,23.684,74,2711,16266,531,-461,-285,-337,0,0
7992903897,6.100,164.578,990.518,4637.500,-3981.250,-2493.750,23.684,100,2698,16238,530,-455,-285,-337,0,0
7992913311,4.880,164.639,991.128,4716.250,-3963.750,-2476.250,23.668,80,2699,16248,539,-453,-283,-341,0,0
7992922715,5.063,164.395,990.701,4733.750,-3981.250,-2450.000,23.668,83,2695,16241,541,-455,-280,-341,0,0
7992932127,5.124,164.761,992.104,4742.500,-3963.750,-2432.500,23.695,84,2701,16264,542,-453,-278,-334,0,0
7992941536,4.209,165.371,993.751,4768.750,-4007.500,-2467.500,23.695,69,2711,16291,545,-458,-282,-334,0,0
7992950942,4.514,165.005,990.152,4812.500,-4051.250,-2502.500,23.707,74,2705,16232,550,-463,-286,-331,0,0
7992960355,5.124,164.761,990.274,4690.000,-4086.250,-2476.250,23.707,84,2701,16234,536,-467,-283,-331,0,0
7992969763,5.856,165.005,992.104,4725.000,-4007.500,-2493.750,23.684,96,2705,16264,540,-458,-285,-337,0,0
7992979176,4.331,165.737,991.982,4690.000,-3981.250,-2441.250,23.684,71,2717,16262,536,-455,-279,-337,0,0
7992988582,4.941,164.151,990.884,4768.750,-3946.250,-2423.750,23.707,81,2691,16244,545,-451,-277,-331,0,0
7992997989,4.575,164.822,991.616,4733.750,-4016.250,-2493.750,23.707,75,2702,16256,541,-459,-285,-331,0,0
7993007403,4.819,165.066,991.067,4751.250,-4007.500,-2502.500,23.699,79,2706,16247,543,-458,-286,-333,0,0
7993016809,4.331,164.883,990.213,4751.250,-4051.250,-2476.250,23.699,71,2703,16233,543,-463,-283,-333,0,0
7993026217,4.453,163.968,992.287,4751.250,-4095.000,-2450.000,23.656,73,2688,16267,543,-468,-280,-344,0,0
7993035629,4.392,165.310,991.921,4768.750,-4033.750,-2450.000,23.656,72,2710,16261,545,-461,-280,-344,0,0
7993045041,4.514,165.737,991.067,4777.500,-4051.250,-2458.750,23.719,74,2717,16247,546,-463,-281,-328,0,0
7993054448,5.429,164.578,991.250,4698.750,-4033.750,-2441.250,23.719,89,2698,16250,537,-461,-279,-328,0,0
7993063855,5.063,165.188,990.823,4576.250,-3937.500,-2432.500,23.707,83,2708,16243,523,-450,-278,-331,0,0
7993073269,5.246,165.066,990.945,4427.500,-3963.750,-2458.750,23.707,86,2706,16245,506,-453,-281,-331,0,0
7993082677,4.575,164.517,991.372,4751.250,-4016.250,-2458.750,23.680,75,2697,16252,543,-459,-281,-338,0,0
7993092084,4.819,165.432,991.311,4733.750,-3990.000,-2467.500,23.680,79,2712,16251,541,-456,-282,-338,0,0
7993101497,4.514,164.151,991.677,4795.000,-3990.000,-2441.250,23.688,74,2691,16257,548,-456,-279,-336,0,0
7993110904,5.002,164.639,990.518,4856.250,-4016.250,-2458.750,23.688,82,2699,16238,555,-459,-281,-336,0,0
7993120310,4.941,163.968,989.664,4812.500,-4060.000,-2476.250,23.699,81,2688,16224,550,-464,-283,-333,0,0
7993129722,5.368,165.005,990.030,4751.250,-4068.750,-2450.000,23.699,88,2705,16230,543,-465,-280,-333,0,0
7993139134,4.819,166.103,991.311,4733.750,-4042.500,-2450.000,23.691,79,2723,16251,541,-462,-280,-335,0,0
7993148542,5.307,165.005,990.945,4847.500,-4095.000,-2485.000,23.691,87,2705,16245,554,-468,-284,-335,0,0
7993157948,5.429,164.761,990.762,4803.750,-3972.500,-2458.750,23.699,89,2701,16242,549,-454,-281,-333,0,0
7993167360,5.429,165.310,990.762,4751.250,-4033.750,-2441.250,23.699,89,2710,16242,543,-461,-279,-333,0,0
7993176768,4.880,164.822,990.274,4847.500,-3998.750,-2476.250,23.676,80,2702,16234,554,-457,-283,-339,0,0
7993186175,5.551,163.785,991.433,4751.250,-4016.250,-2467.500,23.676,91,2685,16253,543,-459,-282,-339,0,0
7993195587,4.453,163.785,991.860,4681.250,-4033.750,-2476.250,23.688,73,2685,16260,535,-461,-283,-336,0,0
7993204993,5.368,165.188,991.433,4716.250,-4086.250,-2485.000,23.688,88,2708,16253,539,-467,-284,-336,0,0
7993214409,5.612,164.700,990.762,4698.750,-4033.750,-2467.500,23.680,92,2700,16242,537,-461,-282,-338,0,0
7993223814,5.551,165.310,990.701,4716.250,-4025.000,-2441.250,23.680,91,2710,16241,539,-460,-279,-338,0,0
7993233226,4.392,164.700,991.067,4725.000,-4051.250,-2458.750,23.664,72,2700,16247,540,-463,-281,-342,0,0
7993242635,5.124,164.334,990.640,4585.000,-4025.000,-2441.250,23.664,84,2694,16240,524,-460,-279,-342,0,0
7993252041,5.063,164.700,991.006,4751.250,-3946.250,-2432.500,23.723,83,2700,16246,543,-451,-278,-327,0,0
7993261452,5.002,164.029,991.555,4707.500,-3990.000,-2441.250,23.723,82,2689,16255,538,-456,-279,-327,0,0
7993270864,5.246,164.090,990.823,4760.000,-4042.500,-2476.250,23.688,86,2690,16243,544,-462,-283,-336,0,0
7993280268,5.673,165.127,990.152,4716.250,-3963.750,-2441.250,23.688,93,2707,16232,539,-453,-279,-336,0,0
7993289681,5.307,164.151,991.433,4725.000,-3963.750,-2441.250,23.656,87,2691,16253,540,-453,-279,-344,0,0
7993299089,5.063,164.639,990.579,4681.250,-3981.250,-2458.750,23.656,83,2699,16239,535,-455,-281,-344,0,0
7993308502,4.392,164.944,990.823,4725.000,-3928.750,-2450.000,23.633,72,2704,16243,540,-449,-280,-350,0,0
7993317907,4.758,165.005,989.969,4716.250,-3990.000,-2467.500,23.633,78,2705,16229,539,-456,-282,-350,0,0
7993327318,4.392,164.822,990.457,4733.750,-3981.250,-2441.250,23.668,72,2702,16237,541,-455,-279,-341,0,0
7993336723,5.612,164.700,992.043,4812.500,-4007.500,-2423.750,23.668,92,2700,16263,550,-458,-277,-341,0,0
7993346138,4.758,164.212,993.141,4803.750,-4016.250,-2450.000,23.723,78,2692,16281,549,-459,-280,-327,0,0
7993355544,5.673,165.310,992.531,4733.750,-3963.750,-2441.250,23.723,93,2710,16271,541,-453,-279,-327,0,0
7993364956,4.148,164.578,991.860,4541.250,-4016.250,-2441.250,23.684,68,2698,16260,519,-459,-279,-337,0,0
7993374360,4.270,164.761,992.897,4637.500,-4033.750,-2467.500,23.684,70,2701,16277,530,-461,-282,-337,0,0
7993383774,4.697,164.578,991.311,4742.500,-4051.250,-2458.750,23.699,77,2698,16251,542,-463,-281,-333,0,0
7993393182,3.782,165.310,991.433,4725.000,-4077.500,-2476.250,23.699,62,2710,16253,540,-466,-283,-333,0,0
7993402594,4.941,165.371,991.311,4681.250,-4007.500,-2467.500,23.645,81,2711,16251,535,-458,-282,-347,0,0
7993411998,4.636,165.066,992.897,4716.250,-3963.750,-2441.250,23.645,76,2706,16277,539,-453,-279,-347,0,0
7993421412,4.392,164.700,993.629,4585.000,-4042.500,-2458.750,23.664,72,2700,16289,524,-462,-281,-342,0,0
7993430820,5.551,164.517,991.006,4655.000,-4060.000,-2476.250,23.664,91,2697,16246,532,-464,-283,-342,0,0
7993440225,5.185,164.334,991.311,4637.500,-4007.500,-2441.250,23.645,85,2694,16251,530,-458,-279,-347,0,0
7993449638,5.429,164.822,991.860,4663.750,-4060.000,-2476.250,23.645,89,2702,16260,533,-464,-283,-347,0,0
7993459046,4.331,165.310,992.714,4803.750,-4007.500,-2476.250,23.672,71,2710,16274,549,-458,-283,-340,0,0
7993468459,4.270,165.005,992.104,4856.250,-4025.000,-2467.500,23.672,70,2705,16264,555,-460,-282,-340,0,0
7993477863,4.392,164.578,991.982,4768.750,-4007.500,-2467.500,23.668,72,2698,16262,545,-458,-282,-341,0,0
7993487275,5.002,164.761,990.518,4856.250,-4025.000,-2485.000,23.668,82,2701,16238,555,-460,-284,-341,0,0
7993496687,5.002,164.639,993.385,4838.750,-4051.250,-2467.500,23.703,82,2699,16285,553,-463,-282,-332,0,0
7993506096,5.124,164.212,993.629,4733.750,-4025.000,-2458.750,23.703,84,2692,16289,541,-460,-281,-332,0,0
7993515501,5.246,165.493,992.409,4707.500,-3972.500,-2432.500,23.672,86,2713,16269,538,-454,-278,-340,0,0
7993524913,5.856,164.517,993.202,4698.750,-3972.500,-2406.250,23.672,96,2697,16282,537,-454,-275,-340,0,0
7993534324,5.124,165.066,991.860,4655.000,-3998.750,-2450.000,23.676,84,2706,16260,532,-457,-280,-339,0,0
7993543728,5.002,165.127,992.836,4497.500,-3972.500,-2450.000,23.676,82,2707,16276,514,-454,-280,-339,0,0
7993553140,5.185,163.846,992.592,4637.500,-4033.750,-2458.750,23.691,85,2686,16272,530,-461,-281,-335,0,0
7993562551,4.392,165.310,991.250,4795.000,-4016.250,-2432.500,23.691,72,2710,16250,548,-459,-278,-335,0,0
7993571955,3.721,165.371,992.836,4751.250,-4051.250,-2485.000,23.695,61,2711,16276,543,-463,-284,-334,0,0
7993581367,4.575,165.310,992.897,4777.500,-4033.750,-2476.250,23.695,75,2710,16277,546,-461,-283,-334,0,0
7993590780,4.819,164.151,991.799,4760.000,-4007.500,-2485.000,23.758,79,2691,16259,544,-458,-284,-318,0,0
7993600188,5.429,164.395,992.226,4803.750,-4025.000,-2458.750,23.758,89,2695,16266,549,-460,-281,-318,0,0
7993609594,5.551,164.639,992.104,4838.750,-4025.000,-2458.750,23.672,91,2699,16264,553,-460,-281,-340,0,0
7993619005,5.429,165.188,994.239,4786.250,-3998.750,-2432.500,23.672,89,2708,16299,547,-457,-278,-340,0,0
7993628417,5.734,164.822,994.605,4716.250,-4016.250,-2441.250,23.668,94,2702,16305,539,-459,-279,-341,0,0
7993637821,5.307,165.737,991.616,4733.750,-3972.500,-2441.250,23.668,87,2717,16256,541,-454,-279,-341,0,0
7993647232,5.978,164.944,991.189,4751.250,-3990.000,-2467.500,23.719,98,2704,16249,543,-456,-282,-328,0,0
7993656645,5.734,165.493,992.714,4768.750,-4060.000,-2485.000,23.719,94,2713,16274,545,-464,-284,-328,0,0
7993666055,4.758,165.554,992.470,4681.250,-4051.250,-2493.750,23.676,78,2714,16270,535,-463,-285,-339,0,0
7993675459,4.087,164.700,992.409,4681.250,-4033.750,-2502.500,23.676,67,2700,16269,535,-461,-286,-339,0,0
7993684870,4.087,164.944,992.653,4768.750,-4007.500,-2502.500,23.684,67,2704,16273,545,-458,-286,-337,0,0
7993694282,5.246,163.602,991.860,4768.750,-4112.500,-2467.500,23.684,86,2682,16260,545,-470,-282,-337,0,0
7993703687,5.612,164.517,991.677,4812.500,-4051.250,-2450.000,23.695,92,2697,16257,550,-463,-280,-334,0,0
7993713099,5.185,165.432,993.385,4865.000,-4033.750,-2406.250,23.695,85,2712,16285,556,-461,-275,-334,0,0
7993722508,5.856,165.127,992.653,4690.000,-4016.250,-2458.750,23.723,96,2707,16273,536,-459,-281,-327,0,0
7993731920,5.551,165.798,992.836,4777.500,-3981.250,-2467.500,23.723,91,2718,16276,546,-455,-282,-327,0,0
7993741324,5.063,165.798,993.507,4716.250,-4042.500,-2450.000,23.668,83,2718,16287,539,-462,-280,-341,0,0
7993750735,5.917,165.371,991.677,4751.250,-3998.750,-2485.000,23.668,97,2711,16257,543,-457,-284,-341,0,0
7993760141,5.002,164.883,990.396,4698.750,-3963.750,-2502.500,23.672,82,2703,16236,537,-453,-286,-340,0,0
7993769557,5.673,165.859,992.714,4803.750,-4025.000,-2450.000,23.672,93,2719,16274,549,-460,-280,-340,0,0
7993778962,4.880,164.212,994.300,4646.250,-3998.750,-2485.000,23.688,80,2692,16300,531,-457,-284,-336,0,0
7993788374,4.880,163.968,991.799,4698.750,-3972.500,-2467.500,23.688,80,2688,16259,537,-454,-282,-336,0,0
7993797781,5.246,163.297,991.067,4707.500,-4025.000,-2432.500,23.695,86,2677,16247,538,-460,-278,-334,0,0
7993807188,5.551,165.371,991.555,4620.000,-3998.750,-2423.750,23.695,91,2711,16255,528,-457,-277,-334,0,0
7993816600,5.185,164.822,992.287,4716.250,-4060.000,-2450.000,23.668,85,2702,16267,539,-464,-280,-341,0,0
7993826012,5.124,164.639,991.921,4795.000,-4042.500,-2458.750,23.668,84,2699,16261,548,-462,-281,-341,0,0
7993835416,4.514,165.310,992.409,4786.250,-4033.750,-2458.750,23.707,74,2710,16269,547,-461,-281,-331,0,0
7993844827,5.307,165.188,992.348,4812.500,-4033.750,-2458.750,23.707,87,2708,16268,550,-461,-281,-331,0,0
7993854240,5.551,166.103,992.104,4742.500,-4077.500,-2441.250,23.715,91,2723,16264,542,-466,-279,-329,0,0
7993863644,4.575,164.578,990.945,4733.750,-3972.500,-2502.500,23.715,75,2698,16245,541,-454,-286,-329,0,0
7993873052,5.124,164.273,991.372,4742.500,-3963.750,-2476.250,23.668,84,2693,16252,542,-453,-283,-341,0,0
7993882466,4.331,164.334,992.714,4795.000,-3990.000,-2441.250,23.668,71,2694,16274,548,-456,-279,-341,0,0
7993891877,3.843,164.639,991.311,4620.000,-4042.500,-2485.000,23.695,63,2699,16251,528,-462,-284,-334,0,0
7993901282,5.734,164.273,991.494,4672.500,-3998.750,-2441.250,23.695,94,2693,16254,534,-457,-279,-334,0,0
7993910693,5.734,165.249,992.592,4690.000,-4007.500,-2432.500,23.684,94,2709,16272,536,-458,-278,-337,0,0
7993920101,4.758,164.212,991.494,4742.500,-3963.750,-2485.000,23.684,78,2692,16254,542,-453,-284,-337,0,0
7993929515,4.087,164.761,990.823,4795.000,-4051.250,-2476.250,23.707,67,2701,16243,548,-463,-283,-331,0,0
7993938919,4.392,165.005,991.494,4812.500,-3981.250,-2493.750,23.707,72,2705,16254,550,-455,-285,-331,0,0
7993948332,4.819,164.578,992.287,4725.000,-3972.500,-2476.250,23.699,79,2698,16267,540,-454,-283,-333,0,0
7993957739,4.392,164.822,992.653,4777.500,-3963.750,-2467.500,23.699,72,2702,16273,546,-453,-282,-333,0,0
7993967146,4.880,164.151,991.067,4786.250,-3972.500,-2450.000,23.664,80,2691,16247,547,-454,-280,-342,0,0
7993976558,5.063,164.395,992.531,4707.500,-3981.250,-2450.000,23.664,83,2695,16271,538,-455,-280,-342,0,0
7993985969,5.978,164.944,992.836,4768.750,-4007.500,-2423.750,23.719,98,2704,16276,545,-458,-277,-328,0,0
7993995375,5.673,165.127,991.677,4856.250,-3981.250,-2476.250,23.719,93,2707,16257,555,-455,-283,-328,0,0
7994004789,4.026,164.639,991.982,4760.000,-4042.500,-2485.000,23.699,66,2699,16262,544,-462,-284,-333,0,0
7994014196,5.246,165.920,992.531,4742.500,-4051.250,-2476.250,23.699,86,2720,16271,542,-463,-283,-333,0,0
7994023607,5.002,165.432,990.213,4777.500,-4007.500,-2476.250,23.711,82,2712,16233,546,-458,-283,-330,0,0
7994033013,5.246,163.602,991.006,4707.500,-4033.750,-2458.750,23.711,86,2682,16246,538,-461,-281,-330,0,0
7994042422,5.002,163.419,993.324,4751.250,-3972.500,-2450.000,23.688,82,2679,16284,543,-454,-280,-336,0,0
7994051834,4.819,164.334,992.592,4786.250,-3998.750,-2485.000,23.688,79,2694,16272,547,-457,-284,-336,0,0
7994061239,5.307,164.456,990.640,4733.750,-4025.000,-2441.250,23.688,87,2696,16240,541,-460,-279,-336,0,0
7994070651,5.429,164.761,991.067,4742.500,-4033.750,-2458.750,23.688,89,2701,16247,542,-461,-281,-336,0,0
7994080059,5.124,165.127,991.372,4690.000,-3981.250,-2450.000,23.684,84,2707,16252,536,-455,-280,-337,0,0
7994089473,6.039,165.127,992.104,4690.000,-4007.500,-2458.750,23.684,99,2707,16264,536,-458,-281,-337,0,0
7994098877,5.368,165.554,992.104,4803.750,-3955.000,-2450.000,23.668,88,2714,16264,549,-452,-280,-341,0,0
7994108290,4.758,165.188,991.311,4733.750,-3937.500,-2458.750,23.668,78,2708,16251,541,-450,-281,-341,0,0
7994117697,4.514,165.615,991.555,4716.250,-4025.000,-2485.000,23.668,74,2715,16255,539,-460,-284,-341,0,0
7994127103,4.636,164.151,991.799,4760.000,-4042.500,-2467.500,23.668,76,2691,16259,544,-462,-282,-341,0,0
7994136516,4.392,165.188,990.945,4707.500,-4077.500,-2485.000,23.703,72,2708,16245,538,-466,-284,-332,0,0
7994145927,4.758,163.846,992.104,4751.250,-4051.250,-2458.750,23.703,78,2686,16264,543,-463,-281,-332,0,0
7994155334,4.941,165.188,993.141,4707.500,-4016.250,-2485.000,23.695,81,2708,16281,538,-459,-284,-334,0,0
7994164742,4.392,165.005,992.104,4856.250,-4007.500,-2476.250,23.695,72,2705,16264,555,-458,-283,-334,0,0
7994174154,5.185,165.371,992.104,4812.500,-4042.500,-2476.250,23.668,85,2711,16264,550,-462,-283,-341,0,0
7994183565,6.161,164.822,991.799,4847.500,-4060.000,-2476.250,23.668,101,2702,16259,554,-464,-283,-341,0,0
7994192971,4.758,164.700,992.043,4742.500,-3972.500,-2476.250,23.688,78,2700,16263,542,-454,-283,-336,0,0
7994202385,4.575,165.371,992.470,4690.000,-4025.000,-2467.500,23.688,75,2711,16270,536,-460,-282,-336,0,0
7994211791,4.026,165.554,991.921,4707.500,-4033.750,-2476.250,23.664,66,2714,16261,538,-461,-283,-342,0,0
7994221196,4.392,165.554,991.982,4795.000,-4068.750,-2458.750,23.664,72,2714,16262,548,-465,-281,-342,0,0
7994230609,4.575,164.761,992.348,4830.000,-4068.750,-2441.250,23.676,75,2701,16268,552,-465,-279,-339,0,0
7994240017,4.392,165.981,991.982,4847.500,-4095.000,-2485.000,23.676,72,2721,16262,554,-468,-284,-339,0,0
7994249430,4.331,164.517,992.470,4725.000,-3990.000,-2458.750,23.652,71,2697,16270,540,-456,-281,-345,0,0
7994258835,5.429,164.090,992.836,4847.500,-3998.750,-2450.000,23.652,89,2690,16276,554,-457,-280,-345,0,0
7994268247,5.551,164.456,992.348,4725.000,-3972.500,-2450.000,23.680,91,2696,16268,540,-454,-280,-338,0,0
7994277656,6.344,164.090,991.311,4873.750,-4033.750,-2485.000,23.680,104,2690,16251,557,-461,-284,-338,0,0
7994287068,5.124,164.334,991.494,4690.000,-4060.000,-2458.750,23.684,84,2694,16254,536,-464,-281,-337,0,0
7994296474,5.185,164.639,991.860,4681.250,-3955.000,-2458.750,23.684,85,2699,16260,535,-452,-281,-337,0,0
7994305882,4.636,165.493,992.531,4751.250,-4007.500,-2476.250,23.625,76,2713,16271,543,-458,-283,-352,0,0
7994315295,4.148,165.127,993.263,4786.250,-4025.000,-2476.250,23.625,68,2707,16283,547,-460,-283,-352,0,0
7994324701,4.514,166.042,991.616,4795.000,-4033.750,-2450.000,23.699,74,2722,16256,548,-461,-280,-333,0,0
7994334110,5.673,164.334,991.128,4873.750,-4068.750,-2467.500,23.699,93,2694,16248,557,-465,-282,-333,0,0
7994343522,6.039,164.578,992.104,4777.500,-4007.500,-2450.000,23.645,99,2698,16264,546,-458,-280,-347,0,0
7994352927,6.100,164.883,992.043,4716.250,-4016.250,-2458.750,23.645,100,2703,16263,539,-459,-281,-347,0,0
7994362340,4.941,165.005,992.592,4742.500,-4042.500,-2467.500,23.668,81,2705,16272,542,-462,-282,-341,0,0
7994371746,4.514,164.029,991.189,4760.000,-4025.000,-2450.000,23.668,74,2689,16249,544,-460,-280,-341,0,0
7994381160,4.026,164.639,991.860,4795.000,-3990.000,-2458.750,23.723,66,2699,16260,548,-456,-281,-327,0,0
7994390566,4.636,164.273,990.701,4690.000,-3972.500,-2467.500,23.723,76,2693,16241,536,-454,-282,-327,0,0
7994399979,4.331,163.236,990.884,4733.750,-4007.500,-2485.000,23.633,71,2676,16244,541,-458,-284,-350,0,0
7994409387,5.429,164.700,992.043,4698.750,-4016.250,-2511.250,23.633,89,2700,16263,537,-459,-287,-350,0,0
7994418793,4.697,165.188,992.592,4663.750,-4016.250,-2476.250,23.688,77,2708,16272,533,-459,-283,-336,0,0
7994428201,4.392,165.005,991.860,4707.500,-3955.000,-2458.750,23.688,72,2705,16260,538,-452,-281,-336,0,0
7994437616,4.575,164.578,990.884,4655.000,-3998.750,-2458.750,23.699,75,2698,16244,532,-457,-281,-333,0,0
7994447024,5.124,165.127,991.128,4585.000,-3928.750,-2423.750,23.699,84,2707,16248,524,-449,-277,-333,0,0
7994456430,5.185,165.066,990.579,4690.000,-3955.000,-2493.750,23.637,85,2706,16239,536,-452,-285,-349,0,0
7994465843,5.307,165.066,992.836,4777.500,-3998.750,-2458.750,23.637,87,2706,16276,546,-457,-281,-349,0,0
7994475251,4.941,165.493,991.860,4725.000,-4016.250,-2458.750,23.660,81,2713,16260,540,-459,-281,-343,0,0
7994484658,4.514,164.761,991.372,4733.750,-3990.000,-2450.000,23.660,74,2701,16252,541,-456,-280,-343,0,0
7994494067,4.453,164.395,991.860,4628.750,-4042.500,-2450.000,23.660,73,2695,16260,529,-462,-280,-343,0,0
7994503480,5.185,164.273,991.860,4611.250,-4051.250,-2467.500,23.660,85,2693,16260,527,-463,-282,-343,0,0
7994512889,5.490,164.395,992.104,4751.250,-4068.750,-2450.000,23.613,90,2695,16264,543,-465,-280,-355,0,0
7994522295,5.124,165.249,993.568,4733.750,-4077.500,-2450.000,23.613,84,2709,16288,541,-466,-280,-355,0,0
7994531707,5.246,165.676,991.738,4742.500,-3963.750,-2450.000,23.719,86,2716,16258,542,-453,-280,-328,0,0
7994541113,6.283,166.042,990.335,4742.500,-3990.000,-2520.000,23.719,103,2722,16235,542,-456,-288,-328,0,0
7994550528,4.636,164.700,991.555,4663.750,-4007.500,-2441.250,23.707,76,2700,16255,533,-458,-279,-331,0,0
7994559934,5.185,164.822,992.714,4733.750,-3990.000,-2476.250,23.707,85,2702,16274,541,-456,-283,-331,0,0
7994569341,6.283,165.127,990.701,4585.000,-3937.500,-2450.000,23.641,103,2707,16241,524,-450,-280,-348,0,0
7994578756,4.819,164.761,992.043,4637.500,-3998.750,-2476.250,23.641,79,2701,16263,530,-457,-283,-348,0,0
7994588162,4.087,164.029,992.531,4777.500,-4025.000,-2467.500,23.723,67,2689,16271,546,-460,-282,-327,0,0
7994597570,4.636,164.334,992.104,4803.750,-3972.500,-2476.250,23.723,76,2694,16264,549,-454,-283,-327,0,0
7994606983,5.124,163.541,990.457,4812.500,-4016.250,-2450.000,23.672,84,2681,16237,550,-459,-280,-340,0,0
7994616390,4.758,165.127,993.629,4777.500,-4060.000,-2441.250,23.672,78,2707,16289,546,-464,-279,-340,0,0
7994625798,4.209,164.822,992.836,4795.000,-4025.000,-2450.000,23.664,69,2702,16276,548,-460,-280,-342,0,0
7994635211,5.429,165.493,992.348,4786.250,-4025.000,-2485.000,23.664,89,2713,16268,547,-460,-284,-342,0,0
7994644620,5.063,164.151,991.799,4786.250,-3963.750,-2458.750,23.676,83,2691,16259,547,-453,-281,-339,0,0
7994654026,5.124,165.554,992.226,4777.500,-3928.750,-2458.750,23.676,84,2714,16266,546,-449,-281,-339,0,0
7994663435,4.941,163.663,991.250,4733.750,-4007.500,-2450.000,23.688,81,2683,16250,541,-458,-280,-336,0,0
7994672848,5.002,164.639,993.202,4698.750,-3972.500,-2467.500,23.688,82,2699,16282,537,-454,-282,-336,0,0
7994682256,5.124,164.700,991.616,4716.250,-3990.000,-2476.250,23.680,84,2700,16256,539,-456,-283,-338,0,0
7994691662,4.453,164.212,989.786,4751.250,-3981.250,-2450.000,23.680,73,2692,16226,543,-455,-280,-338,0,0
7994701075,4.453,164.761,990.945,4768.750,-3990.000,-2450.000,23.684,73,2701,16245,545,-456,-280,-337,0,0
7994710484,4.331,165.005,990.762,4663.750,-4033.750,-2458.750,23.684,71,2705,16242,533,-461,-281,-337,0,0
7994719890,5.002,165.554,990.701,4698.750,-3990.000,-2476.250,23.672,82,2714,16241,537,-456,-283,-340,0,0
7994729304,5.429,165.554,991.250,4751.250,-3946.250,-2458.750,23.672,89,2714,16250,543,-451,-281,-340,0,0
7994738711,5.246,165.737,992.348,4742.500,-4068.750,-2441.250,23.648,86,2717,16268,542,-465,-279,-346,0,0
7994748118,5.917,164.151,992.226,4742.500,-4016.250,-2458.750,23.648,97,2691,16266,542,-459,-281,-346,0,0
7994757530,5.429,164.456,990.213,4716.250,-3981.250,-2423.750,23.668,89,2696,16233,539,-455,-277,-341,0,0
7994766937,6.283,163.541,991.250,4576.250,-3963.750,-2485.000,23.668,103,2681,16250,523,-453,-284,-341,0,0
7994776351,4.636,163.968,992.714,4786.250,-4016.250,-2458.750,23.684,76,2688,16274,547,-459,-281,-337,0,0
7994785759,4.453,164.151,992.043,4698.750,-4007.500,-2441.250,23.684,73,2691,16263,537,-458,-279,-337,0,0
7994795167,3.599,164.517,990.274,4751.250,-4060.000,-2458.750,23.668,59,2697,16234,543,-464,-281,-341,0,0
7994804573,4.575,165.066,990.457,4856.250,-4042.500,-2458.750,23.668,75,2706,16237,555,-462,-281,-341,0,0
7994813988,5.612,165.676,990.518,4786.250,-3990.000,-2458.750,23.730,92,2716,16238,547,-456,-281,-325,0,0
7994823394,4.697,165.005,991.982,4751.250,-3990.000,-2450.000,23.730,77,2705,16262,543,-456,-280,-325,0,0
7994832802,5.917,165.737,992.165,4690.000,-4007.500,-2493.750,23.629,97,2717,16265,536,-458,-285,-351,0,0
7994842216,5.673,165.371,991.372,4760.000,-4007.500,-2520.000,23.629,93,2711,16252,544,-458,-288,-351,0,0
7994851622,4.270,165.127,989.725,4733.750,-4007.500,-2450.000,23.672,70,2707,16225,541,-458,-280,-340,0,0
7994861030,4.941,164.578,991.616,4821.250,-4007.500,-2476.250,23.672,81,2698,16256,551,-458,-283,-340,0,0
7994870443,5.368,164.029,991.738,4830.000,-4016.250,-2502.500,23.629,88,2689,16258,552,-459,-286,-351,0,0
7994879849,4.819,165.127,989.664,4707.500,-4007.500,-2441.250,23.629,79,2707,16224,538,-458,-279,-351,0,0
7994889257,3.782,164.334,992.226,4663.750,-4025.000,-2441.250,23.664,62,2694,16266,533,-460,-279,-342,0,0
7994898671,4.880,164.151,992.348,4716.250,-4042.500,-2423.750,23.664,80,2691,16268,539,-462,-277,-342,0,0
7994908076,4.209,164.822,990.396,4672.500,-3946.250,-2441.250,23.680,69,2702,16236,534,-451,-279,-338,0,0
7994917485,5.551,165.310,990.823,4803.750,-4007.500,-2441.250,23.680,91,2710,16243,549,-458,-279,-338,0,0
7994926897,4.880,165.127,991.799,4812.500,-4051.250,-2467.500,23.684,80,2707,16259,550,-463,-282,-337,0,0
7994936303,4.880,165.554,992.287,4742.500,-3998.750,-2450.000,23.684,80,2714,16267,542,-457,-280,-337,0,0
7994945717,5.124,164.700,991.372,4733.750,-3981.250,-2458.750,23.688,84,2700,16252,541,-455,-281,-336,0,0
7994955124,5.185,164.090,990.640,4628.750,-3963.750,-2476.250,23.688,85,2690,16240,529,-453,-283,-336,0,0
7994964537,5.002,164.639,989.664,4751.250,-4016.250,-2467.500,23.707,82,2699,16224,543,-459,-282,-331,0,0
7994973943,5.185,163.602,991.433,4760.000,-3998.750,-2485.000,23.707,85,2682,16253,544,-457,-284,-331,0,0
7994983351,4.209,165.310,991.982,4795.000,-3972.500,-2467.500,23.625,69,2710,16262,548,-454,-282,-352,0,0
7994992763,4.514,165.554,991.372,4760.000,-4007.500,-2485.000,23.625,74,2714,16252,544,-458,-284,-352,0,0
7995002168,5.063,165.432,990.091,4768.750,-3972.500,-2476.250,23.676,83,2712,16231,545,-454,-283,-339,0,0
7995011583,5.429,164.700,991.555,4707.500,-3963.750,-2441.250,23.676,89,2700,16255,538,-453,-279,-339,0,0
7995020990,4.758,164.883,989.908,4803.750,-4060.000,-2450.000,23.699,78,2703,16228,549,-464,-280,-333,0,0
7995030396,6.283,164.395,991.433,4716.250,-4051.250,-2485.000,23.699,103,2695,16253,539,-463,-284,-333,0,0
7995039810,5.307,164.456,990.213,4777.500,-4033.750,-2485.000,23.652,87,2696,16233,546,-461,-284,-345,0,0
7995049216,4.392,165.188,992.348,4733.750,-4033.750,-2458.750,23.652,72,2708,16268,541,-461,-281,-345,0,0
7995058629,4.636,164.822,989.908,4698.750,-4007.500,-2458.750,23.676,76,2702,16228,537,-458,-281,-339,0,0
7995068037,4.697,165.127,990.030,4690.000,-3955.000,-2467.500,23.676,77,2707,16230,536,-452,-282,-339,0,0
7995077443,4.026,164.395,990.152,4760.000,-3990.000,-2467.500,23.656,66,2695,16232,544,-456,-282,-344,0,0
7995086856,3.782,164.090,992.104,4760.000,-4016.250,-2458.750,23.656,62,2690,16264,544,-459,-281,-344,0,0
7995096264,4.392,165.737,992.775,4777.500,-4007.500,-2467.500,23.703,72,2717,16275,546,-458,-282,-332,0,0
7995105670,5.002,165.005,991.372,4795.000,-4025.000,-2467.500,23.703,82,2705,16252,548,-460,-282,-332,0,0
7995115081,4.880,163.846,989.298,4593.750,-4007.500,-2476.250,23.711,80,2686,16218,525,-458,-283,-330,0,0
7995124494,5.734,164.456,990.823,4663.750,-4033.750,-2467.500,23.711,94,2696,16243,533,-461,-282,-330,0,0
7995133902,5.551,163.724,990.274,4663.750,-4033.750,-2450.000,23.684,91,2684,16234,533,-461,-280,-337,0,0
7995143308,4.941,163.663,991.372,4760.000,-3990.000,-2450.000,23.684,81,2683,16252,544,-456,-280,-337,0,0
7995152720,4.636,165.432,990.884,4690.000,-3963.750,-2450.000,23.695,76,2712,16244,536,-453,-280,-334,0,0
7995162126,5.612,165.188,991.555,4681.250,-3981.250,-2458.750,23.695,92,2708,16255,535,-455,-281,-334,0,0
7995171541,4.697,165.005,989.603,4751.250,-4007.500,-2458.750,23.730,77,2705,16223,543,-458,-281,-325,0,0
7995180946,4.941,165.371,990.030,4611.250,-3972.500,-2476.250,23.730,81,2711,16230,527,-454,-283,-325,0,0
7995190359,4.880,164.456,991.372,4733.750,-3998.750,-2458.750,23.707,80,2696,16252,541,-457,-281,-331,0,0
7995199766,4.209,164.578,991.921,4620.000,-4016.250,-2458.750,23.707,69,2698,16261,528,-459,-281,-331,0,0
7995209173,4.514,164.029,991.006,4628.750,-3972.500,-2458.750,23.695,74,2689,16246,529,-454,-281,-334,0,0
7995218586,5.917,163.541,990.457,4681.250,-3963.750,-2458.750,23.695,97,2681,16237,535,-453,-281,-334,0,0
7995227993,5.368,164.822,990.701,4593.750,-3955.000,-2485.000,23.707,88,2702,16241,525,-452,-284,-331,0,0
7995237400,4.331,163.907,992.165,4593.750,-3928.750,-2476.250,23.707,71,2687,16265,525,-449,-283,-331,0,0
7995246812,4.270,164.151,990.579,4707.500,-3981.250,-2467.500,23.664,70,2691,16239,538,-455,-282,-342,0,0
7995256224,4.758,164.517,991.982,4655.000,-4042.500,-2450.000,23.664,78,2697,16262,532,-462,-280,-342,0,0
7995265631,4.270,166.164,991.555,4768.750,-4086.250,-2458.750,23.676,70,2724,16255,545,-467,-281,-339,0,0
7995275038,4.453,164.883,991.433,4812.500,-4086.250,-2467.500,23.676,73,2703,16253,550,-467,-282,-339,0,0
7995284450,4.697,164.883,991.372,4751.250,-3998.750,-2441.250,23.715,77,2703,16252,543,-457,-279,-329,0,0
7995293862,4.819,165.249,991.067,4795.000,-3998.750,-2467.500,23.715,79,2709,16247,548,-457,-282,-329,0,0
7995303268,4.697,164.761,991.494,4812.500,-4007.500,-2502.500,23.684,77,2701,16254,550,-458,-286,-337,0,0
7995312676,5.002,164.212,990.030,4707.500,-4051.250,-2493.750,23.684,82,2692,16230,538,-463,-285,-337,0,0
7995322088,4.148,165.737,991.067,4751.250,-3981.250,-2458.750,23.688,68,2717,16247,543,-455,-281,-336,0,0
7995331500,4.758,165.371,992.592,4716.250,-3998.750,-2476.250,23.688,78,2711,16272,539,-457,-283,-336,0,0
7995340905,4.514,165.249,992.409,4725.000,-4007.500,-2467.500,23.703,74,2709,16269,540,-458,-282,-332,0,0
7995350314,4.941,164.456,990.884,4760.000,-3981.250,-2450.000,23.703,81,2696,16244,544,-455,-280,-332,0,0
7995359726,4.819,164.212,990.518,4917.500,-3998.750,-2476.250,23.699,79,2692,16238,562,-457,-283,-333,0,0
7995369131,4.514,164.029,991.616,4742.500,-3981.250,-2493.750,23.699,74,2689,16256,542,-455,-285,-333,0,0
7995378542,5.246,164.761,990.518,4725.000,-4042.500,-2467.500,23.684,86,2701,16238,540,-462,-282,-337,0,0
7995387954,5.429,164.944,991.128,4663.750,-4033.750,-2467.500,23.684,89,2704,16248,533,-461,-282,-337,0,0
7995397358,4.575,165.066,991.982,4716.250,-4033.750,-2467.500,23.680,75,2706,16262,539,-461,-282,-338,0,0
7995406773,4.331,164.212,990.091,4567.500,-3998.750,-2476.250,23.680,71,2692,16231,522,-457,-283,-338,0,0
7995416180,3.782,165.188,991.189,4882.500,-4051.250,-2450.000,23.711,62,2708,16249,558,-463,-280,-330,0,0
7995425592,4.636,165.188,991.799,4812.500,-3998.750,-2441.250,23.711,76,2708,16259,550,-457,-279,-330,0,0
7995434998,4.758,165.066,992.714,4751.250,-3990.000,-2467.500,23.676,78,2706,16274,543,-456,-282,-339,0,0
7995444406,5.246,163.907,991.494,4628.750,-3990.000,-2493.750,23.676,86,2687,16254,529,-456,-285,-339,0,0
7995453818,4.758,164.883,990.579,4751.250,-3998.750,-2441.250,23.676,78,2703,16239,543,-457,-279,-339,0,0
7995463224,5.185,164.029,992.348,4830.000,-4042.500,-2450.000,23.676,85,2689,16268,552,-462,-280,-339,0,0
7995472637,3.965,164.883,992.165,4725.000,-3990.000,-2423.750,23.691,65,2703,16265,540,-456,-277,-335,0,0
7995482043,5.124,164.578,991.067,4751.250,-4042.500,-2485.000,23.691,84,2698,16247,543,-462,-284,-335,0,0
7995491456,4.087,164.639,990.701,4777.500,-3998.750,-2476.250,23.668,67,2699,16241,546,-457,-283,-341,0,0
7995500861,4.697,164.761,991.372,4707.500,-3998.750,-2432.500,23.668,77,2701,16252,538,-457,-278,-341,0,0
7995510272,4.575,163.846,991.677,4672.500,-4051.250,-2441.250,23.695,75,2686,16257,534,-463,-279,-334,0,0
7995519684,4.575,164.456,991.311,4655.000,-4033.750,-2458.750,23.695,75,2696,16251,532,-461,-281,-334,0,0
7995529088,5.490,164.700,992.165,4733.750,-3990.000,-2467.500,23.699,90,2700,16265,541,-456,-282,-333,0,0
7995538499,5.185,165.859,992.287,4698.750,-3981.250,-2432.500,23.699,85,2719,16267,537,-455,-278,-333,0,0
7995547910,4.392,166.591,991.555,4707.500,-4016.250,-2467.500,23.695,72,2731,16255,538,-459,-282,-334,0,0
7995557322,5.002,165.188,989.786,4733.750,-3998.750,-2458.750,23.695,82,2708,16226,541,-457,-281,-334,0,0
7995566727,5.429,164.761,991.006,4751.250,-3981.250,-2467.500,23.699,89,2701,16246,543,-455,-282,-333,0,0
7995576138,5.490,164.822,991.494,4742.500,-4025.000,-2458.750,23.699,90,2702,16254,542,-460,-281,-333,0,0
7995585549,5.246,164.700,992.592,4698.750,-4042.500,-2476.250,23.703,86,2700,16272,537,-462,-283,-332,0,0
7995594953,5.002,165.493,992.226,4733.750,-4033.750,-2458.750,23.703,82,2713,16266,541,-461,-281,-332,0,0
7995604365,4.941,164.212,992.470,4733.750,-3963.750,-2450.000,23.684,81,2692,16270,541,-453,-280,-337,0,0
7995613778,5.307,163.968,989.908,4663.750,-4042.500,-2467.500,23.684,87,2688,16228,533,-462,-282,-337,0,0
7995623185,4.026,164.700,991.128,4707.500,-3963.750,-2467.500,23.715,66,2700,16248,538,-453,-282,-329,0,0
7995632591,4.819,166.042,992.653,4690.000,-3981.250,-2485.000,23.715,79,2722,16273,536,-455,-284,-329,0,0
7995642003,4.636,165.188,992.470,4716.250,-3998.750,-2458.750,23.676,76,2708,16270,539,-457,-281,-339,0,0
7995651414,4.697,164.334,990.701,4873.750,-4016.250,-2441.250,23.676,77,2694,16241,557,-459,-279,-339,0,0
7995660818,4.026,164.151,991.433,4655.000,-4051.250,-2458.750,23.645,66,2691,16253,532,-463,-281,-347,0,0
7995670230,5.124,164.395,992.287,4593.750,-4025.000,-2458.750,23.645,84,2695,16267,525,-460,-281,-347,0,0
7995679642,4.941,163.236,991.799,4655.000,-3990.000,-2467.500,23.719,81,2676,16259,532,-456,-282,-328,0,0
7995689052,5.429,163.968,990.579,4716.250,-3972.500,-2423.750,23.719,89,2688,16239,539,-454,-277,-328,0,0
7995698457,4.819,165.127,991.250,4725.000,-3981.250,-2458.750,23.695,79,2707,16250,540,-455,-281,-334,0,0
7995707870,5.002,164.944,991.738,4690.000,-4016.250,-2450.000,23.695,82,2704,16258,536,-459,-280,-334,0,0
7995717275,4.514,165.188,992.104,4725.000,-3981.250,-2450.000,23.711,74,2708,16264,540,-455,-280,-330,0,0
7995726689,4.453,165.554,991.433,4672.500,-4033.750,-2450.000,23.711,73,2714,16253,534,-461,-280,-330,0,0
7995736095,5.978,165.554,991.738,4602.500,-3946.250,-2423.750,23.707,98,2714,16258,526,-451,-277,-331,0,0
7995745506,5.246,165.310,990.640,4646.250,-3911.250,-2432.500,23.707,86,2710,16240,531,-447,-278,-331,0,0
7995754911,5.856,164.761,990.213,4716.250,-3998.750,-2432.500,23.660,96,2701,16233,539,-457,-278,-343,0,0
7995764322,4.941,163.785,990.213,4620.000,-3920.000,-2458.750,23.660,81,2685,16233,528,-448,-281,-343,0,0
7995773734,5.551,164.761,991.128,4672.500,-3998.750,-2467.500,23.684,91,2701,16248,534,-457,-282,-337,0,0
7995783144,5.185,164.334,991.555,4698.750,-3972.500,-2467.500,23.684,85,2694,16255,537,-454,-282,-337,0,0
7995792549,4.758,165.493,991.677,4681.250,-3946.250,-2467.500,23.703,78,2713,16257,535,-451,-282,-332,0,0
7995801961,5.673,164.456,991.372,4821.250,-4033.750,-2467.500,23.703,93,2696,16252,551,-461,-282,-332,0,0
7995811368,5.856,164.883,991.494,4742.500,-4007.500,-2450.000,23.688,96,2703,16254,542,-458,-280,-336,0,0
7995820782,5.917,165.005,990.823,4690.000,-4007.500,-2458.750,23.688,97,2705,16243,536,-458,-281,-336,0,0
7995830187,6.100,165.371,991.311,4768.750,-3946.250,-2450.000,23.668,100,2711,16251,545,-451,-280,-341,0,0
7995839598,5.246,164.273,991.921,4628.750,-4016.250,-2415.000,23.668,86,2693,16261,529,-459,-276,-341,0,0
7995849010,4.026,164.700,991.067,4707.500,-4033.750,-2485.000,23.699,66,2700,16247,538,-461,-284,-333,0,0
7995858414,5.002,164.090,991.860,4803.750,-3998.750,-2476.250,23.699,82,2690,16260,549,-457,-283,-333,0,0
7995867825,5.185,165.249,991.921,4707.500,-3998.750,-2450.000,23.730,85,2709,16261,538,-457,-280,-325,0,0
7995877237,4.514,164.761,990.884,4760.000,-3998.750,-2423.750,23.730,74,2701,16244,544,-457,-277,-325,0,0
7995886641,4.880,164.029,990.945,4663.750,-4042.500,-2485.000,23.707,80,2689,16245,533,-462,-284,-331,0,0
7995896052,5.124,165.432,991.860,4716.250,-4007.500,-2450.000,23.707,84,2712,16260,539,-458,-280,-331,0,0
7995905463,4.819,164.517,992.958,4786.250,-3937.500,-2467.500,23.703,79,2697,16278,547,-450,-282,-332,0,0
7995914875,5.490,164.700,991.860,4733.750,-4033.750,-2493.750,23.703,90,2700,16260,541,-461,-285,-332,0,0
7995924279,5.490,165.066,991.982,4716.250,-4007.500,-2493.750,23.652,90,2706,16262,539,-458,-285,-345,0,0
7995933690,5.490,165.798,991.555,4751.250,-3972.500,-2476.250,23.652,90,2718,16255,543,-454,-283,-345,0,0
7995943102,5.063,165.188,993.141,4786.250,-4016.250,-2458.750,23.699,83,2708,16281,547,-459,-281,-333,0,0
7995952507,4.026,165.188,992.897,4628.750,-4051.250,-2458.750,23.699,66,2708,16277,529,-463,-281,-333,0,0
7995961920,3.782,164.456,991.616,4690.000,-3963.750,-2467.500,23.676,62,2696,16256,536,-453,-282,-339,0,0
7995971331,4.087,165.798,992.348,4655.000,-3972.500,-2450.000,23.676,67,2718,16268,532,-454,-280,-339,0,0
7995980735,4.880,165.798,993.141,4725.000,-4060.000,-2441.250,23.672,80,2718,16281,540,-464,-279,-340,0,0
7995990149,4.636,164.456,991.372,4672.500,-4068.750,-2467.500,23.672,76,2696,16252,534,-465,-282,-340,0,0
7995999555,5.734,165.249,991.250,4751.250,-4025.000,-2458.750,23.695,94,2709,16250,543,-460,-281,-334,0,0
7996008967,5.124,165.981,992.653,4777.500,-3990.000,-2458.750,23.695,84,2721,16273,546,-456,-281,-334,0,0
7996018373,5.429,165.798,991.250,4777.500,-4042.500,-2423.750,23.723,89,2718,16250,546,-462,-277,-327,0,0
7996027785,4.087,165.432,991.555,4821.250,-4025.000,-2467.500,23.723,67,2712,16255,551,-460,-282,-327,0,0
7996037192,4.880,165.005,992.104,4760.000,-4077.500,-2476.250,23.734,80,2705,16264,544,-466,-283,-324,0,0
7996046605,5.734,164.761,992.775,4760.000,-4042.500,-2467.500,23.734,94,2701,16275,544,-462,-282,-324,0,0
7996056009,5.002,165.005,991.250,4751.250,-4007.500,-2476.250,23.688,82,2705,16250,543,-458,-283,-336,0,0
7996065421,4.880,165.005,992.897,4707.500,-3981.250,-2467.500,23.688,80,2705,16277,538,-455,-282,-336,0,0
7996074833,4.697,166.103,991.921,4672.500,-3981.250,-2432.500,23.668,77,2723,16261,534,-455,-278,-341,0,0
7996084237,5.612,165.371,991.860,4707.500,-4042.500,-2458.750,23.668,92,2711,16260,538,-462,-281,-341,0,0
7996093648,4.453,163.602,991.494,4725.000,-4007.500,-2450.000,23.660,73,2682,16254,540,-458,-280,-343,0,0
7996103059,4.758,164.944,992.348,4777.500,-4025.000,-2476.250,23.660,78,2704,16268,546,-460,-283,-343,0,0
7996112465,3.843,165.432,993.324,4672.500,-4042.500,-2467.500,23.676,63,2712,16284,534,-462,-282,-339,0,0
7996121875,5.063,164.395,990.640,4698.750,-4095.000,-2493.750,23.676,83,2695,16240,537,-468,-285,-339,0,0
7996131287,4.697,164.578,989.725,4760.000,-4007.500,-2476.250,23.711,77,2698,16225,544,-458,-283,-330,0,0
7996140692,5.002,163.846,991.372,4751.250,-4086.250,-2458.750,23.711,82,2686,16252,543,-467,-281,-330,0,0
7996150101,4.758,164.334,992.409,4707.500,-4042.500,-2467.500,23.691,78,2694,16269,538,-462,-282,-335,0,0
7996159513,5.063,164.578,992.592,4707.500,-4051.250,-2458.750,23.691,83,2698,16272,538,-463,-281,-335,0,0
7996168925,4.941,164.029,992.531,4655.000,-4016.250,-2476.250,23.641,81,2689,16271,532,-459,-283,-348,0,0
7996178330,4.758,164.212,992.287,4812.500,-4077.500,-2458.750,23.641,78,2692,16267,550,-466,-281,-348,0,0
7996187742,6.161,164.212,991.860,4707.500,-4016.250,-2450.000,23.695,101,2692,16260,538,-459,-280,-334,0,0
7996197149,5.612,164.700,991.860,4716.250,-4016.250,-2467.500,23.695,92,2700,16260,539,-459,-282,-334,0,0
7996206562,5.246,166.042,992.775,4803.750,-3998.750,-2450.000,23.695,86,2722,16275,549,-457,-280,-334,0,0
7996215967,4.575,164.883,991.677,4698.750,-3990.000,-2441.250,23.695,75,2703,16257,537,-456,-279,-334,0,0
7996225378,3.599,165.493,992.165,4725.000,-4007.500,-2458.750,23.699,59,2713,16265,540,-458,-281,-333,0,0
7996234791,5.368,165.493,991.189,4768.750,-3998.750,-2467.500,23.699,88,2713,16249,545,-457,-282,-333,0,0
7996244196,5.124,165.615,991.311,4646.250,-3937.500,-2467.500,23.680,84,2715,16251,531,-450,-282,-338,0,0
7996253603,3.965,164.212,992.165,4628.750,-3972.500,-2441.250,23.680,65,2692,16265,529,-454,-279,-338,0,0
7996263016,5.002,164.151,991.555,4786.250,-3963.750,-2423.750,23.703,82,2691,16255,547,-453,-277,-332,0,0
7996272428,5.002,164.944,992.226,4760.000,-3981.250,-2415.000,23.703,82,2704,16266,544,-455,-276,-332,0,0
7996281833,4.575,165.127,991.921,4760.000,-4033.750,-2485.000,23.703,75,2707,16261,544,-461,-284,-332,0,0
7996291245,5.063,165.493,991.921,4725.000,-3998.750,-2520.000,23.703,83,2713,16261,540,-457,-288,-332,0,0
7996300652,4.941,164.334,990.762,4760.000,-3998.750,-2493.750,23.684,81,2694,16242,544,-457,-285,-337,0,0
7996310066,5.734,165.127,993.080,4873.750,-4068.750,-2467.500,23.684,94,2707,16280,557,-465,-282,-337,0,0
7996319471,4.453,165.676,992.775,4725.000,-4016.250,-2476.250,23.672,73,2716,16275,540,-459,-283,-340,0,0
7996328883,6.161,165.432,991.189,4733.750,-3981.250,-2476.250,23.672,101,2712,16249,541,-455,-283,-340,0,0
7996338291,4.758,165.249,991.738,4786.250,-4033.750,-2441.250,23.676,78,2709,16258,547,-461,-279,-339,0,0
7996347697,4.514,164.639,991.921,4795.000,-4051.250,-2467.500,23.676,74,2699,16261,548,-463,-282,-339,0,0
7996357110,5.429,164.273,990.091,4786.250,-3972.500,-2441.250,23.719,89,2693,16231,547,-454,-279,-328,0,0
7996366516,6.710,164.334,992.470,4751.250,-3998.750,-2441.250,23.719,110,2694,16270,543,-457,-279,-328,0,0
7996375930,5.185,165.432,993.629,4751.250,-3963.750,-2485.000,23.707,85,2712,16289,543,-453,-284,-331,0,0
7996385336,5.185,165.066,991.494,4646.250,-4016.250,-2450.000,23.707,85,2706,16254,531,-459,-280,-331,0,0
7996394743,5.185,164.761,990.884,4847.500,-4042.500,-2476.250,23.707,85,2701,16244,554,-462,-283,-331,0,0
7996404157,5.856,165.066,992.836,4812.500,-3990.000,-2458.750,23.707,96,2706,16276,550,-456,-281,-331,0,0
7996413563,5.002,165.493,991.433,4576.250,-4060.000,-2450.000,23.680,82,2713,16253,523,-464,-280,-338,0,0
7996422975,4.758,165.188,991.982,4637.500,-4007.500,-2423.750,23.680,78,2708,16262,530,-458,-277,-338,0,0
7996432381,4.270,164.273,991.738,4760.000,-4007.500,-2485.000,23.688,70,2693,16258,544,-458,-284,-336,0,0
7996441795,4.636,165.188,991.860,4585.000,-4025.000,-2458.750,23.688,76,2708,16260,524,-460,-281,-336,0,0
7996451201,5.429,163.968,992.104,4698.750,-4025.000,-2467.500,23.691,89,2688,16264,537,-460,-282,-335,0,0
7996460614,5.124,163.907,990.213,4733.750,-4016.250,-2467.500,23.691,84,2687,16233,541,-459,-282,-335,0,0
7996470020,5.185,164.395,992.348,4733.750,-3990.000,-2432.500,23.660,85,2695,16268,541,-456,-278,-343,0,0
7996479427,5.368,165.066,992.043,4830.000,-4033.750,-2441.250,23.660,88,2706,16263,552,-461,-279,-343,0,0
7996488840,4.819,165.920,992.165,4707.500,-3990.000,-2450.000,23.691,79,2720,16265,538,-456,-280,-335,0,0
7996498245,5.673,164.639,992.348,4655.000,-4051.250,-2476.250,23.691,93,2699,16268,532,-463,-283,-335,0,0
7996507660,6.100,164.700,992.592,4760.000,-4016.250,-2458.750,23.719,100,2700,16272,544,-459,-281,-328,0,0
7996517066,5.856,164.883,991.738,4733.750,-4016.250,-2458.750,23.719,96,2703,16258,541,-459,-281,-328,0,0
7996526479,5.124,164.883,992.714,4716.250,-4007.500,-2467.500,23.727,84,2703,16274,539,-458,-282,-326,0,0
7996535886,5.185,164.944,992.653,4777.500,-3972.500,-2458.750,23.727,85,2704,16273,546,-454,-281,-326,0,0
7996545293,5.124,164.944,992.592,4742.500,-3981.250,-2423.750,23.707,84,2704,16272,542,-455,-277,-331,0,0
7996554706,5.307,163.907,991.555,4707.500,-4016.250,-2467.500,23.707,87,2687,16255,538,-459,-282,-331,0,0
7996564115,5.734,164.883,992.226,4698.750,-3998.750,-2502.500,23.672,94,2703,16266,537,-457,-286,-340,0,0
7996573520,4.331,164.517,991.860,4725.000,-4007.500,-2432.500,23.672,71,2697,16260,540,-458,-278,-340,0,0
7996582933,5.124,164.883,991.494,4707.500,-3955.000,-2458.750,23.668,84,2703,16254,538,-452,-281,-341,0,0
7996592340,5.429,165.066,993.263,4698.750,-4016.250,-2458.750,23.668,89,2706,16283,537,-459,-281,-341,0,0
7996601754,4.514,164.761,992.226,4655.000,-4007.500,-2450.000,23.684,74,2701,16266,532,-458,-280,-337,0,0
7996611158,5.734,165.005,991.250,4532.500,-3990.000,-2485.000,23.684,94,2705,16250,518,-456,-284,-337,0,0
7996620572,5.063,164.212,992.104,4698.750,-3981.250,-2511.250,23.695,83,2692,16264,537,-455,-287,-334,0,0
7996629980,5.124,164.334,992.531,4690.000,-4016.250,-2502.500,23.695,84,2694,16271,536,-459,-286,-334,0,0
7996639386,4.697,163.724,993.080,4550.000,-4033.750,-2476.250,23.680,77,2684,16280,520,-461,-283,-338,0,0
7996648798,4.941,165.066,992.226,4637.500,-4016.250,-2458.750,23.680,81,2706,16266,530,-459,-281,-338,0,0
7996658207,5.185,165.249,991.494,4751.250,-3972.500,-2493.750,23.641,85,2709,16254,543,-454,-285,-348,0,0
7996667613,4.575,165.249,992.958,4707.500,-3920.000,-2450.000,23.641,75,2709,16278,538,-448,-280,-348,0,0
7996677027,3.965,165.493,992.287,4725.000,-4033.750,-2415.000,23.668,65,2713,16267,540,-461,-276,-341,0,0
7996686434,4.941,165.493,991.738,4725.000,-4025.000,-2450.000,23.668,81,2713,16258,540,-460,-280,-341,0,0
7996695840,4.453,164.700,993.324,4742.500,-4016.250,-2467.500,23.668,73,2700,16284,542,-459,-282,-341,0,0
7996705255,5.063,165.066,992.836,4690.000,-3990.000,-2458.750,23.668,83,2706,16276,536,-456,-281,-341,0,0
7996714662,5.734,164.517,991.799,4725.000,-4016.250,-2441.250,23.695,94,2697,16259,540,-459,-279,-334,0,0
7996724074,4.758,164.517,991.738,4655.000,-3963.750,-2467.500,23.695,78,2697,16258,532,-453,-282,-334,0,0
7996733483,3.904,164.273,992.592,4795.000,-4060.000,-2467.500,23.672,64,2693,16272,548,-464,-282,-340,0,0
7996742888,4.270,164.944,993.141,4768.750,-4095.000,-2476.250,23.672,70,2704,16281,545,-468,-283,-340,0,0
7996752302,4.636,164.944,993.202,4628.750,-3981.250,-2458.750,23.672,76,2704,16282,529,-455,-281,-340,0,0
7996761707,5.307,164.273,991.250,4733.750,-4007.500,-2476.250,23.672,87,2693,16250,541,-458,-283,-340,0,0
7996771114,3.721,164.578,992.775,4751.250,-4007.500,-2467.500,23.625,61,2698,16275,543,-458,-282,-352,0,0
7996780528,5.185,165.310,993.385,4786.250,-4016.250,-2441.250,23.625,85,2710,16285,547,-459,-279,-352,0,0
7996789936,4.819,165.981,993.263,4698.750,-4042.500,-2493.750,23.656,79,2721,16283,537,-462,-285,-344,0,0
7996799343,4.392,165.371,993.324,4663.750,-3963.750,-2467.500,23.656,72,2711,16284,533,-453,-282,-344,0,0
7996808757,5.551,165.493,991.250,4637.500,-3998.750,-2476.250,23.668,91,2713,16250,530,-457,-283,-341,0,0
7996818165,5.185,164.883,992.775,4480.000,-3981.250,-2450.000,23.668,85,2703,16275,512,-455,-280,-341,0,0
7996827570,5.002,164.883,993.385,4707.500,-3998.750,-2458.750,23.680,82,2703,16285,538,-457,-281,-338,0,0
7996836984,4.148,164.517,992.409,4760.000,-4060.000,-2458.750,23.680,68,2697,16269,544,-464,-281,-338,0,0
7996846392,4.880,164.944,992.531,4707.500,-3998.750,-2450.000,23.691,80,2704,16271,538,-457,-280,-335,0,0
7996855798,3.172,164.700,993.446,4873.750,-4060.000,-2467.500,23.691,52,2700,16286,557,-464,-282,-335,0,0
7996865214,4.941,165.066,991.311,4690.000,-4051.250,-2450.000,23.652,81,2706,16251,536,-463,-280,-345,0,0
7996874620,5.551,165.554,992.165,4672.500,-4025.000,-2485.000,23.652,91,2714,16265,534,-460,-284,-345,0,0
7996884027,4.575,165.066,991.982,4707.500,-3990.000,-2476.250,23.703,75,2706,16262,538,-456,-283,-332,0,0
7996893442,5.612,165.127,992.470,4733.750,-3990.000,-2485.000,23.703,92,2707,16270,541,-456,-284,-332,0,0
7996902849,4.453,165.188,991.860,4716.250,-3972.500,-2467.500,23.656,73,2708,16260,539,-454,-282,-344,0,0
7996912257,5.002,165.676,993.019,4628.750,-3981.250,-2450.000,23.656,82,2716,16279,529,-455,-280,-344,0,0
7996921663,4.148,164.212,992.714,4812.500,-4033.750,-2485.000,23.633,68,2692,16274,550,-461,-284,-350,0,0
7996931077,3.599,164.334,992.836,4733.750,-3998.750,-2502.500,23.633,59,2694,16276,541,-457,-286,-350,0,0
7996940485,4.331,164.456,992.714,4751.250,-4033.750,-2458.750,23.668,71,2696,16274,543,-461,-281,-341,0,0
7996949897,4.392,164.334,993.751,4725.000,-4033.750,-2485.000,23.668,72,2694,16291,540,-461,-284,-341,0,0
7996959305,4.819,165.371,992.653,4690.000,-3990.000,-2476.250,23.648,79,2711,16273,536,-456,-283,-346,0,0
7996968712,5.063,164.944,992.165,4567.500,-4025.000,-2450.000,23.648,83,2704,16265,522,-460,-280,-346,0,0
7996978125,4.758,165.188,992.226,4760.000,-3990.000,-2485.000,23.707,78,2708,16266,544,-456,-284,-331,0,0
7996987532,5.612,165.676,992.287,4725.000,-3972.500,-2467.500,23.707,92,2716,16267,540,-454,-282,-331,0,0
7996996938,5.917,165.005,992.592,4585.000,-3998.750,-2450.000,23.684,97,2705,16272,524,-457,-280,-337,0,0
7997006351,4.758,165.066,993.324,4593.750,-4077.500,-2476.250,23.684,78,2706,16284,525,-466,-283,-337,0,0
7997015760,4.697,164.517,992.653,4760.000,-4007.500,-2458.750,23.668,77,2697,16273,544,-458,-281,-341,0,0
7997025166,5.673,165.005,991.860,4733.750,-4077.500,-2450.000,23.668,93,2705,16260,541,-466,-280,-341,0,0
7997034575,4.331,164.944,990.945,4646.250,-4025.000,-2458.750,23.637,71,2704,16245,531,-460,-281,-349,0,0
7997043988,4.270,165.493,992.958,4777.500,-3946.250,-2450.000,23.637,70,2713,16278,546,-451,-280,-349,0,0
7997053397,4.392,166.469,992.592,4663.750,-3911.250,-2450.000,23.680,72,2729,16272,533,-447,-280,-338,0,0
7997062804,5.429,165.249,993.934,4742.500,-3963.750,-2450.000,23.680,89,2709,16294,542,-453,-280,-338,0,0
7997072212,4.453,165.066,991.677,4681.250,-4007.500,-2450.000,23.656,73,2706,16257,535,-458,-280,-344,0,0
7997081627,5.490,164.151,990.579,4585.000,-3972.500,-2467.500,23.656,90,2691,16239,524,-454,-282,-344,0,0
7997091034,5.856,163.846,991.799,4602.500,-4007.500,-2485.000,23.660,96,2686,16259,526,-458,-284,-343,0,0
7997100442,4.758,164.334,993.446,4637.500,-4033.750,-2485.000,23.660,78,2694,16286,530,-461,-284,-343,0,0
7997109849,5.795,165.737,992.287,4733.750,-3998.750,-2458.750,23.680,95,2717,16267,541,-457,-281,-338,0,0
7997119264,4.697,164.212,992.348,4716.250,-3990.000,-2441.250,23.680,77,2692,16268,539,-456,-279,-338,0,0
7997128671,3.660,164.822,990.701,4751.250,-3981.250,-2441.250,23.668,60,2702,16241,543,-455,-279,-341,0,0
7997138079,4.514,165.493,991.860,4593.750,-3955.000,-2432.500,23.668,74,2713,16260,525,-452,-278,-341,0,0
7997147493,5.124,165.371,992.531,4707.500,-4025.000,-2432.500,23.676,84,2711,16271,538,-460,-278,-339,0,0
7997156900,6.222,164.334,992.775,4672.500,-4007.500,-2458.750,23.676,102,2694,16275,534,-458,-281,-339,0,0
7997166308,5.490,165.432,991.616,4751.250,-4025.000,-2458.750,23.656,90,2712,16256,543,-460,-281,-344,0,0
7997175714,5.795,164.090,991.189,4611.250,-3955.000,-2432.500,23.656,95,2690,16249,527,-452,-278,-344,0,0
7997185129,4.941,164.517,992.897,4672.500,-4016.250,-2432.500,23.668,81,2697,16277,534,-459,-278,-341,0,0
7997194536,5.063,164.029,991.616,4751.250,-4025.000,-2441.250,23.668,83,2689,16256,543,-460,-279,-341,0,0
7997203943,4.514,165.249,991.494,4751.250,-4051.250,-2450.000,23.668,74,2709,16254,543,-463,-280,-341,0,0
7997213356,4.270,165.981,991.738,4768.750,-4051.250,-2520.000,23.668,70,2721,16258,545,-463,-288,-341,0,0
7997222764,5.185,165.127,992.531,4760.000,-3981.250,-2476.250,23.668,85,2707,16271,544,-455,-283,-341,0,0
7997232171,4.819,165.066,991.250,4795.000,-3955.000,-2450.000,23.668,79,2706,16250,548,-452,-280,-341,0,0
7997241585,4.575,164.578,991.982,4733.750,-4025.000,-2493.750,23.660,75,2698,16262,541,-460,-285,-343,0,0
7997250991,4.819,165.432,992.104,4707.500,-4016.250,-2502.500,23.660,79,2712,16264,538,-459,-286,-343,0,0
7997260398,4.880,164.212,991.250,4698.750,-3981.250,-2476.250,23.707,80,2692,16250,537,-455,-283,-331,0,0
7997269813,5.124,164.151,992.104,4646.250,-4016.250,-2476.250,23.707,84,2691,16264,531,-459,-283,-331,0,0
7997279219,5.124,165.005,992.531,4655.000,-4042.500,-2467.500,23.688,84,2705,16271,532,-462,-282,-336,0,0
7997288626,4.819,163.785,990.823,4698.750,-4033.750,-2485.000,23.688,79,2685,16243,537,-461,-284,-336,0,0
7997298040,5.002,165.249,991.555,4786.250,-4033.750,-2476.250,23.664,82,2709,16255,547,-461,-283,-342,0,0
7997307448,4.941,165.432,993.873,4751.250,-4033.750,-2467.500,23.664,81,2712,16293,543,-461,-282,-342,0,0
7997316854,5.185,165.066,993.568,4681.250,-4042.500,-2458.750,23.637,85,2706,16288,535,-462,-281,-349,0,0
7997326268,5.002,165.371,992.653,4690.000,-3981.250,-2458.750,23.637,82,2711,16273,536,-455,-281,-349,0,0
7997335676,4.880,164.639,990.701,4611.250,-4007.500,-2450.000,23.684,80,2699,16241,527,-458,-280,-337,0,0
7997345084,5.917,164.822,992.836,4777.500,-3990.000,-2467.500,23.684,97,2702,16276,546,-456,-282,-337,0,0
7997354491,4.819,165.371,992.592,4707.500,-4007.500,-2441.250,23.680,79,2711,16272,538,-458,-279,-338,0,0
7997363906,5.185,165.371,991.494,4725.000,-3998.750,-2502.500,23.680,85,2711,16254,540,-457,-286,-338,0,0
7997373313,4.636,165.127,991.616,4768.750,-3963.750,-2485.000,23.699,76,2707,16256,545,-453,-284,-333,0,0
7997382720,4.819,163.541,993.263,4838.750,-4033.750,-2423.750,23.699,79,2681,16283,553,-461,-277,-333,0,0
7997392133,4.697,165.188,991.921,4996.250,-3963.750,-2458.750,23.676,77,2708,16261,571,-453,-281,-339,0,0
7997401541,5.612,165.676,990.701,4768.750,-3998.750,-2467.500,23.676,92,2716,16241,545,-457,-282,-339,0,0
7997410948,4.514,163.297,991.494,4637.500,-4033.750,-2520.000,23.664,74,2677,16254,530,-461,-288,-342,0,0
7997420355,4.697,166.713,993.629,4751.250,-4007.500,-2458.750,23.664,77,2733,16289,543,-458,-281,-342,0,0
7997429770,4.453,164.212,991.067,4681.250,-4025.000,-2441.250,23.695,73,2692,16247,535,-460,-279,-334,0,0
7997439177,4.514,165.798,990.030,4698.750,-4025.000,-2423.750,23.695,74,2718,16230,537,-460,-277,-334,0,0
7997448584,5.429,164.883,991.555,4768.750,-4016.250,-2450.000,23.664,89,2703,16255,545,-459,-280,-342,0,0
7997457996,5.124,164.639,991.494,4742.500,-4025.000,-2441.250,23.664,84,2699,16254,542,-460,-279,-342,0,0
7997467404,5.246,164.700,990.945,4768.750,-4025.000,-2458.750,23.668,86,2700,16245,545,-460,-281,-341,0,0
7997476818,4.941,164.517,991.311,4681.250,-4033.750,-2467.500,23.668,81,2697,16251,535,-461,-282,-341,0,0
7997486223,4.209,165.432,993.263,4637.500,-3955.000,-2432.500,23.656,69,2712,16283,530,-452,-278,-344,0,0
7997495630,5.002,164.639,991.250,4558.750,-3955.000,-2458.750,23.656,82,2699,16250,521,-452,-281,-344,0,0
7997505045,4.819,165.310,991.067,4786.250,-4068.750,-2511.250,23.680,79,2710,16247,547,-465,-287,-338,0,0
7997514450,5.917,164.822,991.189,4821.250,-4051.250,-2502.500,23.680,97,2702,16249,551,-463,-286,-338,0,0
7997523864,4.697,165.066,991.311,4751.250,-3963.750,-2476.250,23.680,77,2706,16251,543,-453,-283,-338,0,0
7997533271,4.819,165.310,991.189,4655.000,-3998.750,-2511.250,23.680,79,2710,16249,532,-457,-287,-338,0,0
7997542679,4.575,164.578,992.226,4637.500,-4016.250,-2485.000,23.633,75,2698,16266,530,-459,-284,-350,0,0
7997552087,4.819,164.578,991.250,4655.000,-4060.000,-2476.250,23.633,79,2698,16250,532,-464,-283,-350,0,0
7997561501,5.368,165.798,991.982,4698.750,-4077.500,-2458.750,23.680,88,2718,16262,537,-466,-281,-338,0,0
7997570908,4.819,163.358,992.043,4733.750,-4033.750,-2467.500,23.680,79,2678,16263,541,-461,-282,-338,0,0
7997580314,4.331,165.432,992.348,4830.000,-3972.500,-2476.250,23.648,71,2712,16268,552,-454,-283,-346,0,0
7997589728,5.429,164.517,992.592,4760.000,-3946.250,-2485.000,23.648,89,2697,16272,544,-451,-284,-346,0,0
7997599136,4.209,165.005,992.348,4768.750,-4007.500,-2493.750,23.652,69,2705,16268,545,-458,-285,-345,0,0
7997608542,5.673,165.310,991.677,4768.750,-3928.750,-2476.250,23.652,93,2710,16257,545,-449,-283,-345,0,0
7997617956,5.795,164.700,991.860,4733.750,-3981.250,-2467.500,23.691,95,2700,16260,541,-455,-282,-335,0,0
7997627363,4.880,164.639,990.457,4698.750,-3946.250,-2467.500,23.691,80,2699,16237,537,-451,-282,-335,0,0
7997636770,5.246,165.371,991.494,4716.250,-4007.500,-2485.000,23.668,86,2711,16254,539,-458,-284,-341,0,0
7997646182,4.880,166.042,992.287,4698.750,-4007.500,-2458.750,23.668,80,2722,16267,537,-458,-281,-341,0,0
7997655590,5.429,165.188,991.311,4707.500,-3955.000,-2450.000,23.695,89,2708,16251,538,-452,-280,-334,0,0
7997664997,5.368,164.517,991.128,4611.250,-3937.500,-2441.250,23.695,88,2697,16248,527,-450,-279,-334,0,0
7997674412,5.307,164.273,990.823,4865.000,-4025.000,-2458.750,23.703,87,2693,16243,556,-460,-281,-332,0,0
7997683818,5.185,165.188,993.019,4795.000,-4025.000,-2467.500,23.703,85,2708,16279,548,-460,-282,-332,0,0
7997693225,5.063,165.737,994.483,4786.250,-4007.500,-2415.000,23.645,83,2717,16303,547,-458,-276,-347,0,0
7997702640,4.392,164.700,991.555,4777.500,-3946.250,-2441.250,23.645,72,2700,16255,546,-451,-279,-347,0,0
7997712048,4.148,164.334,990.945,4742.500,-3998.750,-2458.750,23.699,68,2694,16245,542,-457,-281,-333,0,0
7997721456,5.368,164.334,992.104,4768.750,-4016.250,-2450.000,23.699,88,2694,16264,545,-459,-280,-333,0,0
7997730862,5.246,164.761,992.714,4646.250,-3998.750,-2432.500,23.625,86,2701,16274,531,-457,-278,-352,0,0
7997740276,4.941,164.578,992.409,4663.750,-3911.250,-2423.750,23.625,81,2698,16269,533,-447,-277,-352,0,0
7997749683,4.331,165.188,993.141,4760.000,-3990.000,-2467.500,23.688,71,2708,16281,544,-456,-282,-336,0,0
7997759096,5.551,164.639,990.945,4637.500,-3990.000,-2441.250,23.688,91,2699,16245,530,-456,-279,-336,0,0
7997768504,5.185,163.236,991.555,4760.000,-4025.000,-2458.750,23.664,85,2676,16255,544,-460,-281,-342,0,0
7997777910,5.856,165.005,992.104,4812.500,-4095.000,-2476.250,23.664,96,2705,16264,550,-468,-283,-342,0,0
7997787324,4.453,164.883,993.263,4733.750,-4016.250,-2458.750,23.699,73,2703,16283,541,-459,-281,-333,0,0
7997796731,4.392,163.846,992.836,4725.000,-4025.000,-2441.250,23.699,72,2686,16276,540,-460,-279,-333,0,0
7997806137,4.575,164.761,991.372,4768.750,-4025.000,-2441.250,23.668,75,2701,16252,545,-460,-279,-341,0,0
7997815550,5.002,165.493,992.958,4725.000,-4068.750,-2476.250,23.668,82,2713,16278,540,-465,-283,-341,0,0
7997824958,4.819,164.944,992.165,4690.000,-4025.000,-2467.500,23.711,79,2704,16265,536,-460,-282,-330,0,0
7997834371,4.880,164.456,991.250,4733.750,-4016.250,-2450.000,23.711,80,2696,16250,541,-459,-280,-330,0,0
7997843777,5.063,163.358,993.141,4707.500,-3955.000,-2467.500,23.676,83,2678,16281,538,-452,-282,-339,0,0
7997853189,4.880,164.090,992.470,4838.750,-3990.000,-2441.250,23.676,80,2690,16270,553,-456,-279,-339,0,0
7997862597,4.941,164.944,991.738,4760.000,-4016.250,-2432.500,23.652,81,2704,16258,544,-459,-278,-345,0,0
7997872004,4.697,164.822,991.494,4663.750,-4025.000,-2476.250,23.652,77,2702,16254,533,-460,-283,-345,0,0
7997881412,5.612,164.578,993.507,4777.500,-4007.500,-2476.250,23.684,92,2698,16287,546,-458,-283,-337,0,0
7997890825,4.575,164.639,993.202,4751.250,-4016.250,-2441.250,23.684,75,2699,16282,543,-459,-279,-337,0,0
7997900231,4.331,165.920,991.860,4716.250,-4033.750,-2441.250,23.688,71,2720,16260,539,-461,-279,-336,0,0
7997909645,5.124,165.127,991.494,4637.500,-4042.500,-2476.250,23.688,84,2707,16254,530,-462,-283,-336,0,0
7997919051,4.880,165.493,991.982,4751.250,-4016.250,-2467.500,23.656,80,2713,16262,543,-459,-282,-344,0,0
7997928464,5.551,165.066,992.531,4777.500,-4033.750,-2458.750,23.656,91,2706,16271,546,-461,-281,-344,0,0
7997937870,5.185,164.517,991.799,4803.750,-3946.250,-2458.750,23.656,85,2697,16259,549,-451,-281,-344,0,0
7997947276,5.185,164.273,991.677,4795.000,-3963.750,-2432.500,23.656,85,2693,16257,548,-453,-278,-344,0,0
7997956690,3.721,164.700,992.226,4698.750,-3990.000,-2450.000,23.668,61,2700,16266,537,-456,-280,-341,0,0
7997966097,5.185,165.615,992.592,4628.750,-4025.000,-2458.750,23.668,85,2715,16272,529,-460,-281,-341,0,0
7997975505,5.063,164.883,991.982,4698.750,-4033.750,-2450.000,23.664,83,2703,16262,537,-461,-280,-342,0,0
7997984917,4.636,165.432,992.226,4681.250,-4042.500,-2467.500,23.664,76,2712,16266,535,-462,-282,-342,0,0
7997994324,5.734,164.761,993.324,4725.000,-4016.250,-2441.250,23.695,94,2701,16284,540,-459,-279,-334,0,0
7998003738,5.795,165.432,992.470,4760.000,-3990.000,-2441.250,23.695,95,2712,16270,544,-456,-279,-334,0,0
7998013145,5.917,165.676,993.812,4620.000,-3972.500,-2450.000,23.668,97,2716,16292,528,-454,-280,-341,0,0
7998022550,4.819,165.554,993.263,4602.500,-3998.750,-2485.000,23.668,79,2714,16283,526,-457,-284,-341,0,0
7998031965,4.453,164.822,991.921,4707.500,-3990.000,-2458.750,23.641,73,2702,16261,538,-456,-281,-348,0,0
7998041371,4.636,165.005,991.921,4690.000,-3972.500,-2450.000,23.641,76,2705,16261,536,-454,-280,-348,0,0
7998050783,4.636,164.944,992.165,4777.500,-4086.250,-2458.750,23.672,76,2704,16265,546,-467,-281,-340,0,0
7998060189,4.331,164.883,992.897,4655.000,-4051.250,-2467.500,23.672,71,2703,16277,532,-463,-282,-340,0,0
7998069597,4.270,164.944,991.494,4733.750,-3972.500,-2441.250,23.648,70,2704,16254,541,-454,-279,-346,0,0
7998079011,4.758,165.127,991.067,4742.500,-4016.250,-2458.750,23.648,78,2707,16247,542,-459,-281,-346,0,0
7998088419,4.819,165.249,993.263,4716.250,-4007.500,-2423.750,23.723,79,2709,16283,539,-458,-277,-327,0,0
7998097825,6.771,165.310,991.738,4751.250,-3990.000,-2458.750,23.723,111,2710,16258,543,-456,-281,-327,0,0
7998107239,4.575,165.310,992.165,4681.250,-3990.000,-2432.500,23.719,75,2710,16265,535,-456,-278,-328,0,0
7998116646,4.392,165.371,991.799,4672.500,-3963.750,-2423.750,23.719,72,2711,16259,534,-453,-277,-328,0,0
7998126053,4.819,165.249,993.202,4672.500,-4060.000,-2467.500,23.648,79,2709,16282,534,-464,-282,-346,0,0
7998135462,5.734,166.042,991.860,4742.500,-4060.000,-2467.500,23.648,94,2722,16260,542,-464,-282,-346,0,0
7998144874,5.551,164.883,990.762,4760.000,-4068.750,-2450.000,23.641,91,2703,16242,544,-465,-280,-348,0,0
7998154286,5.368,164.883,992.104,4786.250,-4060.000,-2450.000,23.641,88,2703,16264,547,-464,-280,-348,0,0
7998163692,5.063,165.432,992.531,4733.750,-4016.250,-2441.250,23.691,83,2712,16271,541,-459,-279,-335,0,0
7998173104,4.636,165.432,991.982,4786.250,-4033.750,-2458.750,23.691,76,2712,16262,547,-461,-281,-335,0,0
7998182512,4.697,165.127,991.250,4742.500,-4086.250,-2458.750,23.645,77,2707,16250,542,-467,-281,-347,0,0
7998191924,5.917,165.371,992.348,4655.000,-4051.250,-2493.750,23.645,97,2711,16268,532,-463,-285,-347,0,0
7998201331,5.917,165.249,991.921,4628.750,-4007.500,-2485.000,23.680,97,2709,16261,529,-458,-284,-338,0,0
7998210738,4.575,165.371,991.982,4646.250,-3990.000,-2467.500,23.680,75,2711,16262,531,-456,-282,-338,0,0
7998220151,6.161,166.103,993.324,4672.500,-4007.500,-2467.500,23.672,101,2723,16284,534,-458,-282,-340,0,0
7998229557,4.880,165.127,992.653,4620.000,-4007.500,-2458.750,23.672,80,2707,16273,528,-458,-281,-340,0,0
7998238964,5.978,164.212,992.836,4602.500,-3946.250,-2467.500,23.641,98,2692,16276,526,-451,-282,-348,0,0
7998248378,5.124,164.883,991.616,4777.500,-3955.000,-2458.750,23.641,84,2703,16256,546,-452,-281,-348,0,0
7998257785,5.124,164.212,991.738,4681.250,-3963.750,-2467.500,23.672,84,2692,16258,535,-453,-282,-340,0,0
7998267198,4.697,164.822,992.836,4698.750,-3946.250,-2441.250,23.672,77,2702,16276,537,-451,-279,-340,0,0
7998276604,3.904,164.883,992.897,4803.750,-3963.750,-2476.250,23.680,64,2703,16277,549,-453,-283,-338,0,0
7998286012,4.514,165.188,993.019,4768.750,-3990.000,-2450.000,23.680,74,2708,16279,545,-456,-280,-338,0,0
7998295426,4.636,164.456,992.653,4786.250,-3972.500,-2476.250,23.695,76,2696,16273,547,-454,-283,-334,0,0
7998304831,5.368,164.944,991.494,4655.000,-4007.500,-2458.750,23.695,88,2704,16254,532,-458,-281,-334,0,0
7998314238,5.978,165.249,992.653,4760.000,-4060.000,-2441.250,23.699,98,2709,16273,544,-464,-279,-333,0,0
7998323654,5.185,164.822,994.971,4803.750,-4068.750,-2511.250,23.699,85,2702,16311,549,-465,-287,-333,0,0
7998333061,4.575,164.639,994.239,4803.750,-4051.250,-2467.500,23.688,75,2699,16299,549,-463,-282,-336,0,0
7998342469,5.124,163.724,992.165,4777.500,-3972.500,-2467.500,23.688,84,2684,16265,546,-454,-282,-336,0,0
7998351881,5.002,165.188,992.714,4777.500,-3990.000,-2441.250,23.680,82,2708,16274,546,-456,-279,-338,0,0
7998361289,4.880,164.822,993.507,4795.000,-4025.000,-2467.500,23.680,80,2702,16287,548,-460,-282,-338,0,0
7998370695,4.392,165.066,992.348,4690.000,-3972.500,-2476.250,23.680,72,2706,16268,536,-454,-283,-338,0,0
7998380109,5.124,165.249,992.165,4838.750,-4042.500,-2485.000,23.680,84,2709,16265,553,-462,-284,-338,0,0
7998389516,4.514,165.371,993.446,4681.250,-4007.500,-2458.750,23.695,74,2711,16286,535,-458,-281,-334,0,0
7998398923,5.185,164.578,993.324,4663.750,-3972.500,-2458.750,23.695,85,2698,16284,533,-454,-281,-334,0,0
7998408336,4.087,165.188,991.738,4751.250,-3998.750,-2485.000,23.695,67,2708,16258,543,-457,-284,-334,0,0
7998417744,4.514,165.066,992.653,4733.750,-3990.000,-2502.500,23.695,74,2706,16273,541,-456,-286,-334,0,0
7998427150,5.612,164.151,993.446,4655.000,-4033.750,-2502.500,23.672,92,2691,16286,532,-461,-286,-340,0,0
7998436564,4.758,165.371,993.690,4655.000,-3990.000,-2467.500,23.672,78,2711,16290,532,-456,-282,-340,0,0
7998445971,4.087,165.127,992.226,4690.000,-4007.500,-2476.250,23.684,67,2707,16266,536,-458,-283,-337,0,0
7998455378,5.124,165.127,992.165,4707.500,-4060.000,-2485.000,23.684,84,2707,16265,538,-464,-284,-337,0,0
7998464793,5.124,164.517,992.714,4628.750,-4007.500,-2458.750,23.668,84,2697,16274,529,-458,-281,-341,0,0
7998474200,3.904,165.249,992.043,4725.000,-3937.500,-2458.750,23.668,64,2709,16263,540,-450,-281,-341,0,0
7998483607,5.307,164.822,992.653,4777.500,-4016.250,-2458.750,23.672,87,2702,16273,546,-459,-281,-340,0,0
7998493015,4.514,164.822,992.531,4725.000,-4033.750,-2450.000,23.672,74,2702,16271,540,-461,-280,-340,0,0
7998502430,5.429,165.127,992.836,4803.750,-3981.250,-2441.250,23.672,89,2707,16276,549,-455,-279,-340,0,0
7998511836,6.100,165.615,993.568,4760.000,-4016.250,-2423.750,23.672,100,2715,16288,544,-459,-277,-340,0,0
7998521243,4.575,164.578,992.592,4698.750,-3972.500,-2423.750,23.676,75,2698,16272,537,-454,-277,-339,0,0
7998530655,4.392,165.554,993.324,4628.750,-3981.250,-2450.000,23.676,72,2714,16284,529,-455,-280,-339,0,0
7998540061,4.819,165.371,992.470,4628.750,-3998.750,-2467.500,23.660,79,2711,16270,529,-457,-282,-343,0,0
7998549476,5.307,164.761,993.324,4733.750,-3955.000,-2441.250,23.660,87,2701,16284,541,-452,-279,-343,0,0
7998558881,4.514,165.615,993.507,4698.750,-4025.000,-2493.750,23.699,74,2715,16287,537,-460,-285,-333,0,0
7998568296,4.697,164.517,992.653,4768.750,-4007.500,-2520.000,23.699,77,2697,16273,545,-458,-288,-333,0,0
7998577703,4.819,164.517,992.897,4725.000,-3990.000,-2476.250,23.633,79,2697,16277,540,-456,-283,-350,0,0
7998587111,5.368,164.822,993.202,4786.250,-4025.000,-2467.500,23.633,88,2702,16282,547,-460,-282,-350,0,0
7998596518,4.697,164.700,993.812,4768.750,-4103.750,-2467.500,23.691,77,2700,16292,545,-469,-282,-335,0,0
7998605931,5.002,164.639,993.324,4620.000,-4068.750,-2441.250,23.691,82,2699,16284,528,-465,-279,-335,0,0
7998615338,6.161,165.188,991.738,4663.750,-4103.750,-2458.750,23.691,101,2708,16258,533,-469,-281,-335,0,0
7998624746,5.795,165.493,993.019,4830.000,-4112.500,-2476.250,23.691,95,2713,16279,552,-470,-283,-335,0,0
7998634161,5.307,164.700,994.361,4733.750,-4007.500,-2485.000,23.770,87,2700,16301,541,-458,-284,-315,0,0
7998643568,4.636,165.127,993.690,4742.500,-4042.500,-2485.000,23.770,76,2707,16290,542,-462,-284,-315,0,0
7998652975,4.270,165.066,992.348,4768.750,-4016.250,-2476.250,23.703,70,2706,16268,545,-459,-283,-332,0,0
7998662383,5.124,165.493,991.555,4698.750,-3998.750,-2432.500,23.703,84,2713,16255,537,-457,-278,-332,0,0
7998671797,5.002,164.883,992.165,4602.500,-3990.000,-2450.000,23.738,82,2703,16265,526,-456,-280,-323,0,0
7998681205,5.185,165.188,992.653,4716.250,-3981.250,-2441.250,23.738,85,2708,16273,539,-455,-279,-323,0,0
7998690611,5.246,165.127,992.165,4716.250,-3990.000,-2476.250,23.648,86,2707,16265,539,-456,-283,-346,0,0
7998700025,4.453,164.639,993.934,4698.750,-3963.750,-2476.250,23.648,73,2699,16294,537,-453,-283,-346,0,0
7998709433,4.209,165.920,992.958,4646.250,-3955.000,-2476.250,23.691,69,2720,16278,531,-452,-283,-335,0,0
7998718838,5.429,165.371,992.531,4585.000,-4051.250,-2493.750,23.691,89,2711,16271,524,-463,-285,-335,0,0
7998728253,4.758,165.554,992.348,4821.250,-4033.750,-2458.750,23.672,78,2714,16268,551,-461,-281,-340,0,0
7998737661,5.551,164.944,992.409,4830.000,-4016.250,-2458.750,23.672,91,2704,16269,552,-459,-281,-340,0,0
7998747068,5.185,165.066,994.056,4558.750,-3981.250,-2458.750,23.680,85,2706,16296,521,-455,-281,-338,0,0
7998756481,5.124,165.493,993.568,4593.750,-3972.500,-2450.000,23.680,84,2713,16288,525,-454,-280,-338,0,0
7998765888,4.514,164.700,993.507,4672.500,-3990.000,-2485.000,23.695,74,2700,16287,534,-456,-284,-334,0,0
7998775296,5.368,165.859,992.653,4681.250,-3972.500,-2432.500,23.695,88,2719,16273,535,-454,-278,-334,0,0
7998784703,5.429,164.212,991.982,4777.500,-3963.750,-2441.250,23.727,89,2692,16262,546,-453,-279,-326,0,0
7998794118,5.429,165.249,993.263,4768.750,-4007.500,-2441.250,23.727,89,2709,16283,545,-458,-279,-326,0,0
7998803525,4.819,165.310,993.934,4768.750,-3990.000,-2467.500,23.699,79,2710,16294,545,-456,-282,-333,0,0
7998812931,5.551,165.615,993.812,4865.000,-4025.000,-2458.750,23.699,91,2715,16292,556,-460,-281,-333,0,0
7998822346,4.575,164.883,991.982,4733.750,-4025.000,-2432.500,23.723,75,2703,16262,541,-460,-278,-327,0,0
7998831752,5.734,164.456,991.433,4672.500,-4033.750,-2467.500,23.723,94,2696,16253,534,-461,-282,-327,0,0
7998841160,5.063,165.249,992.104,4803.750,-4016.250,-2476.250,23.695,83,2709,16264,549,-459,-283,-334,0,0
7998850573,5.368,165.066,993.263,4786.250,-3981.250,-2485.000,23.695,88,2706,16283,547,-455,-284,-334,0,0
7998859979,5.307,165.127,993.934,4812.500,-4007.500,-2467.500,23.664,87,2707,16294,550,-458,-282,-342,0,0
7998869393,5.429,164.395,992.287,4795.000,-3998.750,-2493.750,23.664,89,2695,16267,548,-457,-285,-342,0,0
7998878800,4.453,164.578,993.507,4742.500,-3990.000,-2476.250,23.711,73,2698,16287,542,-456,-283,-330,0,0
7998888206,4.819,164.517,992.836,4803.750,-4042.500,-2467.500,23.711,79,2697,16276,549,-462,-282,-330,0,0
7998897621,4.453,165.432,993.507,4690.000,-3990.000,-2441.250,23.695,73,2712,16287,536,-456,-279,-334,0,0
7998907027,5.063,164.029,995.215,4672.500,-3955.000,-2458.750,23.695,83,2689,16315,534,-452,-281,-334,0,0
7998916435,4.636,165.310,994.117,4777.500,-3990.000,-2432.500,23.664,76,2710,16297,546,-456,-278,-342,0,0
7998925843,5.368,165.005,993.812,4768.750,-4042.500,-2467.500,23.664,88,2705,16292,545,-462,-282,-342,0,0
7998935255,4.941,164.273,991.799,4777.500,-4051.250,-2458.750,23.727,81,2693,16259,546,-463,-281,-326,0,0
7998944663,5.246,164.578,992.287,4873.750,-3998.750,-2476.250,23.727,86,2698,16267,557,-457,-283,-326,0,0
7998954070,4.697,164.700,993.202,4733.750,-4042.500,-2485.000,23.699,77,2700,16282,541,-462,-284,-333,0,0
7998963484,4.880,164.944,993.629,4655.000,-4007.500,-2476.250,23.699,80,2704,16289,532,-458,-283,-333,0,0
7998972892,4.575,165.493,992.470,4716.250,-4007.500,-2467.500,23.734,75,2713,16270,539,-458,-282,-324,0,0
7998982298,5.246,164.273,993.202,4821.250,-3998.750,-2476.250,23.734,86,2693,16282,551,-457,-283,-324,0,0
7998991712,5.917,164.700,993.202,4795.000,-4016.250,-2458.750,23.703,97,2700,16282,548,-459,-281,-332,0,0
7999001119,4.026,165.310,993.019,4751.250,-3998.750,-2467.500,23.703,66,2710,16279,543,-457,-282,-332,0,0
7999010526,5.063,164.578,992.592,4672.500,-3990.000,-2441.250,23.691,83,2698,16272,534,-456,-279,-335,0,0
7999019941,6.100,165.554,994.483,4690.000,-3963.750,-2476.250,23.691,100,2714,16303,536,-453,-283,-335,0,0
7999029347,5.612,165.005,994.605,4672.500,-4007.500,-2441.250,23.723,92,2705,16305,534,-458,-279,-327,0,0
7999038755,5.185,166.042,992.775,4716.250,-4007.500,-2450.000,23.723,85,2722,16275,539,-458,-280,-327,0,0
7999048168,4.148,165.371,992.104,4760.000,-4033.750,-2476.250,23.727,68,2711,16264,544,-461,-283,-326,0,0
7999057575,5.002,164.700,993.507,4751.250,-4025.000,-2485.000,23.727,82,2700,16287,543,-460,-284,-326,0,0
7999066982,4.819,165.005,993.690,4672.500,-3963.750,-2458.750,23.699,79,2705,16290,534,-453,-281,-333,0,0
7999076395,4.819,165.005,992.470,4786.250,-3928.750,-2467.500,23.699,79,2705,16270,547,-449,-282,-333,0,0
7999085802,5.429,164.273,992.653,4742.500,-3981.250,-2467.500,23.723,89,2693,16273,542,-455,-282,-327,0,0
7999095210,5.429,163.968,992.836,4716.250,-3998.750,-2441.250,23.723,89,2688,16276,539,-457,-279,-327,0,0
7999104624,5.551,164.639,993.324,4751.250,-4042.500,-2467.500,23.711,91,2699,16284,543,-462,-282,-330,0,0
7999114032,4.697,165.127,993.507,4663.750,-4025.000,-2476.250,23.711,77,2707,16287,533,-460,-283,-330,0,0
7999123439,6.161,167.079,993.568,4663.750,-4016.250,-2458.750,23.742,101,2739,16288,533,-459,-281,-322,0,0
7999132847,5.063,164.944,993.568,4733.750,-3990.000,-2441.250,23.742,83,2704,16288,541,-456,-279,-322,0,0
7999142261,5.429,165.188,992.104,4707.500,-4007.500,-2450.000,23.715,89,2708,16264,538,-458,-280,-329,0,0
7999151666,6.222,164.944,993.263,4795.000,-4033.750,-2476.250,23.715,102,2704,16283,548,-461,-283,-329,0,0
7999161081,4.636,164.212,993.629,4777.500,-4051.250,-2493.750,23.789,76,2692,16289,546,-463,-285,-310,0,0
7999170488,4.453,164.578,994.849,4812.500,-4156.250,-2502.500,23.789,73,2698,16309,550,-475,-286,-310,0,0
7999179894,5.124,163.846,993.995,4786.250,-4042.500,-2502.500,23.734,84,2686,16295,547,-462,-286,-324,0,0
7999189310,5.063,164.517,991.616,4716.250,-3981.250,-2458.750,23.734,83,2697,16256,539,-455,-281,-324,0,0
7999198715,5.429,164.395,991.860,4733.750,-4007.500,-2458.750,23.734,89,2695,16260,541,-458,-281,-324,0,0
7999208128,4.453,165.066,993.507,4830.000,-4068.750,-2467.500,23.734,73,2706,16287,552,-465,-282,-324,0,0
7999217537,3.904,165.066,994.178,4725.000,-4112.500,-2485.000,23.727,64,2706,16298,540,-470,-284,-326,0,0
7999226943,6.039,164.700,993.873,4751.250,-4103.750,-2485.000,23.727,99,2700,16293,543,-469,-284,-326,0,0
7999236353,6.039,165.554,992.836,4690.000,-3998.750,-2467.500,23.727,99,2714,16276,536,-457,-282,-326,0,0
7999245764,5.002,165.127,992.531,4646.250,-3937.500,-2441.250,23.727,82,2707,16271,531,-450,-279,-326,0,0
7999255171,5.124,164.395,992.714,4707.500,-4016.250,-2467.500,23.688,84,2695,16274,538,-459,-282,-336,0,0
7999264579,6.344,164.395,992.836,4751.250,-4033.750,-2467.500,23.688,104,2695,16276,543,-461,-282,-336,0,0
7999273991,5.856,164.822,992.348,4830.000,-3990.000,-2450.000,23.695,96,2702,16268,552,-456,-280,-334,0,0
7999283397,5.002,165.371,992.592,4812.500,-4077.500,-2441.250,23.695,82,2711,16272,550,-466,-279,-334,0,0
7999292811,4.026,164.395,992.470,4856.250,-4051.250,-2450.000,23.676,66,2695,16270,555,-463,-280,-339,0,0
7999302218,5.429,165.188,993.019,4733.750,-4016.250,-2485.000,23.676,89,2708,16279,541,-459,-284,-339,0,0
7999311630,5.246,164.944,992.409,4742.500,-4016.250,-2450.000,23.672,86,2704,16269,542,-459,-280,-340,0,0
7999321034,4.697,166.164,992.897,4803.750,-3981.250,-2441.250,23.672,77,2724,16277,549,-455,-279,-340,0,0
7999330446,5.185,166.164,993.324,4602.500,-3937.500,-2458.750,23.660,85,2724,16284,526,-450,-281,-343,0,0
7999339854,4.880,165.493,993.507,4646.250,-3990.000,-2458.750,23.660,80,2713,16287,531,-456,-281,-343,0,0
7999349267,5.002,164.517,992.836,4760.000,-3998.750,-2458.750,23.684,82,2697,16276,544,-457,-281,-337,0,0
7999358672,5.856,164.151,992.775,4733.750,-4007.500,-2458.750,23.684,96,2691,16275,541,-458,-281,-337,0,0
7999368085,4.453,163.846,992.165,4786.250,-3981.250,-2441.250,23.676,73,2686,16265,547,-455,-279,-339,0,0
7999377492,4.941,164.456,992.409,4716.250,-3990.000,-2467.500,23.676,81,2696,16269,539,-456,-282,-339,0,0
7999386899,4.880,164.883,992.653,4663.750,-3955.000,-2441.250,23.668,80,2703,16273,533,-452,-279,-341,0,0
7999396312,4.880,166.103,992.897,4567.500,-3902.500,-2441.250,23.668,80,2723,16277,522,-446,-279,-341,0,0
7999405720,4.941,165.188,992.958,4672.500,-4007.500,-2458.750,23.688,81,2708,16278,534,-458,-281,-336,0,0
7999415126,6.222,165.249,991.311,4733.750,-4016.250,-2450.000,23.688,102,2709,16251,541,-459,-280,-336,0,0
7999424539,5.246,164.700,993.873,4751.250,-4025.000,-2441.250,23.711,86,2700,16293,543,-460,-279,-330,0,0
7999433948,5.124,165.310,992.897,4795.000,-4042.500,-2485.000,23.711,84,2710,16277,548,-462,-284,-330,0,0
7999443360,4.636,164.883,993.019,4663.750,-4051.250,-2511.250,23.730,76,2703,16279,533,-463,-287,-325,0,0
7999452767,4.087,164.395,991.372,4628.750,-3946.250,-2493.750,23.730,67,2695,16252,529,-451,-285,-325,0,0
7999462175,4.453,164.212,992.409,4742.500,-4033.750,-2493.750,23.641,73,2692,16269,542,-461,-285,-348,0,0
7999471587,6.283,164.883,993.507,4698.750,-4051.250,-2467.500,23.641,103,2703,16287,537,-463,-282,-348,0,0
7999480991,5.307,164.395,992.958,4716.250,-4033.750,-2467.500,23.664,87,2695,16278,539,-461,-282,-342,0,0
7999490404,5.978,165.127,992.531,4663.750,-3998.750,-2476.250,23.664,98,2707,16271,533,-457,-283,-342,0,0
7999499810,5.795,165.249,992.104,4663.750,-3937.500,-2458.750,23.688,95,2709,16264,533,-450,-281,-336,0,0
7999509224,5.002,165.066,992.775,4707.500,-3972.500,-2485.000,23.688,82,2706,16275,538,-454,-284,-336,0,0
7999518629,5.002,164.578,993.263,4838.750,-3963.750,-2476.250,23.672,82,2698,16283,553,-453,-283,-340,0,0
7999528042,4.636,165.188,992.348,4655.000,-3963.750,-2441.250,23.672,76,2708,16268,532,-453,-279,-340,0,0
7999537449,5.124,165.310,992.714,4663.750,-3998.750,-2467.500,23.699,84,2710,16274,533,-457,-282,-333,0,0
7999546856,4.453,164.700,992.348,4672.500,-4025.000,-2511.250,23.699,73,2700,16268,534,-460,-287,-333,0,0
7999556269,4.758,164.456,992.104,4795.000,-4042.500,-2502.500,23.727,78,2696,16264,548,-462,-286,-326,0,0
7999565676,5.490,165.005,991.799,4795.000,-4025.000,-2458.750,23.727,90,2705,16259,548,-460,-281,-326,0,0
7999575090,4.880,164.761,990.640,4803.750,-4068.750,-2467.500,23.695,80,2701,16240,549,-465,-282,-334,0,0
7999584495,4.941,164.822,991.738,4716.250,-4077.500,-2476.250,23.695,81,2702,16258,539,-466,-283,-334,0,0
7999593906,3.965,165.249,992.470,4856.250,-4007.500,-2458.750,23.723,65,2709,16270,555,-458,-281,-327,0,0
7999603318,5.002,165.737,993.141,4725.000,-3955.000,-2441.250,23.723,82,2717,16281,540,-452,-279,-327,0,0
7999612725,4.575,165.432,993.019,4742.500,-4007.500,-2450.000,23.699,75,2712,16279,542,-458,-280,-333,0,0
7999622132,5.673,165.005,991.189,4681.250,-4025.000,-2458.750,23.699,93,2705,16249,535,-460,-281,-333,0,0
7999631544,4.514,164.456,991.555,4681.250,-4016.250,-2432.500,23.691,74,2696,16255,535,-459,-278,-335,0,0
7999640956,4.087,164.517,992.897,4795.000,-4025.000,-2450.000,23.691,67,2697,16277,548,-460,-280,-335,0,0
7999650361,5.002,165.554,993.202,4698.750,-3946.250,-2450.000,23.684,82,2714,16282,537,-451,-280,-337,0,0
7999659769,5.002,164.334,992.897,4725.000,-4025.000,-2467.500,23.684,82,2694,16277,540,-460,-282,-337,0,0
7999669182,5.612,164.700,992.470,4628.750,-3998.750,-2493.750,23.676,92,2700,16270,529,-457,-285,-339,0,0
7999678587,4.453,163.358,991.677,4672.500,-4016.250,-2485.000,23.676,73,2678,16257,534,-459,-284,-339,0,0
7999687998,4.392,165.371,993.080,4707.500,-4051.250,-2476.250,23.691,72,2711,16280,538,-463,-283,-335,0,0
7999697409,4.941,164.944,991.738,4655.000,-4016.250,-2441.250,23.691,81,2704,16258,532,-459,-279,-335,0,0
7999706821,3.294,164.883,992.409,4768.750,-4025.000,-2441.250,23.695,54,2703,16269,545,-460,-279,-334,0,0
7999716226,5.978,165.554,992.958,4742.500,-4042.500,-2432.500,23.695,98,2714,16278,542,-462,-278,-334,0,0
7999725639,4.697,165.371,992.348,4733.750,-3998.750,-2458.750,23.676,77,2711,16268,541,-457,-281,-339,0,0
7999735047,5.185,165.249,992.226,4733.750,-3990.000,-2476.250,23.676,85,2709,16266,541,-456,-283,-339,0,0
7999744452,5.002,165.127,992.287,4768.750,-4060.000,-2450.000,23.660,82,2707,16267,545,-464,-280,-343,0,0
7999753863,4.697,165.066,992.653,4716.250,-4051.250,-2476.250,23.660,77,2706,16273,539,-463,-283,-343,0,0
7999763276,4.514,165.249,991.311,4786.250,-4007.500,-2467.500,23.672,74,2709,16251,547,-458,-282,-340,0,0
7999772683,5.673,164.944,991.616,4777.500,-3998.750,-2458.750,23.672,93,2704,16256,546,-457,-281,-340,0,0
7999782089,4.270,165.066,992.714,4777.500,-3981.250,-2450.000,23.695,70,2706,16274,546,-455,-280,-334,0,0
7999791502,5.429,164.090,992.104,4733.750,-3981.250,-2476.250,23.695,89,2690,16264,541,-455,-283,-334,0,0
7999800914,5.307,164.517,991.433,4760.000,-4016.250,-2467.500,23.664,87,2697,16253,544,-459,-282,-342,0,0
7999810320,4.819,164.944,992.348,4760.000,-4025.000,-2450.000,23.664,79,2704,16268,544,-460,-280,-342,0,0
7999819726,5.429,165.432,992.714,4760.000,-4042.500,-2467.500,23.676,89,2712,16274,544,-462,-282,-339,0,0
7999829140,4.209,165.005,992.165,4777.500,-4033.750,-2476.250,23.676,69,2705,16265,546,-461,-283,-339,0,0
7999838544,4.575,165.676,993.080,4786.250,-4007.500,-2467.500,23.699,75,2716,16280,547,-458,-282,-333,0,0
7999847955,4.514,164.273,993.873,4768.750,-4033.750,-2502.500,23.699,74,2693,16293,545,-461,-286,-333,0,0
7999857367,4.941,165.188,992.531,4742.500,-3990.000,-2511.250,23.672,81,2708,16271,542,-456,-287,-340,0,0
7999866774,5.856,165.920,992.165,4760.000,-4042.500,-2502.500,23.672,96,2720,16265,544,-462,-286,-340,0,0
7999876181,4.575,164.517,991.311,4838.750,-3972.500,-2485.000,23.664,75,2697,16251,553,-454,-284,-342,0,0
7999885593,5.368,164.151,992.409,4725.000,-3946.250,-2458.750,23.664,88,2691,16269,540,-451,-281,-342,0,0
7999895005,4.758,164.578,992.531,4707.500,-4007.500,-2476.250,23.691,78,2698,16271,538,-458,-283,-335,0,0
7999904410,4.331,165.127,992.287,4733.750,-4007.500,-2458.750,23.691,71,2707,16267,541,-458,-281,-335,0,0
7999913821,5.063,165.554,993.751,4795.000,-3990.000,-2485.000,23.652,83,2714,16291,548,-456,-284,-345,0,0
7999923232,5.429,165.127,992.653,4725.000,-3963.750,-2450.000,23.652,89,2707,16273,540,-453,-280,-345,0,0
7999932643,6.466,165.005,992.226,4725.000,-3998.750,-2415.000,23.699,106,2705,16266,540,-457,-276,-333,0,0
7999942048,6.161,164.761,992.287,4725.000,-3998.750,-2450.000,23.699,101,2701,16267,540,-457,-280,-333,0,0
7999951460,5.063,165.554,993.629,4795.000,-3990.000,-2458.750,23.676,83,2714,16289,548,-456,-281,-339,0,0
7999960871,4.758,165.737,993.751,4716.250,-4051.250,-2467.500,23.676,78,2717,16291,539,-463,-282,-339,0,0
7999970277,4.758,164.517,992.653,4655.000,-3911.250,-2432.500,23.648,78,2697,16273,532,-447,-278,-346,0,0
7999979685,5.978,164.883,991.555,4690.000,-3990.000,-2467.500,23.648,98,2703,16255,536,-456,-282,-346,0,0
7999989097,4.819,165.310,992.287,4716.250,-3955.000,-2476.250,23.711,79,2710,16267,539,-452,-283,-330,0,0
7999998508,4.636,164.517,992.043,4760.000,-3998.750,-2476.250,23.711,76,2697,16263,544,-457,-283,-330,0,0
8000007913,4.636,163.602,991.738,4786.250,-4060.000,-2441.250,23.676,76,2682,16258,547,-464,-279,-339,0,0
8000017324,4.697,164.761,992.165,4742.500,-3981.250,-2458.750,23.676,77,2701,16265,542,-455,-281,-339,0,0
8000026737,4.819,165.615,992.287,4795.000,-4007.500,-2406.250,23.648,79,2715,16267,548,-458,-275,-346,0,0
8000036145,4.636,165.554,993.507,4742.500,-3998.750,-2467.500,23.648,76,2714,16287,542,-457,-282,-346,0,0
8000045551,5.063,164.883,993.568,4777.500,-4025.000,-2502.500,23.656,83,2703,16288,546,-460,-286,-344,0,0
8000054962,4.941,165.127,992.531,4742.500,-3972.500,-2485.000,23.656,81,2707,16271,542,-454,-284,-344,0,0
8000064367,4.758,165.798,993.446,4698.750,-3981.250,-2441.250,23.699,78,2718,16286,537,-455,-279,-333,0,0
8000073783,5.124,164.700,992.104,4690.000,-3955.000,-2467.500,23.699,84,2700,16264,536,-452,-282,-333,0,0
8000083189,3.904,164.212,992.043,4838.750,-4060.000,-2493.750,23.719,64,2692,16263,553,-464,-285,-328,0,0
8000092601,5.307,164.395,992.470,4733.750,-3998.750,-2485.000,23.719,87,2695,16270,541,-457,-284,-328,0,0
8000102007,5.307,164.578,992.531,4716.250,-4033.750,-2476.250,23.691,87,2698,16271,539,-461,-283,-335,0,0
8000111415,4.636,165.920,993.751,4672.500,-3998.750,-2458.750,23.691,76,2720,16291,534,-457,-281,-335,0,0
8000120827,4.880,165.005,992.104,4681.250,-3990.000,-2441.250,23.703,80,2705,16264,535,-456,-279,-332,0,0
8000130232,5.246,165.615,991.189,4576.250,-3981.250,-2467.500,23.703,86,2715,16249,523,-455,-282,-332,0,0
8000139644,5.124,165.981,992.531,4768.750,-3981.250,-2441.250,23.711,84,2721,16271,545,-455,-279,-330,0,0
8000149056,4.819,165.249,992.592,4760.000,-4025.000,-2458.750,23.711,79,2709,16272,544,-460,-281,-330,0,0
8000158462,5.063,164.395,993.202,4646.250,-4033.750,-2476.250,23.688,83,2695,16282,531,-461,-283,-336,0,0
8000167870,4.758,164.761,992.775,4742.500,-4007.500,-2450.000,23.688,78,2701,16275,542,-458,-280,-336,0,0
8000177282,5.246,164.334,992.165,4646.250,-4025.000,-2485.000,23.719,86,2694,16265,531,-460,-284,-328,0,0
8000186693,4.880,165.005,992.287,4690.000,-4007.500,-2458.750,23.719,80,2705,16267,536,-458,-281,-328,0,0
8000196104,5.002,165.005,992.409,4830.000,-4042.500,-2423.750,23.672,82,2705,16269,552,-462,-277,-340,0,0
8000205510,5.673,164.883,990.396,4821.250,-4033.750,-2458.750,23.672,93,2703,16236,551,-461,-281,-340,0,0
8000214919,5.246,164.639,991.616,4751.250,-3998.750,-2476.250,23.695,86,2699,16256,543,-457,-283,-334,0,0
8000224331,4.819,165.310,991.982,4777.500,-4068.750,-2467.500,23.695,79,2710,16262,546,-465,-282,-334,0,0
8000233737,4.941,165.127,993.934,4725.000,-3998.750,-2415.000,23.688,81,2707,16294,540,-457,-276,-336,0,0
8000243145,5.307,165.493,993.019,4655.000,-3963.750,-2423.750,23.688,87,2713,16279,532,-453,-277,-336,0,0
8000252558,5.368,164.639,991.494,4742.500,-4007.500,-2458.750,23.672,88,2699,16254,542,-458,-281,-340,0,0
8000261963,5.612,163.907,991.311,4698.750,-4007.500,-2467.500,23.672,92,2687,16251,537,-458,-282,-340,0,0
8000271379,3.782,164.151,993.141,4725.000,-4051.250,-2467.500,23.691,62,2691,16281,540,-463,-282,-335,0,0
8000280784,3.538,164.395,992.714,4760.000,-4077.500,-2476.250,23.691,58,2695,16274,544,-466,-283,-335,0,0
8000290196,4.514,163.602,992.531,4847.500,-4042.500,-2476.250,23.684,74,2682,16271,554,-462,-283,-337,0,0
8000299600,4.819,165.249,991.799,4900.000,-4007.500,-2450.000,23.684,79,2709,16259,560,-458,-280,-337,0,0
8000309013,5.368,165.066,992.287,4865.000,-4051.250,-2450.000,23.695,88,2706,16267,556,-463,-280,-334,0,0
8000318422,4.941,165.310,991.616,4768.750,-3998.750,-2450.000,23.695,81,2710,16256,545,-457,-280,-334,0,0
8000327834,5.307,164.212,992.592,4777.500,-4007.500,-2432.500,23.734,87,2692,16272,546,-458,-278,-324,0,0
8000337239,4.392,165.493,992.775,4698.750,-4016.250,-2450.000,23.734,72,2713,16275,537,-459,-280,-324,0,0
8000346651,5.002,165.798,992.897,4681.250,-3972.500,-2467.500,23.680,82,2718,16277,535,-454,-282,-338,0,0
8000356060,4.270,164.944,992.104,4716.250,-3981.250,-2467.500,23.680,70,2704,16264,539,-455,-282,-338,0,0
8000365465,5.368,164.273,990.579,4655.000,-3955.000,-2493.750,23.672,88,2693,16239,532,-452,-285,-340,0,0
8000374877,3.660,164.822,992.104,4672.500,-3998.750,-2485.000,23.672,60,2702,16264,534,-457,-284,-340,0,0
8000384290,4.331,165.188,992.531,4768.750,-3972.500,-2458.750,23.668,71,2708,16271,545,-454,-281,-341,0,0
8000393697,4.209,164.700,992.104,4663.750,-3981.250,-2476.250,23.668,69,2700,16264,533,-455,-283,-341,0,0
8000403104,4.453,165.615,992.470,4663.750,-4033.750,-2458.750,23.676,73,2715,16270,533,-461,-281,-339,0,0
8000412515,5.368,164.456,993.934,4698.750,-4033.750,-2450.000,23.676,88,2696,16294,537,-461,-280,-339,0,0
8000421921,4.819,164.822,992.470,4637.500,-3981.250,-2467.500,23.664,79,2702,16270,530,-455,-282,-342,0,0
8000431334,4.697,164.578,993.690,4742.500,-4016.250,-2441.250,23.664,77,2698,16290,542,-459,-279,-342,0,0
8000440742,4.514,165.005,993.873,4908.750,-3998.750,-2467.500,23.680,74,2705,16293,561,-457,-282,-338,0,0
8000450153,4.087,164.883,993.202,4786.250,-3963.750,-2458.750,23.680,67,2703,16282,547,-453,-281,-338,0,0
8000459558,4.270,164.944,992.226,4768.750,-4007.500,-2476.250,23.676,70,2704,16266,545,-458,-283,-339,0,0
8000468971,3.965,164.883,991.982,4777.500,-4060.000,-2458.750,23.676,65,2703,16262,546,-464,-281,-339,0,0
8000478378,4.758,164.639,992.104,4690.000,-4042.500,-2476.250,23.660,78,2699,16264,536,-462,-283,-343,0,0
8000487792,4.880,163.602,992.714,4707.500,-3981.250,-2467.500,23.660,80,2682,16274,538,-455,-282,-343,0,0
8000497198,4.880,165.188,993.751,4900.000,-4060.000,-2467.500,23.727,80,2708,16291,560,-464,-282,-326,0,0
8000506606,5.612,164.700,992.226,4786.250,-4042.500,-2441.250,23.727,92,2700,16266,547,-462,-279,-326,0,0
8000516018,4.941,165.249,993.507,4768.750,-3998.750,-2441.250,23.684,81,2709,16287,545,-457,-279,-337,0,0
8000525424,5.124,165.188,993.202,4760.000,-4007.500,-2441.250,23.684,84,2708,16282,544,-458,-279,-337,0,0
8000534832,5.429,165.310,993.080,4672.500,-3998.750,-2485.000,23.676,89,2710,16280,534,-457,-284,-339,0,0
8000544245,5.429,165.188,994.422,4655.000,-4025.000,-2485.000,23.676,89,2708,16302,532,-460,-284,-339,0,0
8000553651,4.514,165.066,993.507,4760.000,-4033.750,-2458.750,23.676,74,2706,16287,544,-461,-281,-339,0,0
8000563066,4.758,164.578,992.104,4690.000,-3981.250,-2441.250,23.676,78,2698,16264,536,-455,-279,-339,0,0
8000572472,5.490,165.493,992.958,4742.500,-4068.750,-2423.750,23.676,90,2713,16278,542,-465,-277,-339,0,0
8000581885,5.246,163.907,993.202,4865.000,-4060.000,-2450.000,23.676,86,2687,16282,556,-464,-280,-339,0,0
8000591294,5.063,165.005,993.934,4663.750,-3972.500,-2476.250,23.695,83,2705,16294,533,-454,-283,-334,0,0
8000600699,5.246,163.968,993.690,4760.000,-4007.500,-2441.250,23.695,86,2688,16290,544,-458,-279,-334,0,0
8000610113,5.307,164.334,992.897,4768.750,-3990.000,-2423.750,23.758,87,2694,16277,545,-456,-277,-318,0,0
8000619521,5.002,166.225,990.884,4620.000,-3955.000,-2423.750,23.758,82,2725,16244,528,-452,-277,-318,0,0
8000628926,4.697,165.615,992.409,4707.500,-3946.250,-2476.250,23.711,77,2715,16269,538,-451,-283,-330,0,0
8000638339,4.880,164.944,993.751,4690.000,-4016.250,-2458.750,23.711,80,2704,16291,536,-459,-281,-330,0,0
8000647746,3.965,165.249,993.812,4698.750,-4016.250,-2432.500,23.730,65,2709,16292,537,-459,-278,-325,0,0
8000657153,4.453,164.517,992.897,4681.250,-3990.000,-2450.000,23.730,73,2697,16277,535,-456,-280,-325,0,0
8000666566,5.246,163.846,991.250,4812.500,-3981.250,-2450.000,23.695,86,2686,16250,550,-455,-280,-334,0,0
8000675972,3.904,164.517,991.738,4838.750,-4033.750,-2476.250,23.695,64,2697,16258,553,-461,-283,-334,0,0
8000685388,4.331,164.517,993.141,4742.500,-4033.750,-2450.000,23.723,71,2697,16281,542,-461,-280,-327,0,0
8000694795,5.734,165.005,993.202,4681.250,-4016.250,-2458.750,23.723,94,2705,16282,535,-459,-281,-327,0,0
8000704203,5.063,165.432,991.982,4803.750,-3963.750,-2467.500,23.711,83,2712,16262,549,-453,-282,-330,0,0
8000713609,5.429,165.859,993.202,4716.250,-3981.250,-2458.750,23.711,89,2719,16282,539,-455,-281,-330,0,0
8000723024,5.368,165.859,993.141,4856.250,-4033.750,-2450.000,23.734,88,2719,16281,555,-461,-280,-324,0,0
8000732430,5.429,165.188,992.348,4865.000,-4033.750,-2441.250,23.734,89,2708,16268,556,-461,-279,-324,0,0
8000741842,5.307,165.798,992.409,4690.000,-3937.500,-2485.000,23.723,87,2718,16269,536,-450,-284,-327,0,0
8000751251,5.368,164.212,992.714,4760.000,-4016.250,-2476.250,23.723,88,2692,16274,544,-459,-283,-327,0,0
8000760658,4.758,164.700,993.324,4532.500,-4051.250,-2467.500,23.719,78,2700,16284,518,-463,-282,-328,0,0
8000770066,4.575,164.517,992.165,4663.750,-4068.750,-2467.500,23.719,75,2697,16265,533,-465,-282,-328,0,0
8000779479,5.307,164.578,993.324,4725.000,-3998.750,-2476.250,23.754,87,2698,16284,540,-457,-283,-319,0,0
8000788885,4.087,164.883,991.433,4707.500,-3998.750,-2450.000,23.754,67,2703,16253,538,-457,-280,-319,0,0
8000798293,4.941,163.907,991.494,4768.750,-4051.250,-2458.750,23.711,81,2687,16254,545,-463,-281,-330,0,0
8000807706,4.575,165.066,993.263,4821.250,-4103.750,-2441.250,23.711,75,2706,16283,551,-469,-279,-330,0,0
8000817113,5.368,164.456,992.470,4707.500,-3955.000,-2476.250,23.680,88,2696,16270,538,-452,-283,-338,0,0
8000826521,5.124,165.493,993.385,4646.250,-3955.000,-2493.750,23.680,84,2713,16285,531,-452,-285,-338,0,0
8000835934,5.673,164.212,992.287,4742.500,-4068.750,-2502.500,23.730,93,2692,16267,542,-465,-286,-325,0,0
8000845340,5.368,164.456,992.714,4786.250,-3990.000,-2441.250,23.730,88,2696,16274,547,-456,-279,-325,0,0
8000854753,5.124,164.944,993.080,4821.250,-4042.500,-2476.250,23.727,84,2704,16280,551,-462,-283,-326,0,0
8000864160,5.612,165.249,993.812,4830.000,-3998.750,-2493.750,23.727,92,2709,16292,552,-457,-285,-326,0,0
8000873574,4.697,164.944,992.775,4786.250,-4025.000,-2441.250,23.723,77,2704,16275,547,-460,-279,-327,0,0
8000882982,4.270,164.334,991.982,4803.750,-4068.750,-2450.000,23.723,70,2694,16262,549,-465,-280,-327,0,0
8000892389,4.514,165.127,993.995,4812.500,-4025.000,-2450.000,23.699,74,2707,16295,550,-460,-280,-333,0,0
8000901796,4.148,165.432,992.592,4786.250,-4042.500,-2467.500,23.699,68,2712,16272,547,-462,-282,-333,0,0
8000911210,5.246,164.700,991.189,4821.250,-3963.750,-2450.000,23.730,86,2700,16249,551,-453,-280,-325,0,0
8000920615,5.795,165.249,992.104,4742.500,-3998.750,-2467.500,23.730,95,2709,16264,542,-457,-282,-325,0,0
8000930023,5.612,165.676,992.287,4751.250,-4016.250,-2467.500,23.730,92,2716,16267,543,-459,-282,-325,0,0
8000939438,5.185,165.371,991.677,4707.500,-3998.750,-2432.500,23.730,85,2711,16257,538,-457,-278,-325,0,0
8000948846,4.575,164.212,990.762,4786.250,-4016.250,-2432.500,23.664,75,2692,16242,547,-459,-278,-342,0,0
8000958252,3.477,164.029,991.372,4786.250,-4025.000,-2467.500,23.664,57,2689,16252,547,-460,-282,-342,0,0
8000967667,4.941,165.005,992.653,4777.500,-4007.500,-2467.500,23.727,81,2705,16273,546,-458,-282,-326,0,0
8000977074,4.941,165.066,993.995,4655.000,-4051.250,-2467.500,23.727,81,2706,16295,532,-463,-282,-326,0,0
8000986481,4.270,165.249,992.165,4716.250,-4060.000,-2450.000,23.754,70,2709,16265,539,-464,-280,-319,0,0
8000995889,5.002,164.883,991.494,4786.250,-3972.500,-2476.250,23.754,82,2703,16254,547,-454,-283,-319,0,0
8001005303,5.429,165.371,992.958,4733.750,-4025.000,-2476.250,23.730,89,2711,16278,541,-460,-283,-325,0,0
8001014710,5.246,164.883,991.372,4698.750,-4025.000,-2432.500,23.730,86,2703,16252,537,-460,-278,-325,0,0
8001024118,4.819,164.700,991.677,4830.000,-4007.500,-2458.750,23.770,79,2700,16257,552,-458,-281,-315,0,0
8001033525,5.917,165.127,991.128,4681.250,-3990.000,-2476.250,23.770,97,2707,16248,535,-456,-283,-315,0,0
8001042939,5.795,164.273,991.738,4681.250,-4016.250,-2441.250,23.703,95,2693,16258,535,-459,-279,-332,0,0
8001052345,5.490,164.334,991.555,4655.000,-4042.500,-2493.750,23.703,90,2694,16255,532,-462,-285,-332,0,0
8001061754,4.026,164.517,991.860,4681.250,-3998.750,-2493.750,23.688,66,2697,16260,535,-457,-285,-336,0,0
8001071168,4.270,165.249,992.043,4733.750,-3998.750,-2458.750,23.688,70,2709,16263,541,-457,-281,-336,0,0
8001080576,4.392,164.822,992.043,4760.000,-4016.250,-2467.500,23.719,72,2702,16263,544,-459,-282,-328,0,0
8001089982,4.941,165.432,992.165,4768.750,-4007.500,-2441.250,23.719,81,2712,16265,545,-458,-279,-328,0,0
8001099396,5.307,165.310,990.640,4707.500,-3990.000,-2432.500,23.699,87,2710,16240,538,-456,-278,-333,0,0
8001108804,6.039,164.822,991.555,4690.000,-4033.750,-2441.250,23.699,99,2702,16255,536,-461,-279,-333,0,0
8001118212,5.673,164.578,992.714,4725.000,-3990.000,-2458.750,23.730,93,2698,16274,540,-456,-281,-325,0,0
8001127620,4.819,166.286,994.056,4795.000,-3990.000,-2467.500,23.730,79,2726,16296,548,-456,-282,-325,0,0
8001137033,4.453,164.212,991.982,4690.000,-4016.250,-2458.750,23.750,73,2692,16262,536,-459,-281,-320,0,0
8001146440,5.795,163.907,992.043,4725.000,-3998.750,-2493.750,23.750,95,2687,16263,540,-457,-285,-320,0,0
8001155847,5.246,164.395,990.213,4821.250,-4007.500,-2485.000,23.707,86,2695,16233,551,-458,-284,-331,0,0
8001165260,4.819,163.968,990.701,4830.000,-3998.750,-2502.500,23.707,79,2688,16241,552,-457,-286,-331,0,0
8001174669,3.782,164.944,991.738,4803.750,-3998.750,-2467.500,23.789,62,2704,16258,549,-457,-282,-310,0,0
8001184075,4.331,165.920,991.799,4707.500,-3955.000,-2423.750,23.789,71,2720,16259,538,-452,-277,-310,0,0
8001193484,4.331,165.188,991.067,4725.000,-3990.000,-2441.250,23.699,71,2708,16247,540,-456,-279,-333,0,0
8001202897,4.941,165.066,992.165,4611.250,-3972.500,-2467.500,23.699,81,2706,16265,527,-454,-282,-333,0,0
8001212303,5.246,164.883,991.555,4768.750,-4033.750,-2476.250,23.711,86,2703,16255,545,-461,-283,-330,0,0
8001221711,5.490,164.700,991.433,4777.500,-4033.750,-2441.250,23.711,90,2700,16253,546,-461,-279,-330,0,0
8001231124,6.039,164.761,992.104,4742.500,-4016.250,-2467.500,23.695,99,2701,16264,542,-459,-282,-334,0,0
8001240530,5.307,165.127,992.043,4690.000,-3981.250,-2476.250,23.695,87,2707,16263,536,-455,-283,-334,0,0
8001249939,4.514,164.761,992.470,4777.500,-3981.250,-2467.500,23.719,74,2701,16270,546,-455,-282,-328,0,0
8001259352,5.307,165.249,991.677,4672.500,-3981.250,-2476.250,23.719,87,2709,16257,534,-455,-283,-328,0,0
8001268760,5.185,165.615,991.250,4742.500,-4042.500,-2493.750,23.695,85,2715,16250,542,-462,-285,-334,0,0
8001278167,6.039,166.713,991.860,4550.000,-4042.500,-2467.500,23.695,99,2733,16260,520,-462,-282,-334,0,0
8001287581,5.368,165.737,993.202,4716.250,-3998.750,-2485.000,23.746,88,2717,16282,539,-457,-284,-321,0,0
8001296989,4.880,164.090,992.531,4690.000,-3963.750,-2450.000,23.746,80,2690,16271,536,-453,-280,-321,0,0
8001306395,5.673,164.090,991.311,4716.250,-3972.500,-2450.000,23.691,93,2690,16251,539,-454,-280,-335,0,0
8001315809,6.039,165.310,992.531,4742.500,-3981.250,-2467.500,23.691,99,2710,16271,542,-455,-282,-335,0,0
8001325215,5.063,164.273,993.019,4786.250,-3981.250,-2485.000,23.746,83,2693,16279,547,-455,-284,-321,0,0
8001334628,3.843,164.456,992.470,4698.750,-4007.500,-2467.500,23.746,63,2696,16270,537,-458,-282,-321,0,0
8001344037,5.063,164.700,992.043,4760.000,-4007.500,-2458.750,23.711,83,2700,16263,544,-458,-281,-330,0,0
8001353444,5.490,165.005,992.165,4733.750,-4051.250,-2458.750,23.711,90,2705,16265,541,-463,-281,-330,0,0
8001362851,4.270,165.737,991.738,4655.000,-3990.000,-2450.000,23.738,70,2717,16258,532,-456,-280,-323,0,0
8001372266,5.185,164.944,992.165,4716.250,-4042.500,-2441.250,23.738,85,2704,16265,539,-462,-279,-323,0,0
8001381671,4.636,165.615,992.531,4716.250,-3981.250,-2458.750,23.703,76,2715,16271,539,-455,-281,-332,0,0
8001391079,4.453,164.944,993.385,4733.750,-3990.000,-2441.250,23.703,73,2704,16285,541,-456,-279,-332,0,0
8001400493,5.002,164.395,993.751,4760.000,-3963.750,-2450.000,23.723,82,2695,16291,544,-453,-280,-327,0,0
8001409897,5.978,164.151,992.104,4830.000,-4016.250,-2450.000,23.723,98,2691,16264,552,-459,-280,-327,0,0
8001419310,5.917,162.626,991.433,4786.250,-3990.000,-2458.750,23.746,97,2666,16253,547,-456,-281,-321,0,0
8001428717,5.307,163.602,992.348,4838.750,-4051.250,-2450.000,23.746,87,2682,16268,553,-463,-280,-321,0,0
8001438131,4.209,164.456,994.056,4698.750,-4007.500,-2458.750,23.711,69,2696,16296,537,-458,-281,-330,0,0
8001447536,5.063,165.249,993.263,4672.500,-4068.750,-2485.000,23.711,83,2709,16283,534,-465,-284,-330,0,0
8001456950,4.514,165.188,992.287,4672.500,-3998.750,-2458.750,23.680,74,2708,16267,534,-457,-281,-338,0,0
8001466357,5.124,164.517,993.141,4760.000,-3990.000,-2450.000,23.680,84,2697,16281,544,-456,-280,-338,0,0
8001475763,4.453,165.127,993.263,4777.500,-3990.000,-2485.000,23.699,73,2707,16283,546,-456,-284,-333,0,0
8001485175,6.039,164.944,992.897,4716.250,-3955.000,-2467.500,23.699,99,2704,16277,539,-452,-282,-333,0,0
8001494584,5.307,164.761,992.348,4707.500,-3998.750,-2476.250,23.699,87,2701,16268,538,-457,-283,-333,0,0
8001503996,6.100,165.493,993.934,4690.000,-4060.000,-2467.500,23.699,100,2713,16294,536,-464,-282,-333,0,0
8001513402,4.941,164.761,992.531,4628.750,-4016.250,-2458.750,23.742,81,2701,16271,529,-459,-281,-322,0,0
8001522815,4.819,164.578,991.738,4637.500,-4007.500,-2441.250,23.742,79,2698,16258,530,-458,-279,-322,0,0
8001532222,5.368,165.188,992.104,4786.250,-3998.750,-2458.750,23.699,88,2708,16264,547,-457,-281,-333,0,0
8001541627,4.514,164.395,992.409,4873.750,-3972.500,-2485.000,23.699,74,2695,16269,557,-454,-284,-333,0,0
8001551039,4.026,165.554,992.226,4751.250,-3990.000,-2458.750,23.738,66,2714,16266,543,-456,-281,-323,0,0
8001560452,5.124,164.395,993.568,4873.750,-3963.750,-2432.500,23.738,84,2695,16288,557,-453,-278,-323,0,0
8001569860,6.222,164.456,993.507,4760.000,-4033.750,-2450.000,23.672,102,2696,16287,544,-461,-280,-340,0,0
8001579266,6.649,164.822,992.592,4838.750,-4086.250,-2450.000,23.672,109,2702,16272,553,-467,-280,-340,0,0
8001588679,6.344,164.456,992.470,4725.000,-4033.750,-2458.750,23.676,104,2696,16270,540,-461,-281,-339,0,0
8001598086,6.100,164.700,992.897,4628.750,-4060.000,-2450.000,23.676,100,2700,16277,529,-464,-280,-339,0,0
8001607492,5.673,165.310,994.117,4786.250,-4007.500,-2467.500,23.645,93,2710,16297,547,-458,-282,-347,0,0
8001616905,5.978,166.042,992.592,4716.250,-4007.500,-2423.750,23.645,98,2722,16272,539,-458,-277,-347,0,0
8001626312,5.185,165.798,992.836,4681.250,-3990.000,-2450.000,23.719,85,2718,16276,535,-456,-280,-328,0,0
8001635726,4.331,164.456,991.250,4655.000,-3981.250,-2450.000,23.719,71,2696,16250,532,-455,-280,-328,0,0
8001645131,3.538,165.127,993.629,4830.000,-3998.750,-2450.000,23.648,58,2707,16289,552,-457,-280,-346,0,0
8001654542,5.307,164.883,994.117,4742.500,-4007.500,-2493.750,23.648,87,2703,16297,542,-458,-285,-346,0,0
8001663954,5.246,164.822,992.531,4768.750,-3998.750,-2493.750,23.734,86,2702,16271,545,-457,-285,-324,0,0
8001673359,4.819,165.127,994.300,4777.500,-4086.250,-2476.250,23.734,79,2707,16300,546,-467,-283,-324,0,0
8001682773,5.734,163.907,993.629,4725.000,-4025.000,-2511.250,23.688,94,2687,16289,540,-460,-287,-336,0,0
8001692180,4.880,165.066,993.202,4725.000,-4016.250,-2511.250,23.688,80,2706,16282,540,-459,-287,-336,0,0
8001701586,4.758,165.188,993.629,4821.250,-3998.750,-2502.500,23.688,78,2708,16289,551,-457,-286,-336,0,0
8001711001,4.880,165.127,993.080,4698.750,-3963.750,-2458.750,23.688,80,2707,16280,537,-453,-281,-336,0,0
8001720407,5.124,164.944,992.958,4681.250,-3990.000,-2441.250,23.699,84,2704,16278,535,-456,-279,-333,0,0
8001729819,5.246,165.249,992.714,4655.000,-3998.750,-2432.500,23.699,86,2709,16274,532,-457,-278,-333,0,0
8001739224,5.124,164.944,992.897,4742.500,-3990.000,-2441.250,23.668,84,2704,16277,542,-456,-279,-341,0,0
8001748638,4.209,165.432,992.897,4847.500,-4068.750,-2502.500,23.668,69,2712,16277,554,-465,-286,-341,0,0
8001758045,4.819,165.127,993.141,4690.000,-4077.500,-2450.000,23.680,79,2707,16281,536,-466,-280,-338,0,0
8001767457,6.100,165.066,994.849,4716.250,-4007.500,-2485.000,23.680,100,2706,16309,539,-458,-284,-338,0,0
8001776861,6.466,164.944,993.080,4707.500,-4033.750,-2485.000,23.672,106,2704,16280,538,-461,-284,-340,0,0
8001786273,6.039,164.578,991.494,4725.000,-4042.500,-2458.750,23.672,99,2698,16254,540,-462,-281,-340,0,0
8001795679,5.612,165.676,992.775,4786.250,-3955.000,-2441.250,23.680,92,2716,16275,547,-452,-279,-338,0,0
8001805093,5.307,165.249,994.300,4882.500,-4025.000,-2476.250,23.680,87,2709,16300,558,-460,-283,-338,0,0
8001814499,5.063,165.920,993.324,4760.000,-3981.250,-2476.250,23.691,83,2720,16284,544,-455,-283,-335,0,0
8001823911,5.124,164.883,991.555,4628.750,-3998.750,-2441.250,23.691,84,2703,16255,529,-457,-279,-335,0,0
8001833317,5.368,164.883,992.653,4821.250,-4033.750,-2485.000,23.699,88,2703,16273,551,-461,-284,-333,0,0
8001842730,5.551,164.273,992.226,4716.250,-4042.500,-2493.750,23.699,91,2693,16266,539,-462,-285,-333,0,0
8001852137,5.002,164.639,993.263,4768.750,-4051.250,-2493.750,23.699,82,2699,16283,545,-463,-285,-333,0,0
8001861549,5.124,164.212,993.446,4803.750,-3990.000,-2485.000,23.699,84,2692,16286,549,-456,-284,-333,0,0
8001870953,5.551,165.188,993.202,4742.500,-3981.250,-2476.250,23.660,91,2708,16282,542,-455,-283,-343,0,0
8001880365,5.307,165.188,993.263,4742.500,-4033.750,-2476.250,23.660,87,2708,16283,542,-461,-283,-343,0,0
8001889771,5.673,165.066,991.555,4742.500,-4033.750,-2467.500,23.676,93,2706,16255,542,-461,-282,-339,0,0
8001899186,5.490,164.456,992.409,4707.500,-4007.500,-2432.500,23.676,90,2696,16269,538,-458,-278,-339,0,0
8001908591,4.636,164.090,993.324,4681.250,-3998.750,-2441.250,23.711,76,2690,16284,535,-457,-279,-330,0,0
8001918004,5.002,164.517,993.263,4690.000,-4051.250,-2485.000,23.711,82,2697,16283,536,-463,-284,-330,0,0
8001927415,4.514,164.151,993.385,4760.000,-3955.000,-2467.500,23.715,74,2691,16285,544,-452,-282,-329,0,0
8001936821,5.368,164.700,992.836,4698.750,-3972.500,-2493.750,23.715,88,2700,16276,537,-454,-285,-329,0,0
8001946228,5.429,165.371,992.714,4733.750,-3998.750,-2441.250,23.676,89,2711,16274,541,-457,-279,-339,0,0
8001955641,5.612,164.700,993.507,4655.000,-3990.000,-2467.500,23.676,92,2700,16287,532,-456,-282,-339,0,0
8001965046,5.490,164.212,994.178,4698.750,-4025.000,-2502.500,23.680,90,2692,16298,537,-460,-286,-338,0,0
8001974457,5.246,164.395,992.836,4733.750,-4007.500,-2467.500,23.680,86,2695,16276,541,-458,-282,-338,0,0
8001983868,5.063,164.822,991.799,4725.000,-3998.750,-2467.500,23.695,83,2702,16259,540,-457,-282,-334,0,0
8001993280,4.941,165.432,992.592,4672.500,-3981.250,-2476.250,23.695,81,2712,16272,534,-455,-283,-334,0,0
8002002685,4.697,164.578,992.287,4760.000,-4025.000,-2441.250,23.680,77,2698,16267,544,-460,-279,-338,0,0
8002012095,5.978,164.029,993.141,4716.250,-4007.500,-2476.250,23.680,98,2689,16281,539,-458,-283,-338,0,0
8002021508,4.636,164.578,992.287,4655.000,-3963.750,-2485.000,23.707,76,2698,16267,532,-453,-284,-331,0,0
8002030912,4.941,165.432,991.860,4821.250,-4007.500,-2476.250,23.707,81,2712,16260,551,-458,-283,-331,0,0
8002040320,4.575,165.432,992.287,4812.500,-4033.750,-2467.500,23.727,75,2712,16267,550,-461,-282,-326,0,0
8002049733,5.734,165.005,992.836,4821.250,-4060.000,-2458.750,23.727,94,2705,16276,551,-464,-281,-326,0,0
8002059145,4.880,165.554,994.178,4908.750,-4007.500,-2441.250,23.719,80,2714,16298,561,-458,-279,-328,0,0
8002068549,4.880,164.883,993.080,4786.250,-4051.250,-2476.250,23.719,80,2703,16280,547,-463,-283,-328,0,0
8002077960,5.917,165.005,992.531,4768.750,-4042.500,-2458.750,23.695,97,2705,16271,545,-462,-281,-334,0,0
8002087372,5.490,165.371,992.226,4716.250,-4077.500,-2476.250,23.695,90,2711,16266,539,-466,-283,-334,0,0
8002096780,6.039,166.042,992.653,4585.000,-3990.000,-2485.000,23.719,99,2722,16273,524,-456,-284,-328,0,0
8002106186,4.941,165.920,993.568,4698.750,-3946.250,-2458.750,23.719,81,2720,16288,537,-451,-281,-328,0,0
8002115598,3.416,164.578,993.141,4733.750,-3972.500,-2450.000,23.688,56,2698,16281,541,-454,-280,-336,0,0
8002125010,5.063,164.761,992.714,4760.000,-3963.750,-2441.250,23.688,83,2701,16274,544,-453,-279,-336,0,0
8002134415,4.941,164.517,993.873,4768.750,-4016.250,-2450.000,23.691,81,2697,16293,545,-459,-280,-335,0,0
8002143825,5.124,165.493,993.934,4725.000,-3981.250,-2467.500,23.691,84,2713,16294,540,-455,-282,-335,0,0
8002153237,5.734,164.883,992.836,4821.250,-4025.000,-2485.000,23.730,94,2703,16276,551,-460,-284,-325,0,0
8002162641,6.039,165.249,994.239,4760.000,-3990.000,-2450.000,23.730,99,2709,16299,544,-456,-280,-325,0,0
8002172052,4.453,165.432,991.738,4725.000,-3998.750,-2450.000,23.699,73,2712,16258,540,-457,-280,-333,0,0
8002181464,4.880,164.944,992.531,4786.250,-3990.000,-2493.750,23.699,80,2704,16271,547,-456,-285,-333,0,0
8002190875,4.453,165.493,992.714,4672.500,-3972.500,-2467.500,23.695,73,2713,16274,534,-454,-282,-334,0,0
8002200280,4.697,164.700,994.056,4672.500,-4042.500,-2493.750,23.695,77,2700,16296,534,-462,-285,-334,0,0
8002209693,5.124,164.456,992.470,4760.000,-3990.000,-2467.500,23.711,84,2696,16270,544,-456,-282,-330,0,0
8002219100,5.124,164.395,992.775,4777.500,-3972.500,-2432.500,23.711,84,2695,16275,546,-454,-278,-330,0,0
8002228506,4.941,164.944,991.250,4760.000,-4068.750,-2450.000,23.691,81,2704,16250,544,-465,-280,-335,0,0
8002237917,4.453,164.761,992.653,4716.250,-3981.250,-2458.750,23.691,73,2701,16273,539,-455,-281,-335,0,0
8002247330,4.453,165.310,993.202,4812.500,-3990.000,-2458.750,23.699,73,2710,16282,550,-456,-281,-333,0,0
8002256735,5.002,164.395,992.043,4760.000,-3998.750,-2458.750,23.699,82,2695,16263,544,-457,-281,-333,0,0
8002266150,5.490,165.249,992.348,4716.250,-4042.500,-2485.000,23.703,90,2709,16268,539,-462,-284,-332,0,0
8002275556,5.002,165.005,993.263,4795.000,-4068.750,-2485.000,23.703,82,2705,16283,548,-465,-284,-332,0,0
8002284967,5.673,165.615,993.629,4663.750,-3972.500,-2485.000,23.746,93,2715,16289,533,-454,-284,-321,0,0
8002294372,5.734,165.371,992.348,4786.250,-3955.000,-2476.250,23.746,94,2711,16268,547,-452,-283,-321,0,0
8002303786,5.307,164.944,992.958,4646.250,-3998.750,-2467.500,23.719,87,2704,16278,531,-457,-282,-328,0,0
8002313193,3.965,165.066,992.714,4672.500,-3998.750,-2476.250,23.719,65,2706,16274,534,-457,-283,-328,0,0
8002322601,4.758,163.907,992.592,4768.750,-3990.000,-2511.250,23.719,78,2687,16272,545,-456,-287,-328,0,0
8002332014,6.283,164.151,992.592,4795.000,-4033.750,-2485.000,23.719,103,2691,16272,548,-461,-284,-328,0,0
8002341420,5.063,165.005,991.006,4742.500,-4007.500,-2458.750,23.719,83,2705,16246,542,-458,-281,-328,0,0
8002350832,4.392,165.493,991.921,4821.250,-3981.250,-2450.000,23.719,72,2713,16261,551,-455,-280,-328,0,0
8002360237,4.514,164.944,992.226,4698.750,-3963.750,-2467.500,23.688,74,2704,16266,537,-453,-282,-336,0,0
8002369648,5.185,164.334,992.592,4698.750,-3981.250,-2441.250,23.688,85,2694,16272,537,-455,-279,-336,0,0
8002379059,5.063,165.005,992.165,4821.250,-4025.000,-2485.000,23.707,83,2705,16265,551,-460,-284,-331,0,0
8002388471,5.490,165.310,992.897,4733.750,-3998.750,-2476.250,23.707,90,2710,16277,541,-457,-283,-331,0,0
8002397875,4.392,165.127,992.836,4716.250,-3981.250,-2467.500,23.695,72,2707,16276,539,-455,-282,-334,0,0
8002407286,3.843,165.920,992.470,4690.000,-4016.250,-2441.250,23.695,63,2720,16270,536,-459,-279,-334,0,0
8002416697,4.941,163.907,992.531,4742.500,-4033.750,-2485.000,23.723,81,2687,16271,542,-461,-284,-327,0,0
8002426102,5.124,165.005,993.019,4742.500,-4042.500,-2467.500,23.723,84,2705,16279,542,-462,-282,-327,0,0
8002435514,5.490,164.212,991.250,4716.250,-4025.000,-2476.250,23.664,90,2692,16250,539,-460,-283,-342,0,0
8002444926,4.758,164.883,993.812,4777.500,-4068.750,-2485.000,23.664,78,2703,16292,546,-465,-284,-342,0,0
8002454331,4.148,164.517,992.775,4681.250,-3998.750,-2485.000,23.676,68,2697,16275,535,-457,-284,-339,0,0
8002463743,5.368,165.859,993.629,4768.750,-4007.500,-2458.750,23.676,88,2719,16289,545,-458,-281,-339,0,0
8002473150,4.819,164.578,993.019,4663.750,-3998.750,-2450.000,23.730,79,2698,16279,533,-457,-280,-325,0,0
8002482562,6.039,164.700,990.762,4698.750,-4077.500,-2450.000,23.730,99,2700,16242,537,-466,-280,-325,0,0
8002491967,4.392,164.883,993.263,4760.000,-4051.250,-2441.250,23.648,72,2703,16283,544,-463,-279,-346,0,0
8002501379,4.209,164.761,994.117,4628.750,-4016.250,-2467.500,23.648,69,2701,16297,529,-459,-282,-346,0,0
8002510791,4.514,164.334,993.324,4628.750,-4042.500,-2441.250,23.719,74,2694,16284,529,-462,-279,-328,0,0
8002520199,6.222,165.005,991.921,4725.000,-4068.750,-2476.250,23.719,102,2705,16261,540,-465,-283,-328,0,0
8002529605,4.819,165.066,992.165,4690.000,-4025.000,-2476.250,23.684,79,2706,16265,536,-460,-283,-337,0,0
8002539016,4.941,165.432,994.239,4725.000,-4042.500,-2485.000,23.684,81,2712,16299,540,-462,-284,-337,0,0
8002548428,5.246,164.700,994.117,4786.250,-4033.750,-2485.000,23.723,86,2700,16297,547,-461,-284,-327,0,0
8002557832,5.673,165.554,992.653,4768.750,-4060.000,-2485.000,23.723,93,2714,16273,545,-464,-284,-327,0,0
8002567244,4.636,164.883,993.568,4698.750,-4016.250,-2458.750,23.676,76,2703,16288,537,-459,-281,-339,0,0
8002576655,5.185,164.639,992.348,4777.500,-4033.750,-2467.500,23.676,85,2699,16268,546,-461,-282,-339,0,0
8002586059,5.551,164.639,992.287,4646.250,-4025.000,-2450.000,23.715,91,2699,16267,531,-460,-280,-329,0,0
8002595471,5.795,164.700,992.897,4716.250,-4025.000,-2458.750,23.715,95,2700,16277,539,-460,-281,-329,0,0
8002604882,4.453,165.371,992.470,4681.250,-4051.250,-2485.000,23.719,73,2711,16270,535,-463,-284,-328,0,0
8002614293,5.185,164.273,992.348,4602.500,-4060.000,-2511.250,23.719,85,2693,16268,526,-464,-287,-328,0,0
8002623697,5.307,165.920,992.226,4725.000,-3963.750,-2467.500,23.727,87,2720,16266,540,-453,-282,-326,0,0
8002633109,5.612,165.615,993.080,4663.750,-3955.000,-2432.500,23.727,92,2715,16280,533,-452,-278,-326,0,0
8002642521,5.612,166.164,993.324,4742.500,-3981.250,-2485.000,23.742,92,2724,16284,542,-455,-284,-322,0,0
8002651926,5.063,165.310,993.019,4716.250,-3972.500,-2493.750,23.742,83,2710,16279,539,-454,-285,-322,0,0
8002661338,5.429,165.676,992.226,4795.000,-4007.500,-2423.750,23.648,89,2716,16266,548,-458,-277,-346,0,0
8002670749,6.527,164.883,992.714,4742.500,-3981.250,-2476.250,23.648,107,2703,16274,542,-455,-283,-346,0,0
8002680157,4.819,165.249,991.677,4768.750,-4007.500,-2432.500,23.695,79,2709,16257,545,-458,-278,-334,0,0
8002689564,5.551,164.578,992.470,4725.000,-3946.250,-2423.750,23.695,91,2698,16270,540,-451,-277,-334,0,0
8002698976,5.124,164.029,991.311,4681.250,-4042.500,-2441.250,23.680,84,2689,16251,535,-462,-279,-338,0,0
8002708383,4.758,165.554,993.385,4768.750,-4042.500,-2476.250,23.680,78,2714,16285,545,-462,-283,-338,0,0
8002717789,4.331,165.798,993.934,4716.250,-4016.250,-2493.750,23.703,71,2718,16294,539,-459,-285,-332,0,0
8002727201,5.002,164.822,991.677,4777.500,-4016.250,-2467.500,23.703,82,2702,16257,546,-459,-282,-332,0,0
8002736612,5.429,165.249,992.897,4681.250,-4033.750,-2467.500,23.703,89,2709,16277,535,-461,-282,-332,0,0
8002746024,5.307,165.432,992.714,4751.250,-4016.250,-2467.500,23.703,87,2712,16274,543,-459,-282,-332,0,0
8002755430,4.758,164.639,994.422,4698.750,-4007.500,-2467.500,23.719,78,2699,16302,537,-458,-282,-328,0,0
8002764841,5.185,165.310,994.422,4760.000,-4042.500,-2476.250,23.719,85,2710,16302,544,-462,-283,-328,0,0
8002774249,4.941,165.310,992.531,4698.750,-3990.000,-2458.750,23.703,81,2710,16271,537,-456,-281,-332,0,0
8002783655,5.551,163.968,993.019,4611.250,-3937.500,-2432.500,23.703,91,2688,16279,527,-450,-278,-332,0,0
8002793066,5.368,165.371,992.348,4838.750,-4042.500,-2458.750,23.680,88,2711,16268,553,-462,-281,-338,0,0
8002802478,4.880,165.005,992.409,4742.500,-3998.750,-2476.250,23.680,80,2705,16269,542,-457,-283,-338,0,0
8002811882,3.782,165.005,992.958,4786.250,-4007.500,-2476.250,23.668,62,2705,16278,547,-458,-283,-341,0,0
8002821293,5.185,164.639,993.202,4760.000,-4086.250,-2458.750,23.668,85,2699,16282,544,-467,-281,-341,0,0
8002830704,6.039,165.676,993.507,4803.750,-4042.500,-2423.750,23.715,99,2716,16287,549,-462,-277,-329,0,0
8002840116,6.344,164.700,992.836,4856.250,-3990.000,-2485.000,23.715,104,2700,16276,555,-456,-284,-329,0,0
8002849521,5.246,165.249,991.494,4690.000,-3981.250,-2476.250,23.715,86,2709,16254,536,-455,-283,-329,0,0
8002858935,5.917,165.737,992.165,4690.000,-3946.250,-2467.500,23.715,97,2717,16265,536,-451,-282,-329,0,0
8002868342,4.514,165.127,993.751,4707.500,-3981.250,-2476.250,23.719,74,2707,16291,538,-455,-283,-328,0,0
8002877749,4.392,165.981,993.995,4725.000,-3998.750,-2441.250,23.719,72,2721,16295,540,-457,-279,-328,0,0
8002887163,5.368,165.066,992.653,4663.750,-3990.000,-2476.250,23.750,88,2706,16273,533,-456,-283,-320,0,0
8002896569,5.551,164.761,993.202,4681.250,-3998.750,-2476.250,23.750,91,2701,16282,535,-457,-283,-320,0,0
8002905975,4.636,163.785,993.507,4707.500,-3972.500,-2423.750,23.715,76,2685,16287,538,-454,-277,-329,0,0
8002915389,5.612,164.090,993.141,4558.750,-3998.750,-2485.000,23.715,92,2690,16281,521,-457,-284,-329,0,0
8002924795,5.734,165.188,993.507,4681.250,-3998.750,-2476.250,23.660,94,2708,16287,535,-457,-283,-343,0,0
8002934208,5.246,165.676,992.836,4620.000,-4060.000,-2476.250,23.660,86,2716,16276,528,-464,-283,-343,0,0
8002943613,5.185,165.859,993.995,4655.000,-4025.000,-2476.250,23.695,85,2719,16295,532,-460,-283,-334,0,0
8002953027,5.063,164.944,993.751,4646.250,-4033.750,-2476.250,23.695,83,2704,16291,531,-461,-283,-334,0,0
8002962434,5.063,165.310,992.348,4690.000,-3990.000,-2467.500,23.715,83,2710,16268,536,-456,-282,-329,0,0
8002971840,5.429,165.432,992.287,4698.750,-3972.500,-2458.750,23.715,89,2712,16267,537,-454,-281,-329,0,0
8002981255,4.453,163.907,993.385,4733.750,-3990.000,-2441.250,23.723,73,2687,16285,541,-456,-279,-327,0,0
8002990661,5.124,165.005,993.873,4786.250,-4016.250,-2441.250,23.723,84,2705,16293,547,-459,-279,-327,0,0
8003000074,5.063,163.907,992.958,4751.250,-3990.000,-2476.250,23.684,83,2687,16278,543,-456,-283,-337,0,0
8003009482,6.039,164.700,992.592,4716.250,-3998.750,-2485.000,23.684,99,2700,16272,539,-457,-284,-337,0,0
8003018888,5.185,163.968,992.287,4751.250,-4025.000,-2476.250,23.684,85,2688,16267,543,-460,-283,-337,0,0
8003028300,5.246,164.822,993.507,4602.500,-4042.500,-2441.250,23.684,86,2702,16287,526,-462,-279,-337,0,0
8003037706,5.063,164.944,994.056,4742.500,-4016.250,-2485.000,23.707,83,2704,16296,542,-459,-284,-331,0,0
8003047120,5.368,165.493,993.934,4795.000,-3990.000,-2485.000,23.707,88,2713,16294,548,-456,-284,-331,0,0
8003056527,5.185,165.676,992.409,4751.250,-4033.750,-2476.250,23.688,85,2716,16269,543,-461,-283,-336,0,0
8003065940,5.002,164.700,992.470,4655.000,-4016.250,-2467.500,23.688,82,2700,16270,532,-459,-282,-336,0,0
8003075348,6.039,164.456,993.629,4690.000,-4016.250,-2493.750,23.676,99,2696,16289,536,-459,-285,-339,0,0
8003084754,6.466,164.822,992.958,4725.000,-4042.500,-2485.000,23.676,106,2702,16278,540,-462,-284,-339,0,0
8003094167,5.002,164.700,993.019,4690.000,-4060.000,-2467.500,23.707,82,2700,16279,536,-464,-282,-331,0,0
8003103575,4.636,165.615,993.507,4725.000,-4042.500,-2423.750,23.707,76,2715,16287,540,-462,-277,-331,0,0
8003112981,6.222,164.761,992.775,4698.750,-4025.000,-2423.750,23.703,102,2701,16275,537,-460,-277,-332,0,0
8003122393,5.002,165.615,993.873,4663.750,-3937.500,-2423.750,23.703,82,2715,16293,533,-450,-277,-332,0,0
8003131798,4.941,165.371,994.117,4593.750,-4007.500,-2485.000,23.703,81,2711,16297,525,-458,-284,-332,0,0
8003141214,5.063,165.127,993.873,4663.750,-4033.750,-2520.000,23.703,83,2707,16293,533,-461,-288,-332,0,0
8003150619,5.185,164.212,993.324,4812.500,-3963.750,-2476.250,23.691,85,2692,16284,550,-453,-283,-335,0,0
8003160033,4.331,164.334,991.616,4751.250,-3990.000,-2467.500,23.691,71,2694,16256,543,-456,-282,-335,0,0
8003169441,3.965,164.639,992.714,4751.250,-3998.750,-2502.500,23.711,65,2699,16274,543,-457,-286,-330,0,0
8003178847,4.270,164.700,993.202,4733.750,-4007.500,-2441.250,23.711,70,2700,16282,541,-458,-279,-330,0,0
8003188255,4.148,165.127,993.568,4751.250,-3981.250,-2467.500,23.691,68,2707,16288,543,-455,-282,-335,0,0
8003197669,4.514,165.005,992.043,4795.000,-4033.750,-2458.750,23.691,74,2705,16263,548,-461,-281,-335,0,0
8003207076,4.819,165.371,991.677,4812.500,-4051.250,-2467.500,23.750,79,2711,16257,550,-463,-282,-320,0,0
8003216483,5.490,165.310,993.568,4742.500,-4016.250,-2458.750,23.750,90,2710,16288,542,-459,-281,-320,0,0
8003225896,5.612,165.920,993.690,4620.000,-3972.500,-2441.250,23.703,92,2720,16290,528,-454,-279,-332,0,0
8003235304,5.246,165.371,992.775,4733.750,-3990.000,-2432.500,23.703,86,2711,16275,541,-456,-278,-332,0,0
8003244711,4.087,164.883,992.714,4690.000,-3990.000,-2467.500,23.715,67,2703,16274,536,-456,-282,-329,0,0
8003254124,4.758,165.493,992.104,4707.500,-4016.250,-2485.000,23.715,78,2713,16264,538,-459,-284,-329,0,0
8003263532,4.941,165.005,992.653,4663.750,-3990.000,-2441.250,23.738,81,2705,16273,533,-456,-279,-323,0,0
8003272945,4.453,164.700,992.592,4768.750,-3972.500,-2441.250,23.738,73,2700,16272,545,-454,-279,-323,0,0
8003282351,5.673,165.188,993.934,4751.250,-4033.750,-2502.500,23.711,93,2708,16294,543,-461,-286,-330,0,0
8003291757,4.941,165.066,993.385,4803.750,-4016.250,-2476.250,23.711,81,2706,16285,549,-459,-283,-330,0,0
8003301172,4.270,165.432,993.446,4760.000,-4068.750,-2423.750,23.715,70,2712,16286,544,-465,-277,-329,0,0
8003310578,5.368,165.310,993.202,4646.250,-4060.000,-2467.500,23.715,88,2710,16282,531,-464,-282,-329,0,0
8003319990,5.307,165.615,991.982,4690.000,-3981.250,-2485.000,23.719,87,2715,16262,536,-455,-284,-328,0,0
8003329398,4.575,165.249,992.653,4620.000,-3928.750,-2441.250,23.719,75,2709,16273,528,-449,-279,-328,0,0
8003338805,5.429,164.944,993.446,4777.500,-4025.000,-2450.000,23.695,89,2704,16286,546,-460,-280,-334,0,0
8003348213,4.758,164.944,993.629,4733.750,-3928.750,-2432.500,23.695,78,2704,16289,541,-449,-278,-334,0,0
8003357627,5.429,164.822,993.446,4725.000,-3972.500,-2441.250,23.688,89,2702,16286,540,-454,-279,-336,0,0
8003367035,5.673,164.395,991.372,4812.500,-3972.500,-2450.000,23.688,93,2695,16252,550,-454,-280,-336,0,0
8003376442,4.819,163.846,992.165,4733.750,-3972.500,-2476.250,23.703,79,2686,16265,541,-454,-283,-332,0,0
8003385856,4.819,165.005,993.202,4698.750,-3955.000,-2485.000,23.703,79,2705,16282,537,-452,-284,-332,0,0
8003395263,4.026,165.371,993.019,4646.250,-3955.000,-2467.500,23.668,66,2711,16279,531,-452,-282,-341,0,0
8003404669,4.880,164.883,993.690,4628.750,-4025.000,-2450.000,23.668,80,2703,16290,529,-460,-280,-341,0,0
8003414077,4.575,164.822,993.629,4760.000,-3981.250,-2458.750,23.691,75,2702,16289,544,-455,-281,-335,0,0
8003423491,4.819,165.920,991.494,4733.750,-3990.000,-2476.250,23.691,79,2720,16254,541,-456,-283,-335,0,0
8003432899,5.307,165.432,991.555,4733.750,-4016.250,-2485.000,23.703,87,2712,16255,541,-459,-284,-332,0,0
8003442307,5.917,165.493,992.714,4716.250,-3998.750,-2450.000,23.703,97,2713,16274,539,-457,-280,-332,0,0
8003451715,5.612,164.822,992.775,4663.750,-4007.500,-2450.000,23.723,92,2702,16275,533,-458,-280,-327,0,0
8003461130,4.453,165.493,993.263,4751.250,-4025.000,-2458.750,23.723,73,2713,16283,543,-460,-281,-327,0,0
8003470537,4.575,165.127,993.995,4768.750,-4016.250,-2467.500,23.723,75,2707,16295,545,-459,-282,-327,0,0
8003479945,5.002,164.517,991.372,4707.500,-4042.500,-2485.000,23.723,82,2697,16252,538,-462,-284,-327,0,0
8003489357,5.612,164.700,991.311,4681.250,-4016.250,-2476.250,23.703,92,2700,16251,535,-459,-283,-332,0,0
8003498764,4.758,165.188,993.568,4716.250,-4016.250,-2458.750,23.703,78,2708,16288,539,-459,-281,-332,0,0
8003508172,4.148,165.127,994.483,4646.250,-4016.250,-2458.750,23.688,68,2707,16303,531,-459,-281,-336,0,0
8003517580,4.941,165.127,991.860,4681.250,-3990.000,-2476.250,23.688,81,2707,16260,535,-456,-283,-336,0,0
8003526994,5.307,165.066,992.104,4900.000,-4060.000,-2476.250,23.711,87,2706,16264,560,-464,-283,-330,0,0
8003536401,5.856,165.249,992.592,4716.250,-3981.250,-2467.500,23.711,96,2709,16272,539,-455,-282,-330,0,0
8003545808,5.795,164.578,992.470,4760.000,-4042.500,-2450.000,23.684,95,2698,16270,544,-462,-280,-337,0,0
8003555222,6.039,164.639,993.263,4777.500,-4025.000,-2458.750,23.684,99,2699,16283,546,-460,-281,-337,0,0
8003564631,5.063,164.639,994.361,4908.750,-3981.250,-2432.500,23.742,83,2699,16301,561,-455,-278,-322,0,0
8003574037,4.453,165.066,992.226,4760.000,-4051.250,-2441.250,23.742,73,2706,16266,544,-463,-279,-322,0,0
8003583452,4.575,165.676,993.019,4777.500,-4068.750,-2432.500,23.715,75,2716,16279,546,-465,-278,-329,0,0
8003592859,4.941,164.700,992.714,4742.500,-4025.000,-2458.750,23.715,81,2700,16274,542,-460,-281,-329,0,0
8003602266,5.063,165.249,993.263,4795.000,-4016.250,-2467.500,23.730,83,2709,16283,548,-459,-282,-325,0,0
8003611674,5.185,165.493,993.751,4751.250,-3990.000,-2467.500,23.730,85,2713,16291,543,-456,-282,-325,0,0
8003621088,4.453,165.676,992.653,4786.250,-3981.250,-2458.750,23.688,73,2716,16273,547,-455,-281,-336,0,0
8003630494,5.673,165.432,993.934,4830.000,-4007.500,-2450.000,23.688,93,2712,16294,552,-458,-280,-336,0,0
8003639902,4.514,165.493,993.690,4838.750,-4042.500,-2467.500,23.695,74,2713,16290,553,-462,-282,-334,0,0
8003649315,5.185,164.944,992.409,4847.500,-3998.750,-2458.750,23.695,85,2704,16269,554,-457,-281,-334,0,0
8003658721,3.965,164.822,992.653,4786.250,-3990.000,-2467.500,23.715,65,2702,16273,547,-456,-282,-329,0,0
8003668129,5.368,165.554,994.117,4663.750,-3998.750,-2467.500,23.715,88,2714,16297,533,-457,-282,-329,0,0
8003677542,4.148,165.676,993.019,4742.500,-3990.000,-2467.500,23.707,68,2716,16279,542,-456,-282,-331,0,0
8003686949,5.368,165.005,993.080,4786.250,-4025.000,-2467.500,23.707,88,2705,16280,547,-460,-282,-331,0,0
8003696356,5.246,164.029,991.982,4637.500,-3990.000,-2467.500,23.711,86,2689,16262,530,-456,-282,-330,0,0
8003705771,5.612,164.517,993.324,4742.500,-3981.250,-2450.000,23.711,92,2697,16284,542,-455,-280,-330,0,0
8003715179,4.575,165.066,992.958,4795.000,-4007.500,-2467.500,23.738,75,2706,16278,548,-458,-282,-323,0,0
8003724584,5.063,165.432,992.348,4707.500,-3972.500,-2423.750,23.738,83,2712,16268,538,-454,-277,-323,0,0
8003733998,6.039,164.761,993.446,4777.500,-4025.000,-2476.250,23.688,99,2701,16286,546,-460,-283,-336,0,0
8003743406,5.429,164.639,991.982,4812.500,-4033.750,-2441.250,23.688,89,2699,16262,550,-461,-279,-336,0,0
8003752818,5.063,165.676,992.348,4795.000,-3998.750,-2441.250,23.738,83,2716,16268,548,-457,-279,-323,0,0
8003762226,4.880,164.090,991.555,4707.500,-3937.500,-2476.250,23.738,80,2690,16255,538,-450,-283,-323,0,0
8003771634,4.575,165.981,992.409,4795.000,-4025.000,-2458.750,23.734,75,2721,16269,548,-460,-281,-324,0,0
8003781041,3.843,165.371,993.751,4733.750,-4068.750,-2458.750,23.734,63,2711,16291,541,-465,-281,-324,0,0
8003790456,4.880,164.944,994.300,4751.250,-4060.000,-2476.250,23.750,80,2704,16300,543,-464,-283,-320,0,0
8003799861,5.978,165.737,992.165,4768.750,-4042.500,-2450.000,23.750,98,2717,16265,545,-462,-280,-320,0,0
8003809274,6.161,164.334,992.165,4725.000,-4051.250,-2450.000,23.707,101,2694,16265,540,-463,-280,-331,0,0
8003818681,4.941,164.761,993.446,4690.000,-3998.750,-2458.750,23.707,81,2701,16286,536,-457,-281,-331,0,0
8003828088,4.941,165.493,993.385,4733.750,-3972.500,-2458.750,23.703,81,2713,16285,541,-454,-281,-332,0,0
8003837501,4.636,165.066,993.141,4707.500,-4007.500,-2485.000,23.703,76,2706,16281,538,-458,-284,-332,0,0
8003846909,5.002,164.639,991.738,4707.500,-4068.750,-2467.500,23.699,82,2699,16258,538,-465,-282,-333,0,0
8003856315,4.636,164.883,992.714,4768.750,-4025.000,-2467.500,23.699,76,2703,16274,545,-460,-282,-333,0,0
8003865728,3.965,164.639,993.263,4725.000,-3998.750,-2467.500,23.711,65,2699,16283,540,-457,-282,-330,0,0
8003875135,5.246,165.249,992.958,4812.500,-3990.000,-2485.000,23.711,86,2709,16278,550,-456,-284,-330,0,0
8003884549,5.490,164.700,993.446,4751.250,-3981.250,-2458.750,23.730,90,2700,16286,543,-455,-281,-325,0,0
8003893955,5.185,165.676,992.775,4698.750,-4051.250,-2467.500,23.730,85,2716,16275,537,-463,-282,-325,0,0
8003903363,5.978,166.286,993.141,4803.750,-4068.750,-2423.750,23.688,98,2726,16281,549,-465,-277,-336,0,0
8003912777,5.795,164.822,994.239,4795.000,-4033.750,-2441.250,23.688,95,2702,16299,548,-461,-279,-336,0,0
8003922185,5.917,165.493,993.446,4646.250,-3981.250,-2458.750,23.715,97,2713,16286,531,-455,-281,-329,0,0
8003931591,5.124,165.737,993.141,4733.750,-3963.750,-2458.750,23.715,84,2717,16281,541,-453,-281,-329,0,0
8003940999,4.819,165.005,992.836,4795.000,-4016.250,-2450.000,23.699,79,2705,16276,548,-459,-280,-333,0,0
8003950413,5.063,164.151,993.080,4768.750,-3937.500,-2458.750,23.699,83,2691,16280,545,-450,-281,-333,0,0
8003959821,4.880,164.761,991.372,4812.500,-4007.500,-2485.000,23.746,80,2701,16252,550,-458,-284,-321,0,0
8003969228,4.209,164.761,992.592,4891.250,-4042.500,-2458.750,23.746,69,2701,16272,559,-462,-281,-321,0,0
8003978641,5.185,165.798,991.738,4725.000,-4033.750,-2476.250,23.715,85,2718,16258,540,-461,-283,-329,0,0
8003988049,5.429,165.432,992.836,4742.500,-4060.000,-2485.000,23.715,89,2712,16276,542,-464,-284,-329,0,0
8003997456,5.856,166.286,992.287,4821.250,-4051.250,-2476.250,23.738,96,2726,16267,551,-463,-283,-323,0,0
8004006868,6.222,165.066,993.690,4856.250,-4033.750,-2450.000,23.738,102,2706,16290,555,-461,-280,-323,0,0
8004016275,4.392,166.225,992.592,4655.000,-4086.250,-2458.750,23.754,72,2725,16272,532,-467,-281,-319,0,0
8004025683,4.209,165.493,992.897,4716.250,-4095.000,-2432.500,23.754,69,2713,16277,539,-468,-278,-319,0,0
8004035097,4.026,166.103,993.507,4760.000,-4007.500,-2450.000,23.691,66,2723,16287,544,-458,-280,-335,0,0
8004044506,4.026,164.944,993.202,4821.250,-4051.250,-2450.000,23.691,66,2704,16282,551,-463,-280,-335,0,0
8004053911,5.368,163.785,991.921,4698.750,-3981.250,-2458.750,23.742,88,2685,16261,537,-455,-281,-322,0,0
8004063323,4.453,164.395,992.409,4812.500,-3972.500,-2441.250,23.742,73,2695,16269,550,-454,-279,-322,0,0
8004072731,4.209,165.127,992.104,4716.250,-3998.750,-2450.000,23.719,69,2707,16264,539,-457,-280,-328,0,0
8004082144,5.734,165.676,993.507,4690.000,-3981.250,-2476.250,23.719,94,2716,16287,536,-455,-283,-328,0,0
8004091551,5.612,165.432,993.629,4655.000,-4016.250,-2476.250,23.723,92,2712,16289,532,-459,-283,-327,0,0
8004100958,5.063,165.920,992.775,4690.000,-4007.500,-2450.000,23.723,83,2720,16275,536,-458,-280,-327,0,0
8004110372,5.551,165.676,991.799,4707.500,-4007.500,-2441.250,23.746,91,2716,16259,538,-458,-279,-321,0,0
8004119779,4.819,165.615,993.507,4681.250,-4016.250,-2458.750,23.746,79,2715,16287,535,-459,-281,-321,0,0
8004129187,4.941,165.188,992.714,4716.250,-4025.000,-2458.750,23.762,81,2708,16274,539,-460,-281,-317,0,0
8004138594,4.270,164.517,993.934,4803.750,-4077.500,-2502.500,23.762,70,2697,16294,549,-466,-286,-317,0,0
8004148008,4.453,164.456,993.446,4786.250,-3963.750,-2476.250,23.723,73,2696,16286,547,-453,-283,-327,0,0
8004157416,4.514,164.822,993.324,4760.000,-3990.000,-2467.500,23.723,74,2702,16284,544,-456,-282,-327,0,0
8004166823,5.368,164.517,993.568,4742.500,-3998.750,-2476.250,23.750,88,2697,16288,542,-457,-283,-320,0,0
8004176237,4.636,164.151,992.165,4742.500,-3998.750,-2485.000,23.750,76,2691,16265,542,-457,-284,-320,0,0
8004185644,5.368,165.127,992.226,4777.500,-4016.250,-2493.750,23.719,88,2707,16266,546,-459,-285,-328,0,0
8004195051,4.636,165.920,994.300,4795.000,-4007.500,-2476.250,23.719,76,2720,16300,548,-458,-283,-328,0,0
8004204464,4.880,165.676,993.934,4733.750,-4033.750,-2485.000,23.742,80,2716,16294,541,-461,-284,-322,0,0
8004213871,4.697,165.554,992.836,4725.000,-3998.750,-2458.750,23.742,77,2714,16276,540,-457,-281,-322,0,0
8004223279,5.185,164.334,992.287,4716.250,-4025.000,-2485.000,23.719,85,2694,16267,539,-460,-284,-328,0,0
8004232691,5.490,165.005,993.019,4716.250,-3981.250,-2476.250,23.719,90,2705,16279,539,-455,-283,-328,0,0
8004242099,4.636,164.212,993.385,4777.500,-4016.250,-2485.000,23.742,76,2692,16285,546,-459,-284,-322,0,0
8004251506,6.283,164.761,991.677,4760.000,-4025.000,-2458.750,23.742,103,2701,16257,544,-460,-281,-322,0,0
8004260918,5.002,164.822,992.653,4733.750,-3972.500,-2450.000,23.723,82,2702,16273,541,-454,-280,-327,0,0
8004270325,4.575,164.883,992.653,4768.750,-3990.000,-2458.750,23.723,75,2703,16273,545,-456,-281,-327,0,0
8004279739,5.307,165.310,992.775,4716.250,-3990.000,-2423.750,23.715,87,2710,16275,539,-456,-277,-329,0,0
8004289146,4.453,165.310,992.836,4707.500,-3990.000,-2450.000,23.715,73,2710,16276,538,-456,-280,-329,0,0
8004298554,4.575,164.883,992.287,4742.500,-3946.250,-2458.750,23.773,75,2703,16267,542,-451,-281,-314,0,0
8004307962,5.368,165.493,993.629,4751.250,-4016.250,-2467.500,23.773,88,2713,16289,543,-459,-282,-314,0,0
8004317377,5.063,164.517,993.446,4725.000,-3972.500,-2441.250,23.805,83,2697,16286,540,-454,-279,-306,0,0
8004326783,5.795,164.456,992.287,4663.750,-3946.250,-2476.250,23.805,95,2696,16267,533,-451,-283,-306,0,0
8004336190,5.429,163.968,991.494,4646.250,-4042.500,-2450.000,23.777,89,2688,16254,531,-462,-280,-313,0,0
8004345605,5.307,165.188,992.470,4707.500,-4042.500,-2485.000,23.777,87,2708,16270,538,-462,-284,-313,0,0
8004355011,4.087,164.395,992.897,4707.500,-4068.750,-2476.250,23.750,67,2695,16277,538,-465,-283,-320,0,0
8004364419,4.697,165.249,992.226,4777.500,-4060.000,-2458.750,23.750,77,2709,16266,546,-464,-281,-320,0,0
8004373832,5.307,165.432,993.263,4768.750,-4068.750,-2458.750,23.738,87,2712,16283,545,-465,-281,-323,0,0
8004383240,5.124,165.676,992.897,4760.000,-3981.250,-2450.000,23.738,84,2716,16277,544,-455,-280,-323,0,0
8004392647,5.124,165.554,992.592,4716.250,-4033.750,-2458.750,23.723,84,2714,16272,539,-461,-281,-327,0,0
8004402055,5.856,165.310,993.385,4611.250,-4033.750,-2458.750,23.723,96,2710,16285,527,-461,-281,-327,0,0
8004411470,6.100,165.188,994.056,4672.500,-3990.000,-2406.250,23.762,100,2708,16296,534,-456,-275,-317,0,0
8004420875,4.575,164.639,992.592,4655.000,-3998.750,-2423.750,23.762,75,2699,16272,532,-457,-277,-317,0,0
8004430289,5.917,165.188,992.409,4716.250,-3972.500,-2467.500,23.707,97,2708,16269,539,-454,-282,-331,0,0
8004439695,5.734,164.822,992.531,4733.750,-4042.500,-2450.000,23.707,94,2702,16271,541,-462,-280,-331,0,0
8004449102,5.612,164.151,993.080,4672.500,-4016.250,-2450.000,23.762,92,2691,16280,534,-459,-280,-317,0,0
8004458516,4.819,164.883,993.629,4698.750,-4007.500,-2467.500,23.762,79,2703,16289,537,-458,-282,-317,0,0
8004467924,5.246,164.944,993.324,4768.750,-4016.250,-2441.250,23.723,86,2704,16284,545,-459,-279,-327,0,0
8004477330,4.697,165.310,992.226,4751.250,-4042.500,-2458.750,23.723,77,2710,16266,543,-462,-281,-327,0,0
8004486745,5.307,165.066,993.263,4751.250,-4033.750,-2467.500,23.758,87,2706,16283,543,-461,-282,-318,0,0
8004496151,5.429,164.273,992.592,4707.500,-4016.250,-2458.750,23.758,89,2693,16272,538,-459,-281,-318,0,0
8004505558,6.039,164.883,993.568,4812.500,-4007.500,-2485.000,23.707,99,2703,16288,550,-458,-284,-331,0,0
8004514972,5.673,165.432,993.019,4768.750,-4051.250,-2450.000,23.707,93,2712,16279,545,-463,-280,-331,0,0
8004524380,3.965,165.432,994.056,4672.500,-4033.750,-2467.500,23.773,65,2712,16296,534,-461,-282,-314,0,0
8004533786,5.124,165.188,992.165,4611.250,-4042.500,-2458.750,23.773,84,2708,16265,527,-462,-281,-314,0,0
8004543201,5.063,165.798,992.165,4742.500,-3990.000,-2450.000,23.777,83,2718,16265,542,-456,-280,-313,0,0
8004552607,5.307,165.249,993.263,4768.750,-4016.250,-2432.500,23.777,87,2709,16283,545,-459,-278,-313,0,0
8004562014,5.124,166.042,995.459,4672.500,-3981.250,-2450.000,23.727,84,2722,16319,534,-455,-280,-326,0,0
8004571428,5.246,165.066,993.385,4707.500,-3998.750,-2441.250,23.727,86,2706,16285,538,-457,-279,-326,0,0
8004580834,5.063,164.395,992.409,4611.250,-3972.500,-2476.250,23.742,83,2695,16269,527,-454,-283,-322,0,0
8004590241,5.795,164.639,993.019,4698.750,-3963.750,-2458.750,23.742,95,2699,16279,537,-453,-281,-322,0,0
8004599655,5.307,164.395,992.348,4847.500,-4033.750,-2467.500,23.703,87,2695,16268,554,-461,-282,-332,0,0
8004609061,5.002,165.127,992.775,4742.500,-4033.750,-2467.500,23.703,82,2707,16275,542,-461,-282,-332,0,0
8004618469,5.612,165.249,994.056,4698.750,-4060.000,-2485.000,23.707,92,2709,16296,537,-464,-284,-331,0,0
8004627882,5.124,164.944,992.043,4672.500,-3990.000,-2467.500,23.707,84,2704,16263,534,-456,-282,-331,0,0
8004637288,4.453,166.469,993.385,4681.250,-4042.500,-2493.750,23.719,73,2729,16285,535,-462,-285,-328,0,0
8004646702,5.307,165.249,991.738,4637.500,-4033.750,-2476.250,23.719,87,2709,16258,530,-461,-283,-328,0,0
8004656108,5.856,165.188,992.409,4751.250,-4068.750,-2485.000,23.668,96,2708,16269,543,-465,-284,-341,0,0
8004665515,4.514,165.859,993.080,4663.750,-4016.250,-2467.500,23.668,74,2719,16280,533,-459,-282,-341,0,0
8004674929,6.039,164.639,992.775,4707.500,-3981.250,-2467.500,23.691,99,2699,16275,538,-455,-282,-335,0,0
8004684336,5.612,164.151,992.836,4681.250,-4016.250,-2485.000,23.691,92,2691,16276,535,-459,-284,-335,0,0
8004693748,5.490,165.554,992.653,4786.250,-3990.000,-2458.750,23.738,90,2714,16273,547,-456,-281,-323,0,0
8004703155,4.880,165.554,992.714,4803.750,-3972.500,-2450.000,23.738,80,2714,16274,549,-454,-280,-323,0,0
8004712562,5.246,164.883,992.043,4725.000,-4007.500,-2450.000,23.668,86,2703,16263,540,-458,-280,-341,0,0
8004721974,4.758,165.493,990.945,4716.250,-4007.500,-2467.500,23.668,78,2713,16245,539,-458,-282,-341,0,0
8004731381,4.514,165.554,992.165,4690.000,-3998.750,-2450.000,23.691,74,2714,16265,536,-457,-280,-335,0,0
8004740795,5.002,164.639,993.263,4681.250,-3981.250,-2485.000,23.691,82,2699,16283,535,-455,-284,-335,0,0
8004750203,5.734,165.127,992.592,4733.750,-3972.500,-2467.500,23.762,94,2707,16272,541,-454,-282,-317,0,0
8004759609,5.551,165.005,992.836,4742.500,-4060.000,-2467.500,23.762,91,2705,16276,542,-464,-282,-317,0,0
8004769022,5.185,165.005,992.897,4812.500,-3972.500,-2432.500,23.719,85,2705,16277,550,-454,-278,-328,0,0
8004778429,5.795,165.005,992.287,4856.250,-3990.000,-2476.250,23.719,95,2705,16267,555,-456,-283,-328,0,0
8004787836,4.819,165.432,993.202,4733.750,-4033.750,-2458.750,23.703,79,2712,16282,541,-461,-281,-332,0,0
8004797250,5.124,164.944,993.446,4742.500,-4016.250,-2458.750,23.703,84,2704,16286,542,-459,-281,-332,0,0
8004806657,4.514,165.920,993.507,4760.000,-4025.000,-2432.500,23.711,74,2720,16287,544,-460,-278,-330,0,0
8004816065,5.063,164.822,991.921,4690.000,-4042.500,-2450.000,23.711,83,2702,16261,536,-462,-280,-330,0,0
8004825480,4.819,164.944,992.104,4777.500,-4077.500,-2467.500,23.730,79,2704,16264,546,-466,-282,-325,0,0
8004834886,4.880,165.615,993.385,4733.750,-4025.000,-2476.250,23.730,80,2715,16285,541,-460,-283,-325,0,0
8004844293,4.209,165.310,993.202,4751.250,-4042.500,-2485.000,23.723,69,2710,16282,543,-462,-284,-327,0,0
8004853705,5.002,165.249,992.226,4725.000,-4060.000,-2476.250,23.723,82,2709,16266,540,-464,-283,-327,0,0
8004863111,5.002,164.456,991.799,4733.750,-4016.250,-2458.750,23.688,82,2696,16259,541,-459,-281,-336,0,0
8004872526,4.636,164.395,992.897,4646.250,-3990.000,-2485.000,23.688,76,2695,16277,531,-456,-284,-336,0,0
8004881933,4.392,165.554,993.385,4707.500,-3990.000,-2476.250,23.711,72,2714,16285,538,-456,-283,-330,0,0
8004891341,5.673,165.310,992.409,4707.500,-4007.500,-2476.250,23.711,93,2710,16269,538,-458,-283,-330,0,0
8004900748,4.758,165.127,993.324,4751.250,-3998.750,-2476.250,23.730,78,2707,16284,543,-457,-283,-325,0,0
8004910162,5.551,165.310,993.507,4716.250,-3981.250,-2467.500,23.730,91,2710,16287,539,-455,-282,-325,0,0
8004919569,4.514,164.883,992.165,4716.250,-4033.750,-2458.750,23.695,74,2703,16265,539,-461,-281,-334,0,0
8004928975,5.063,164.456,993.873,4760.000,-3972.500,-2467.500,23.695,83,2696,16293,544,-454,-282,-334,0,0
8004938390,3.965,164.334,993.446,4865.000,-4033.750,-2458.750,23.695,65,2694,16286,556,-461,-281,-334,0,0
8004947796,4.270,164.273,993.568,4768.750,-4060.000,-2485.000,23.695,70,2693,16288,545,-464,-284,-334,0,0
8004957204,5.368,165.066,992.104,4777.500,-4095.000,-2467.500,23.680,88,2706,16264,546,-468,-282,-338,0,0
8004966618,5.185,164.700,991.860,4777.500,-4007.500,-2467.500,23.680,85,2700,16260,546,-458,-282,-338,0,0
8004976025,5.673,164.761,993.629,4777.500,-3963.750,-2467.500,23.680,93,2701,16289,546,-453,-282,-338,0,0
8004985433,5.673,166.469,992.958,4768.750,-3998.750,-2441.250,23.680,93,2729,16278,545,-457,-279,-338,0,0
8004994840,4.819,165.127,992.836,4698.750,-3981.250,-2458.750,23.703,79,2707,16276,537,-455,-281,-332,0,0
8005004255,4.575,165.188,991.860,4707.500,-3981.250,-2467.500,23.703,75,2708,16260,538,-455,-282,-332,0,0
8005013661,5.307,165.188,992.714,4646.250,-4016.250,-2467.500,23.750,87,2708,16274,531,-459,-282,-320,0,0
8005023075,5.185,165.432,992.043,4716.250,-4033.750,-2476.250,23.750,85,2712,16263,539,-461,-283,-320,0,0
8005032483,4.880,164.944,993.019,4768.750,-4051.250,-2458.750,23.746,80,2704,16279,545,-463,-281,-321,0,0
8005041890,4.087,164.883,992.226,4760.000,-4086.250,-2485.000,23.746,67,2703,16266,544,-467,-284,-321,0,0
8005051297,5.856,164.761,992.592,4742.500,-3998.750,-2476.250,23.734,96,2701,16272,542,-457,-283,-324,0,0
8005060710,5.307,165.005,992.043,4751.250,-4025.000,-2467.500,23.734,87,2705,16263,543,-460,-282,-324,0,0
8005070118,4.636,165.920,992.104,4777.500,-3972.500,-2467.500,23.699,76,2720,16264,546,-454,-282,-333,0,0
8005079525,5.002,165.676,993.080,4663.750,-4042.500,-2458.750,23.699,82,2716,16280,533,-462,-281,-333,0,0
8005088940,3.843,166.042,993.446,4751.250,-3998.750,-2441.250,23.715,63,2722,16286,543,-457,-279,-329,0,0
8005098347,5.307,165.554,993.812,4786.250,-4007.500,-2450.000,23.715,87,2714,16292,547,-458,-280,-329,0,0
8005107755,3.721,165.310,992.958,4698.750,-3972.500,-2476.250,23.715,61,2710,16278,537,-454,-283,-329,0,0
8005117168,4.392,164.700,992.958,4672.500,-3920.000,-2458.750,23.715,72,2700,16278,534,-448,-281,-329,0,0
8005126575,4.880,164.395,992.897,4672.500,-3998.750,-2476.250,23.691,80,2695,16277,534,-457,-283,-335,0,0
8005135982,4.575,163.724,992.409,4707.500,-4016.250,-2458.750,23.691,75,2684,16269,538,-459,-281,-335,0,0
8005145390,4.453,165.066,993.202,4751.250,-4025.000,-2450.000,23.719,73,2706,16282,543,-460,-280,-328,0,0
8005154803,4.941,165.127,993.629,4707.500,-4025.000,-2467.500,23.719,81,2707,16289,538,-460,-282,-328,0,0
8005164210,5.673,166.103,992.043,4751.250,-4007.500,-2476.250,23.719,93,2723,16263,543,-458,-283,-328,0,0
8005173618,5.917,165.737,990.823,4760.000,-4007.500,-2493.750,23.719,97,2717,16243,544,-458,-285,-328,0,0
8005183032,4.087,165.432,992.897,4681.250,-3946.250,-2458.750,23.668,67,2712,16277,535,-451,-281,-341,0,0
8005192440,5.429,164.761,993.934,4663.750,-3955.000,-2485.000,23.668,89,2701,16294,533,-452,-284,-341,0,0
8005201846,5.246,164.700,992.226,4768.750,-3981.250,-2493.750,23.672,86,2700,16266,545,-455,-285,-340,0,0
8005211261,4.514,164.822,991.982,4707.500,-4042.500,-2450.000,23.672,74,2702,16262,538,-462,-280,-340,0,0
8005220668,4.636,165.554,992.348,4803.750,-4025.000,-2476.250,23.758,76,2714,16268,549,-460,-283,-318,0,0
8005230075,5.856,165.005,991.433,4751.250,-3998.750,-2476.250,23.758,96,2705,16253,543,-457,-283,-318,0,0
8005239483,4.697,164.090,991.311,4777.500,-3990.000,-2441.250,23.699,77,2690,16251,546,-456,-279,-333,0,0
8005248895,4.514,165.371,993.568,4795.000,-3990.000,-2441.250,23.699,74,2711,16288,548,-456,-279,-333,0,0
8005258304,5.002,164.822,991.067,4742.500,-4025.000,-2450.000,23.684,82,2702,16247,542,-460,-280,-337,0,0
8005267710,5.002,165.554,991.311,4742.500,-3946.250,-2432.500,23.684,82,2714,16251,542,-451,-278,-337,0,0
8005277125,5.429,164.700,989.542,4707.500,-4016.250,-2467.500,23.738,89,2700,16222,538,-459,-282,-323,0,0
8005286533,5.063,165.676,992.287,4725.000,-4007.500,-2485.000,23.738,83,2716,16267,540,-458,-284,-323,0,0
8005295940,5.063,163.846,993.141,4777.500,-4051.250,-2467.500,23.715,83,2686,16281,546,-463,-282,-329,0,0
8005305348,4.392,164.151,992.836,4795.000,-4051.250,-2502.500,23.715,72,2691,16276,548,-463,-286,-329,0,0
8005314762,4.758,165.066,991.494,4733.750,-4025.000,-2450.000,23.738,78,2706,16254,541,-460,-280,-323,0,0
8005324170,4.819,164.822,991.311,4725.000,-4016.250,-2432.500,23.738,79,2702,16251,540,-459,-278,-323,0,0
8005333578,4.880,165.066,991.311,4733.750,-3963.750,-2450.000,23.703,80,2706,16251,541,-453,-280,-332,0,0
8005342985,5.185,163.724,992.348,4786.250,-3972.500,-2441.250,23.703,85,2684,16268,547,-454,-279,-332,0,0
8005352399,5.063,165.066,991.616,4698.750,-4042.500,-2441.250,23.723,83,2706,16256,537,-462,-279,-327,0,0
8005361807,5.002,165.737,992.470,4725.000,-3998.750,-2476.250,23.723,82,2717,16270,540,-457,-283,-327,0,0
8005371214,5.002,165.432,990.274,4742.500,-4033.750,-2476.250,23.699,82,2712,16234,542,-461,-283,-333,0,0
8005380622,5.429,164.883,990.518,4777.500,-4007.500,-2432.500,23.699,89,2703,16238,546,-458,-278,-333,0,0
8005390036,5.856,165.249,993.019,4795.000,-4016.250,-2423.750,23.703,96,2709,16279,548,-459,-277,-332,0,0
8005399446,5.063,164.517,993.141,4751.250,-4060.000,-2441.250,23.703,83,2697,16281,543,-464,-279,-332,0,0
8005408852,5.551,164.822,992.653,4663.750,-4007.500,-2450.000,23.703,91,2702,16273,533,-458,-280,-332,0,0
8005418265,5.368,164.517,992.287,4690.000,-3972.500,-2467.500,23.703,88,2697,16267,536,-454,-282,-332,0,0
8005427672,4.514,165.188,991.311,4733.750,-3990.000,-2423.750,23.699,74,2708,16251,541,-456,-277,-333,0,0
8005437079,5.368,164.578,991.921,4725.000,-4051.250,-2423.750,23.699,88,2698,16261,540,-463,-277,-333,0,0
8005446493,4.819,163.724,992.104,4751.250,-4051.250,-2458.750,23.707,79,2684,16264,543,-463,-281,-331,0,0
8005455900,4.575,165.920,992.836,4725.000,-4007.500,-2485.000,23.707,75,2720,16276,540,-458,-284,-331,0,0
8005465306,4.880,165.005,992.409,4663.750,-4042.500,-2493.750,23.711,80,2705,16269,533,-462,-285,-330,0,0
8005474720,4.880,165.432,992.287,4672.500,-3998.750,-2450.000,23.711,80,2712,16267,534,-457,-280,-330,0,0
8005484127,5.063,164.944,993.141,4672.500,-3981.250,-2485.000,23.738,83,2704,16281,534,-455,-284,-323,0,0
8005493540,6.039,163.846,992.897,4690.000,-3990.000,-2485.000,23.738,99,2686,16277,536,-456,-284,-323,0,0
8005502948,5.246,164.761,991.982,4733.750,-4007.500,-2467.500,23.695,86,2701,16262,541,-458,-282,-334,0,0
8005512354,4.331,165.493,992.470,4716.250,-4086.250,-2493.750,23.695,71,2713,16270,539,-467,-285,-334,0,0
8005521762,4.697,165.371,992.714,4760.000,-4051.250,-2458.750,23.727,77,2711,16274,544,-463,-281,-326,0,0
8005531175,6.100,165.493,991.616,4716.250,-4042.500,-2450.000,23.727,100,2713,16256,539,-462,-280,-326,0,0
8005540582,4.880,164.822,991.616,4830.000,-4025.000,-2441.250,23.727,80,2702,16256,552,-460,-279,-326,0,0
8005549990,5.856,164.700,993.568,4742.500,-3963.750,-2467.500,23.727,96,2700,16288,542,-453,-282,-326,0,0
8005559404,5.429,165.493,993.019,4698.750,-3981.250,-2458.750,23.770,89,2713,16279,537,-455,-281,-315,0,0
8005568810,3.843,164.700,992.531,4646.250,-3998.750,-2467.500,23.770,63,2700,16271,531,-457,-282,-315,0,0
8005578217,4.636,164.822,991.189,4777.500,-3946.250,-2476.250,23.734,76,2702,16249,546,-451,-283,-324,0,0
8005587632,5.002,164.700,993.690,4742.500,-4068.750,-2450.000,23.734,82,2700,16290,542,-465,-280,-324,0,0
8005597040,5.917,164.761,992.592,4777.500,-4068.750,-2450.000,23.719,97,2701,16272,546,-465,-280,-328,0,0
8005606447,5.246,165.737,992.104,4742.500,-4060.000,-2432.500,23.719,86,2717,16264,542,-464,-278,-328,0,0
8005615855,4.758,165.554,992.226,4707.500,-3990.000,-2458.750,23.742,78,2714,16266,538,-456,-281,-322,0,0
8005625269,4.636,165.371,992.714,4681.250,-4007.500,-2450.000,23.742,76,2711,16274,535,-458,-280,-322,0,0
8005634676,4.941,164.822,992.226,4690.000,-3998.750,-2458.750,23.723,81,2702,16266,536,-457,-281,-327,0,0
8005644083,3.599,163.968,990.396,4760.000,-4007.500,-2458.750,23.723,59,2688,16236,544,-458,-281,-327,0,0
8005653496,4.758,164.700,993.019,4777.500,-4007.500,-2485.000,23.730,78,2700,16279,546,-458,-284,-325,0,0
8005662904,5.368,164.944,991.433,4716.250,-3998.750,-2502.500,23.730,88,2704,16253,539,-457,-286,-325,0,0
8005672310,4.880,164.334,992.104,4786.250,-4042.500,-2502.500,23.707,80,2694,16264,547,-462,-286,-331,0,0
8005681723,4.697,164.700,992.653,4873.750,-4042.500,-2493.750,23.707,77,2700,16273,557,-462,-285,-331,0,0
8005691132,4.453,165.066,993.446,4716.250,-4025.000,-2467.500,23.754,73,2706,16286,539,-460,-282,-319,0,0
8005700539,4.575,164.761,992.470,4576.250,-3902.500,-2458.750,23.754,75,2701,16270,523,-446,-281,-319,0,0
8005709947,4.636,164.822,991.494,4698.750,-3911.250,-2467.500,23.707,76,2702,16254,537,-447,-282,-331,0,0
8005719361,4.209,165.127,993.019,4742.500,-3928.750,-2441.250,23.707,69,2707,16279,542,-449,-279,-331,0,0
8005728769,4.758,165.554,994.117,4768.750,-3972.500,-2432.500,23.699,78,2714,16297,545,-454,-278,-333,0,0
8005738176,4.636,164.456,992.226,4812.500,-3937.500,-2441.250,23.699,76,2696,16266,550,-450,-279,-333,0,0
8005747589,5.734,163.724,992.775,4777.500,-4025.000,-2458.750,23.711,94,2684,16275,546,-460,-281,-330,0,0
8005756997,5.612,164.517,991.616,4786.250,-3981.250,-2450.000,23.711,92,2697,16256,547,-455,-280,-330,0,0
8005766403,5.246,164.029,992.836,4742.500,-4007.500,-2467.500,23.691,86,2689,16276,542,-458,-282,-335,0,0
8005775816,5.673,165.005,992.775,4768.750,-3972.500,-2458.750,23.691,93,2705,16275,545,-454,-281,-335,0,0
8005785225,5.002,165.310,992.592,4821.250,-4068.750,-2476.250,23.711,82,2710,16272,551,-465,-283,-330,0,0
8005794637,4.880,164.578,993.080,4751.250,-4068.750,-2502.500,23.711,80,2698,16280,543,-465,-286,-330,0,0
8005804044,4.880,164.395,992.897,4760.000,-4016.250,-2476.250,23.742,80,2695,16277,544,-459,-283,-322,0,0
8005813452,4.758,165.066,991.555,4751.250,-3981.250,-2458.750,23.742,78,2706,16255,543,-455,-281,-322,0,0
8005822864,4.575,164.822,992.470,4733.750,-3998.750,-2458.750,23.746,75,2702,16270,541,-457,-281,-321,0,0
8005832270,5.002,165.432,993.446,4786.250,-3972.500,-2485.000,23.746,82,2712,16286,547,-454,-284,-321,0,0
8005841679,4.270,165.249,992.104,4830.000,-4016.250,-2502.500,23.734,70,2709,16264,552,-459,-286,-324,0,0
8005851091,5.002,165.005,992.287,4725.000,-4016.250,-2476.250,23.734,82,2705,16267,540,-459,-283,-324,0,0
8005860498,6.222,164.334,991.250,4865.000,-4051.250,-2450.000,23.754,102,2694,16250,556,-463,-280,-319,0,0
8005869906,5.307,165.432,992.470,4882.500,-4016.250,-2458.750,23.754,87,2712,16270,558,-459,-281,-319,0,0
8005879319,5.368,164.456,992.409,4777.500,-4033.750,-2458.750,23.691,88,2696,16269,546,-461,-281,-335,0,0
8005888727,4.392,165.371,993.324,4751.250,-4025.000,-2476.250,23.691,72,2711,16284,543,-460,-283,-335,0,0
8005898133,5.185,164.944,992.531,4812.500,-4007.500,-2432.500,23.672,85,2704,16271,550,-458,-278,-340,0,0
8005907546,5.856,165.249,991.555,4760.000,-3998.750,-2485.000,23.672,96,2709,16255,544,-457,-284,-340,0,0
8005916954,5.978,165.249,993.324,4725.000,-4007.500,-2502.500,23.734,98,2709,16284,540,-458,-286,-324,0,0
8005926368,6.100,165.188,992.653,4786.250,-4033.750,-2476.250,23.734,100,2708,16273,547,-461,-283,-324,0,0
8005935777,6.100,165.066,992.043,4733.750,-4042.500,-2458.750,23.723,100,2706,16263,541,-462,-281,-327,0,0
8005945183,4.392,165.981,993.812,4628.750,-3998.750,-2458.750,23.723,72,2721,16292,529,-457,-281,-327,0,0
8005954589,5.612,164.334,992.287,4742.500,-4025.000,-2450.000,23.730,92,2694,16267,542,-460,-280,-325,0,0
8005964004,4.270,164.090,992.592,4803.750,-3998.750,-2458.750,23.730,70,2690,16272,549,-457,-281,-325,0,0
8005973411,5.368,164.517,991.555,4716.250,-3972.500,-2423.750,23.699,88,2697,16255,539,-454,-277,-333,0,0
8005982823,5.490,165.066,992.531,4795.000,-3946.250,-2458.750,23.699,90,2706,16271,548,-451,-281,-333,0,0
8005992231,4.758,165.188,992.958,4803.750,-4051.250,-2467.500,23.711,78,2708,16278,549,-463,-282,-330,0,0
8006001638,5.734,166.164,993.141,4768.750,-4033.750,-2458.750,23.711,94,2724,16281,545,-461,-281,-330,0,0
8006011046,5.490,164.639,993.324,4655.000,-3990.000,-2467.500,23.719,90,2699,16284,532,-456,-282,-328,0,0
8006020459,5.612,164.761,991.677,4628.750,-3998.750,-2476.250,23.719,92,2701,16257,529,-457,-283,-328,0,0
8006029865,5.185,164.273,993.324,4707.500,-4033.750,-2502.500,23.691,85,2693,16284,538,-461,-286,-335,0,0
8006039278,4.758,164.944,994.239,4698.750,-4068.750,-2493.750,23.691,78,2704,16299,537,-465,-285,-335,0,0
8006048685,4.148,164.273,992.714,4716.250,-4007.500,-2467.500,23.672,68,2693,16274,539,-458,-282,-340,0,0
8006058098,4.270,163.541,991.372,4742.500,-3998.750,-2432.500,23.672,70,2681,16252,542,-457,-278,-340,0,0
8006067504,5.063,165.127,991.494,4716.250,-4025.000,-2458.750,23.711,83,2707,16254,539,-460,-281,-330,0,0
8006076912,4.636,164.639,991.982,4672.500,-3963.750,-2450.000,23.711,76,2699,16262,534,-453,-280,-330,0,0
8006086326,6.039,164.883,992.104,4602.500,-4033.750,-2450.000,23.723,99,2703,16264,526,-461,-280,-327,0,0
8006095734,5.612,165.310,992.836,4733.750,-4016.250,-2441.250,23.723,92,2710,16276,541,-459,-279,-327,0,0
8006105140,4.758,165.310,993.080,4716.250,-3990.000,-2441.250,23.691,78,2710,16280,539,-456,-279,-335,0,0
8006114552,4.575,164.517,991.860,4698.750,-4051.250,-2493.750,23.691,75,2697,16260,537,-463,-285,-335,0,0
8006123957,4.880,164.822,993.568,4742.500,-4051.250,-2450.000,23.715,80,2702,16288,542,-463,-280,-329,0,0
8006133372,5.307,164.395,993.812,4698.750,-4068.750,-2441.250,23.715,87,2695,16292,537,-465,-279,-329,0,0
8006142778,5.002,165.554,994.788,4716.250,-3981.250,-2441.250,23.730,82,2714,16308,539,-455,-279,-325,0,0
8006152190,5.856,165.066,992.165,4646.250,-3937.500,-2432.500,23.730,96,2706,16265,531,-450,-278,-325,0,0
8006161596,5.185,165.249,992.836,4812.500,-3998.750,-2432.500,23.766,85,2709,16276,550,-457,-278,-316,0,0
8006171004,5.246,165.371,993.934,4725.000,-4016.250,-2441.250,23.766,86,2711,16294,540,-459,-279,-316,0,0
8006180417,5.246,166.347,993.629,4663.750,-4007.500,-2441.250,23.730,86,2727,16289,533,-458,-279,-325,0,0
8006189822,5.002,165.066,992.470,4646.250,-4016.250,-2450.000,23.730,82,2706,16270,531,-459,-280,-325,0,0
8006199234,4.941,165.371,992.775,4576.250,-3972.500,-2432.500,23.711,81,2711,16275,523,-454,-278,-330,0,0
8006208643,4.880,165.310,993.934,4733.750,-3972.500,-2458.750,23.711,80,2710,16294,541,-454,-281,-330,0,0
8006218055,4.941,164.883,992.470,4733.750,-4033.750,-2485.000,23.719,81,2703,16270,541,-461,-284,-328,0,0
8006227460,5.368,164.883,992.287,4611.250,-3946.250,-2476.250,23.719,88,2703,16267,527,-451,-283,-328,0,0
8006236872,4.636,165.005,993.629,4620.000,-3998.750,-2458.750,23.727,76,2705,16289,528,-457,-281,-326,0,0
8006246277,5.246,165.798,992.775,4751.250,-3998.750,-2476.250,23.727,86,2718,16275,543,-457,-283,-326,0,0
8006255692,5.551,165.432,993.873,4751.250,-3998.750,-2458.750,23.707,91,2712,16293,543,-457,-281,-331,0,0
8006265097,4.697,165.371,992.958,4821.250,-4051.250,-2450.000,23.707,77,2711,16278,551,-463,-280,-331,0,0
8006274509,4.636,164.456,992.287,4725.000,-3981.250,-2450.000,23.734,76,2696,16267,540,-455,-280,-324,0,0
8006283920,4.758,165.066,993.080,4786.250,-4025.000,-2458.750,23.734,78,2706,16280,547,-460,-281,-324,0,0
8006293326,6.222,164.822,993.568,4742.500,-4007.500,-2493.750,23.738,102,2702,16288,542,-458,-285,-323,0,0
8006302734,4.880,163.846,992.409,4768.750,-4007.500,-2458.750,23.738,80,2686,16269,545,-458,-281,-323,0,0
8006312147,5.002,164.883,992.470,4803.750,-3990.000,-2467.500,23.715,82,2703,16270,549,-456,-282,-329,0,0
8006321552,4.941,164.944,993.080,4838.750,-3955.000,-2441.250,23.715,81,2704,16280,553,-452,-279,-329,0,0
8006330968,6.039,164.578,991.921,4760.000,-3937.500,-2467.500,23.691,99,2698,16261,544,-450,-282,-335,0,0
8006340374,5.612,165.432,991.067,4786.250,-3990.000,-2450.000,23.691,92,2712,16247,547,-456,-280,-335,0,0
8006349786,5.734,165.005,991.982,4786.250,-4025.000,-2450.000,23.688,94,2705,16262,547,-460,-280,-336,0,0
8006359190,4.514,165.005,992.226,4742.500,-4016.250,-2458.750,23.688,74,2705,16266,542,-459,-281,-336,0,0
8006368601,4.270,164.761,992.897,4751.250,-4025.000,-2423.750,23.750,70,2701,16277,543,-460,-277,-320,0,0
8006378012,5.551,165.798,992.653,4821.250,-4033.750,-2415.000,23.750,91,2718,16273,551,-461,-276,-320,0,0
8006387419,5.124,164.700,992.226,4803.750,-3946.250,-2450.000,23.707,84,2700,16266,549,-451,-280,-331,0,0
8006396827,5.429,164.761,991.250,4690.000,-3963.750,-2450.000,23.707,89,2701,16250,536,-453,-280,-331,0,0
8006406239,4.453,165.554,992.043,4768.750,-4007.500,-2467.500,23.719,73,2714,16263,545,-458,-282,-328,0,0
8006415651,4.758,164.822,994.239,4672.500,-4060.000,-2467.500,23.719,78,2702,16299,534,-464,-282,-328,0,0
8006425055,4.819,165.005,992.165,4672.500,-4025.000,-2450.000,23.684,79,2705,16265,534,-460,-280,-337,0,0
8006434466,5.795,165.127,993.751,4663.750,-4025.000,-2476.250,23.684,95,2707,16291,533,-460,-283,-337,0,0
8006443878,5.368,164.944,993.202,4760.000,-4007.500,-2476.250,23.742,88,2704,16282,544,-458,-283,-322,0,0
8006453282,5.978,165.493,993.568,4795.000,-4042.500,-2476.250,23.742,98,2713,16288,548,-462,-283,-322,0,0
8006462693,5.124,165.676,992.409,4690.000,-4007.500,-2493.750,23.742,84,2716,16269,536,-458,-285,-322,0,0
8006472105,5.490,165.005,992.775,4646.250,-3955.000,-2458.750,23.742,90,2705,16275,531,-452,-281,-322,0,0
8006481516,4.270,164.456,991.799,4733.750,-4007.500,-2476.250,23.723,70,2696,16259,541,-458,-283,-327,0,0
8006490922,4.453,164.639,991.433,4725.000,-4068.750,-2485.000,23.723,73,2699,16253,540,-465,-284,-327,0,0
8006500335,4.331,164.883,991.616,4751.250,-3981.250,-2493.750,23.727,71,2703,16256,543,-455,-285,-326,0,0
8006509742,5.124,164.700,991.311,4786.250,-4060.000,-2476.250,23.727,84,2700,16251,547,-464,-283,-326,0,0
8006519154,5.063,165.127,991.738,4663.750,-4033.750,-2493.750,23.699,83,2707,16258,533,-461,-285,-333,0,0
8006528558,4.575,164.883,994.483,4768.750,-4068.750,-2467.500,23.699,75,2703,16303,545,-465,-282,-333,0,0
8006537970,5.185,165.981,992.714,4786.250,-4016.250,-2450.000,23.703,85,2721,16274,547,-459,-280,-332,0,0
8006547377,6.527,165.005,991.494,4733.750,-4042.500,-2467.500,23.703,107,2705,16254,541,-462,-282,-332,0,0
8006556791,5.307,165.981,991.067,4733.750,-4025.000,-2467.500,23.715,87,2721,16247,541,-460,-282,-329,0,0
8006566197,5.795,165.188,993.141,4698.750,-4007.500,-2467.500,23.715,95,2708,16281,537,-458,-282,-329,0,0
8006575608,5.551,164.456,993.141,4681.250,-4068.750,-2458.750,23.727,91,2696,16281,535,-465,-281,-326,0,0
8006585019,5.124,164.700,993.141,4681.250,-4025.000,-2458.750,23.727,84,2700,16281,535,-460,-281,-326,0,0
8006594423,4.453,164.700,991.006,4690.000,-3972.500,-2467.500,23.727,73,2700,16246,536,-454,-282,-326,0,0
8006603835,5.002,164.456,990.701,4698.750,-3972.500,-2476.250,23.727,82,2696,16241,537,-454,-283,-326,0,0
8006613246,5.002,165.188,993.324,4768.750,-4077.500,-2476.250,23.711,82,2708,16284,545,-466,-283,-330,0,0
8006622651,5.856,164.944,993.934,4838.750,-4068.750,-2476.250,23.711,96,2704,16294,553,-465,-283,-330,0,0
8006632062,5.490,164.578,991.250,4681.250,-4016.250,-2458.750,23.734,90,2698,16250,535,-459,-281,-324,0,0
8006641473,5.429,164.395,991.311,4803.750,-4007.500,-2450.000,23.734,89,2695,16251,549,-458,-280,-324,0,0
8006650878,4.819,164.517,992.592,4908.750,-4042.500,-2432.500,23.723,79,2697,16272,561,-462,-278,-327,0,0
8006660289,5.124,164.761,991.860,4856.250,-4025.000,-2476.250,23.723,84,2701,16260,555,-460,-283,-327,0,0
8006669700,4.758,164.517,992.653,4725.000,-4016.250,-2441.250,23.684,78,2697,16273,540,-459,-279,-337,0,0
8006679111,5.185,164.883,992.958,4733.750,-4033.750,-2450.000,23.684,85,2703,16278,541,-461,-280,-337,0,0
8006688516,5.917,164.395,991.982,4690.000,-4016.250,-2458.750,23.672,97,2695,16262,536,-459,-281,-340,0,0
8006697929,4.697,164.456,992.287,4733.750,-4007.500,-2485.000,23.672,77,2696,16267,541,-458,-284,-340,0,0
8006707337,5.124,164.944,992.775,4751.250,-3990.000,-2450.000,23.723,84,2704,16275,543,-456,-280,-327,0,0
8006716749,5.490,165.310,994.605,4786.250,-3990.000,-2441.250,23.723,90,2710,16305,547,-456,-279,-327,0,0
8006726154,5.307,164.212,994.849,4812.500,-3972.500,-2467.500,23.746,87,2692,16309,550,-454,-282,-321,0,0
8006735565,5.185,164.822,992.958,4760.000,-4025.000,-2476.250,23.746,85,2702,16278,544,-460,-283,-321,0,0
8006744977,4.941,164.578,991.921,4777.500,-4025.000,-2432.500,23.691,81,2698,16261,546,-460,-278,-335,0,0
8006754381,5.246,164.090,992.897,4655.000,-3963.750,-2467.500,23.691,86,2690,16277,532,-453,-282,-335,0,0
8006763795,5.185,164.212,993.263,4681.250,-3981.250,-2432.500,23.734,85,2692,16283,535,-455,-278,-324,0,0
8006773203,4.697,165.127,993.263,4803.750,-4033.750,-2467.500,23.734,77,2707,16283,549,-461,-282,-324,0,0
8006782615,3.904,165.371,991.738,4672.500,-4060.000,-2502.500,23.703,64,2711,16258,534,-464,-286,-332,0,0
8006792019,4.758,164.639,992.897,4707.500,-4025.000,-2450.000,23.703,78,2699,16277,538,-460,-280,-332,0,0
8006801431,5.734,165.371,991.860,4768.750,-4051.250,-2493.750,23.742,94,2711,16260,545,-463,-285,-322,0,0
8006810842,4.575,165.005,992.409,4777.500,-4051.250,-2467.500,23.742,75,2705,16269,546,-463,-282,-322,0,0
8006820246,4.758,164.395,992.958,4733.750,-4042.500,-2458.750,23.727,78,2695,16278,541,-462,-281,-326,0,0
8006829658,4.880,164.456,994.422,4838.750,-4033.750,-2467.500,23.727,80,2696,16302,553,-461,-282,-326,0,0
8006839069,4.270,165.371,992.531,4865.000,-3981.250,-2467.500,23.730,70,2711,16271,556,-455,-282,-325,0,0
8006848473,5.002,165.249,993.507,4821.250,-4042.500,-2441.250,23.730,82,2709,16287,551,-462,-279,-325,0,0
8006857884,4.697,165.188,992.470,4786.250,-3998.750,-2476.250,23.730,77,2708,16270,547,-457,-283,-325,0,0
8006867296,4.514,164.883,993.080,4777.500,-3981.250,-2458.750,23.730,74,2703,16280,546,-455,-281,-325,0,0
8006876701,5.429,165.005,993.141,4628.750,-4007.500,-2485.000,23.711,89,2705,16281,529,-458,-284,-330,0,0
8006886112,6.222,165.066,993.263,4663.750,-3963.750,-2467.500,23.711,102,2706,16283,533,-453,-282,-330,0,0
8006895520,4.331,164.944,991.433,4672.500,-4042.500,-2458.750,23.727,71,2704,16253,534,-462,-281,-326,0,0
8006904933,5.063,165.127,992.897,4742.500,-3998.750,-2458.750,23.727,83,2707,16277,542,-457,-281,-326,0,0
8006914338,4.453,164.761,993.080,4690.000,-3998.750,-2423.750,23.691,73,2701,16280,536,-457,-277,-335,0,0
8006923751,5.185,165.249,993.446,4742.500,-4033.750,-2502.500,23.691,85,2709,16286,542,-461,-286,-335,0,0
8006933160,5.490,164.639,992.470,4690.000,-4025.000,-2467.500,23.699,90,2699,16270,536,-460,-282,-333,0,0
8006942572,4.941,165.127,993.019,4716.250,-4025.000,-2450.000,23.699,81,2707,16279,539,-460,-280,-333,0,0
8006951977,5.978,164.822,992.836,4777.500,-4016.250,-2467.500,23.719,98,2702,16276,546,-459,-282,-328,0,0
8006961388,5.429,165.249,993.629,4672.500,-3981.250,-2467.500,23.719,89,2709,16289,534,-455,-282,-328,0,0
8006970801,4.331,165.066,992.226,4742.500,-4016.250,-2493.750,23.703,71,2706,16266,542,-459,-285,-332,0,0
8006980204,4.636,164.578,993.263,4742.500,-4025.000,-2485.000,23.703,76,2698,16283,542,-460,-284,-332,0,0
8006989619,4.697,165.005,994.483,4716.250,-3990.000,-2476.250,23.703,77,2705,16303,539,-456,-283,-332,0,0
8006999026,5.551,165.066,993.446,4725.000,-3972.500,-2502.500,23.703,91,2706,16286,540,-454,-286,-332,0,0
8007008432,4.392,164.883,992.592,4663.750,-3981.250,-2450.000,23.746,72,2703,16272,533,-455,-280,-321,0,0
8007017846,5.551,165.737,992.409,4690.000,-3981.250,-2450.000,23.746,91,2717,16269,536,-455,-280,-321,0,0
8007027253,4.514,165.615,993.019,4751.250,-4016.250,-2441.250,23.738,74,2715,16279,543,-459,-279,-323,0,0
8007036664,4.636,164.883,993.446,4725.000,-4042.500,-2458.750,23.738,76,2703,16286,540,-462,-281,-323,0,0
8007046069,5.063,165.127,992.226,4725.000,-3981.250,-2467.500,23.715,83,2707,16266,540,-455,-282,-329,0,0
8007055481,4.819,164.334,993.141,4873.750,-4033.750,-2432.500,23.715,79,2694,16281,557,-461,-278,-329,0,0
8007064889,4.880,164.578,992.836,4707.500,-4007.500,-2432.500,23.734,80,2698,16276,538,-458,-278,-324,0,0
8007074302,5.856,164.944,992.714,4672.500,-4060.000,-2441.250,23.734,96,2704,16274,534,-464,-279,-324,0,0
8007083707,5.185,164.395,992.653,4655.000,-3955.000,-2476.250,23.742,85,2695,16273,532,-452,-283,-322,0,0
8007093118,3.721,164.883,993.568,4663.750,-3920.000,-2458.750,23.742,61,2703,16288,533,-448,-281,-322,0,0
8007102531,4.819,164.761,993.934,4672.500,-3972.500,-2432.500,23.738,79,2701,16294,534,-454,-278,-323,0,0
8007111939,6.039,165.127,992.653,4672.500,-3946.250,-2450.000,23.738,99,2707,16273,534,-451,-280,-323,0,0
8007121345,5.490,165.371,994.605,4690.000,-3972.500,-2476.250,23.734,90,2711,16305,536,-454,-283,-324,0,0
8007130758,5.185,165.188,994.056,4690.000,-3998.750,-2485.000,23.734,85,2708,16296,536,-457,-284,-324,0,0
8007140167,5.063,165.005,991.982,4742.500,-4068.750,-2476.250,23.711,83,2705,16262,542,-465,-283,-330,0,0
8007149572,5.002,164.517,993.507,4628.750,-4042.500,-2467.500,23.711,82,2697,16287,529,-462,-282,-330,0,0
8007158984,3.660,165.737,993.446,4777.500,-4060.000,-2458.750,23.688,60,2717,16286,546,-464,-281,-336,0,0
8007168396,4.392,164.639,992.348,4760.000,-3963.750,-2441.250,23.688,72,2699,16268,544,-453,-279,-336,0,0
8007177801,5.612,165.249,991.677,4830.000,-4033.750,-2450.000,23.676,92,2709,16257,552,-461,-280,-339,0,0
8007187208,4.697,164.883,992.165,4725.000,-4068.750,-2485.000,23.676,77,2703,16265,540,-465,-284,-339,0,0
8007196622,5.002,164.761,993.324,4646.250,-4033.750,-2441.250,23.738,82,2701,16284,531,-461,-279,-323,0,0
8007206027,4.941,165.554,994.178,4733.750,-3998.750,-2458.750,23.738,81,2714,16298,541,-457,-281,-323,0,0
8007215440,5.246,164.822,993.385,4847.500,-3990.000,-2476.250,23.699,86,2702,16285,554,-456,-283,-333,0,0
8007224848,4.392,164.639,992.531,4768.750,-3963.750,-2467.500,23.699,72,2699,16271,545,-453,-282,-333,0,0
8007234260,4.880,164.944,995.154,4760.000,-3998.750,-2476.250,23.723,80,2704,16314,544,-457,-283,-327,0,0
8007243666,5.368,164.639,992.958,4760.000,-4007.500,-2450.000,23.723,88,2699,16278,544,-458,-280,-327,0,0
8007253079,5.490,165.249,992.348,4672.500,-3963.750,-2432.500,23.711,90,2709,16268,534,-453,-278,-330,0,0
8007262486,5.856,166.042,992.714,4707.500,-3998.750,-2476.250,23.711,96,2722,16274,538,-457,-283,-330,0,0
8007271892,4.575,165.310,993.873,4707.500,-3990.000,-2450.000,23.734,75,2710,16293,538,-456,-280,-324,0,0
8007281301,5.368,165.188,992.592,4611.250,-3963.750,-2476.250,23.734,88,2708,16272,527,-453,-283,-324,0,0
8007290714,5.368,164.700,993.446,4751.250,-3963.750,-2458.750,23.750,88,2700,16286,543,-453,-281,-320,0,0
8007300125,5.429,164.944,993.751,4733.750,-4042.500,-2450.000,23.750,89,2704,16291,541,-462,-280,-320,0,0
8007309530,5.734,164.822,993.751,4803.750,-4007.500,-2485.000,23.684,94,2702,16291,549,-458,-284,-337,0,0
8007318943,5.673,165.493,992.470,4795.000,-3998.750,-2476.250,23.684,93,2713,16270,548,-457,-283,-337,0,0
8007328351,4.026,165.798,993.019,4725.000,-4016.250,-2476.250,23.734,66,2718,16279,540,-459,-283,-324,0,0
8007337763,5.368,164.822,993.141,4550.000,-3972.500,-2476.250,23.734,88,2702,16281,520,-454,-283,-324,0,0
8007347169,6.405,164.883,992.165,4681.250,-3998.750,-2432.500,23.727,105,2703,16265,535,-457,-278,-326,0,0
8007356578,4.636,164.700,992.836,4663.750,-4007.500,-2441.250,23.727,76,2700,16276,533,-458,-279,-326,0,0
8007365990,4.880,165.371,993.507,4803.750,-4051.250,-2432.500,23.723,80,2711,16287,549,-463,-278,-327,0,0
8007375396,5.002,164.822,993.751,4716.250,-3998.750,-2450.000,23.723,82,2702,16291,539,-457,-280,-327,0,0
8007384808,4.941,164.761,992.531,4847.500,-4033.750,-2467.500,23.746,81,2701,16271,554,-461,-282,-321,0,0
8007394216,5.063,165.005,992.592,4777.500,-4016.250,-2450.000,23.746,83,2705,16272,546,-459,-280,-321,0,0
8007403628,4.697,164.517,993.202,4707.500,-3990.000,-2493.750,23.719,77,2697,16282,538,-456,-285,-328,0,0
8007413034,5.612,164.578,993.507,4672.500,-3981.250,-2450.000,23.719,92,2698,16287,534,-455,-280,-328,0,0
8007422446,4.270,165.554,993.629,4847.500,-4007.500,-2467.500,23.738,70,2714,16289,554,-458,-282,-323,0,0
8007431853,5.246,165.127,991.860,4943.750,-4016.250,-2476.250,23.738,86,2707,16260,565,-459,-283,-323,0,0
8007441260,5.307,165.432,993.019,4856.250,-4016.250,-2458.750,23.715,87,2712,16279,555,-459,-281,-329,0,0
8007450671,5.429,164.883,992.531,4812.500,-4051.250,-2476.250,23.715,89,2703,16271,550,-463,-283,-329,0,0
8007460078,4.575,165.798,993.385,4733.750,-4077.500,-2458.750,23.668,75,2718,16285,541,-466,-281,-341,0,0
8007469493,4.453,165.066,993.080,4707.500,-4121.250,-2441.250,23.668,73,2706,16280,538,-471,-279,-341,0,0
8007478899,3.965,165.371,994.422,4777.500,-4025.000,-2476.250,23.684,65,2711,16302,546,-460,-283,-337,0,0
8007488312,4.575,164.334,992.775,4637.500,-4068.750,-2493.750,23.684,75,2694,16275,530,-465,-285,-337,0,0
8007497718,5.063,164.517,992.104,4751.250,-4007.500,-2467.500,23.727,83,2697,16264,543,-458,-282,-326,0,0
8007507125,5.490,164.883,992.958,4733.750,-4007.500,-2476.250,23.727,90,2703,16278,541,-458,-283,-326,0,0
8007516538,5.246,164.700,992.531,4698.750,-4007.500,-2467.500,23.691,86,2700,16271,537,-458,-282,-335,0,0
8007525946,4.758,165.005,992.836,4707.500,-4033.750,-2485.000,23.691,78,2705,16276,538,-461,-284,-335,0,0
8007535359,4.209,165.737,992.836,4777.500,-4033.750,-2467.500,23.723,69,2717,16276,546,-461,-282,-327,0,0
8007544767,4.270,165.432,991.555,4672.500,-3955.000,-2476.250,23.723,70,2712,16255,534,-452,-283,-327,0,0
8007554174,4.392,164.212,991.372,4812.500,-4033.750,-2450.000,23.727,72,2692,16252,550,-461,-280,-326,0,0
8007563580,5.368,164.456,992.470,4760.000,-4033.750,-2450.000,23.727,88,2696,16270,544,-461,-280,-326,0,0
8007572995,4.514,164.883,993.568,4733.750,-4042.500,-2458.750,23.750,74,2703,16288,541,-462,-281,-320,0,0
8007582401,5.551,164.273,994.666,4760.000,-4068.750,-2458.750,23.750,91,2693,16306,544,-465,-281,-320,0,0
8007591814,4.270,164.700,993.080,4663.750,-4068.750,-2467.500,23.734,70,2700,16280,533,-465,-282,-324,0,0
8007601222,5.734,165.005,993.263,4725.000,-4060.000,-2485.000,23.734,94,2705,16283,540,-464,-284,-324,0,0
8007610629,5.734,164.883,992.592,4681.250,-4007.500,-2423.750,23.691,94,2703,16272,535,-458,-277,-335,0,0
8007620038,4.453,165.798,991.799,4733.750,-3998.750,-2458.750,23.691,73,2718,16259,541,-457,-281,-335,0,0
8007629451,4.331,165.493,992.348,4812.500,-3955.000,-2450.000,23.738,71,2713,16268,550,-452,-280,-323,0,0
8007638857,5.490,165.432,992.836,4777.500,-3981.250,-2458.750,23.738,90,2712,16276,546,-455,-281,-323,0,0
8007648270,4.087,165.615,992.470,4751.250,-3998.750,-2450.000,23.730,67,2715,16270,543,-457,-280,-325,0,0
8007657678,5.063,164.151,992.409,4698.750,-4033.750,-2485.000,23.730,83,2691,16269,537,-461,-284,-325,0,0
8007667084,4.453,165.188,992.897,4655.000,-4016.250,-2458.750,23.723,73,2708,16277,532,-459,-281,-327,0,0
8007676497,4.392,165.005,991.860,4716.250,-3990.000,-2467.500,23.723,72,2705,16260,539,-456,-282,-327,0,0
8007685905,4.209,165.127,992.470,4812.500,-3972.500,-2458.750,23.754,69,2707,16270,550,-454,-281,-319,0,0
8007695311,4.758,164.639,992.775,4742.500,-3937.500,-2450.000,23.754,78,2699,16275,542,-450,-280,-319,0,0
8007704724,5.063,165.127,993.263,4733.750,-4016.250,-2458.750,23.719,83,2707,16283,541,-459,-281,-328,0,0
8007714132,5.185,165.554,993.019,4768.750,-4007.500,-2458.750,23.719,85,2714,16279,545,-458,-281,-328,0,0
8007723545,5.734,165.127,992.409,4655.000,-3946.250,-2458.750,23.715,94,2707,16269,532,-451,-281,-329,0,0
8007732953,5.185,165.859,993.812,4576.250,-3963.750,-2458.750,23.715,85,2719,16292,523,-453,-281,-329,0,0
8007742359,4.697,165.493,992.592,4733.750,-3998.750,-2476.250,23.727,77,2713,16272,541,-457,-283,-326,0,0
8007751768,4.636,164.456,991.799,4830.000,-3981.250,-2493.750,23.727,76,2696,16259,552,-455,-285,-326,0,0
8007761175,4.514,164.334,991.677,4760.000,-4060.000,-2485.000,23.754,74,2694,16257,544,-464,-284,-319,0,0
8007770591,4.209,163.907,992.165,4672.500,-4025.000,-2502.500,23.754,69,2687,16265,534,-460,-286,-319,0,0
8007779997,5.185,164.395,993.507,4655.000,-3963.750,-2423.750,23.723,85,2695,16287,532,-453,-277,-327,0,0
8007789404,4.880,164.700,992.409,4672.500,-3937.500,-2432.500,23.723,80,2700,16269,534,-450,-278,-327,0,0
8007798819,4.819,165.249,992.531,4777.500,-3972.500,-2441.250,23.734,79,2709,16271,546,-454,-279,-324,0,0
8007808226,6.161,165.615,993.019,4768.750,-4060.000,-2502.500,23.734,101,2715,16279,545,-464,-286,-324,0,0
8007817634,4.575,166.103,992.775,4786.250,-4025.000,-2467.500,23.699,75,2723,16275,547,-460,-282,-333,0,0
8007827047,5.551,165.005,992.714,4742.500,-3998.750,-2467.500,23.699,91,2705,16274,542,-457,-282,-333,0,0
8007836453,4.209,165.249,991.799,4760.000,-4016.250,-2476.250,23.730,69,2709,16259,544,-459,-283,-325,0,0
8007845861,5.429,165.127,993.568,4777.500,-3928.750,-2485.000,23.730,89,2707,16288,546,-449,-284,-325,0,0
8007855275,5.002,165.249,993.324,4637.500,-3963.750,-2485.000,23.730,82,2709,16284,530,-453,-284,-325,0,0
8007864683,5.429,164.395,991.006,4690.000,-3972.500,-2476.250,23.730,89,2695,16246,536,-454,-283,-325,0,0
8007874089,5.368,163.968,992.104,4768.750,-3963.750,-2450.000,23.738,88,2688,16264,545,-453,-280,-323,0,0
8007883496,5.185,164.395,993.080,4751.250,-3963.750,-2458.750,23.738,85,2695,16280,543,-453,-281,-323,0,0
8007892911,4.270,165.371,993.202,4777.500,-4007.500,-2476.250,23.789,70,2711,16282,546,-458,-283,-310,0,0
8007902318,4.392,165.005,993.202,4803.750,-3990.000,-2493.750,23.789,72,2705,16282,549,-456,-285,-310,0,0
8007911725,5.856,165.371,992.775,4646.250,-4068.750,-2485.000,23.723,96,2711,16275,531,-465,-284,-327,0,0
8007921139,5.185,165.615,992.531,4821.250,-4068.750,-2467.500,23.723,85,2715,16271,551,-465,-282,-327,0,0
8007930545,4.941,165.554,992.287,4786.250,-3972.500,-2493.750,23.734,81,2714,16267,547,-454,-285,-324,0,0
8007939952,4.819,165.432,992.409,4751.250,-3990.000,-2458.750,23.734,79,2712,16269,543,-456,-281,-324,0,0
8007949366,5.002,164.944,993.019,4795.000,-4051.250,-2458.750,23.762,82,2704,16279,548,-463,-281,-317,0,0
8007958775,5.185,165.249,992.165,4777.500,-4042.500,-2493.750,23.762,85,2709,16265,546,-462,-285,-317,0,0
8007968181,4.880,164.639,992.104,4690.000,-3946.250,-2458.750,23.715,80,2699,16264,536,-451,-281,-329,0,0
8007977594,5.307,164.761,992.043,4698.750,-3990.000,-2450.000,23.715,87,2701,16263,537,-456,-280,-329,0,0
8007987002,5.856,164.883,993.141,4733.750,-3990.000,-2458.750,23.758,96,2703,16281,541,-456,-281,-318,0,0
8007996408,5.185,164.944,992.653,4768.750,-3981.250,-2441.250,23.758,85,2704,16273,545,-455,-279,-318,0,0
8008005821,5.185,165.798,993.446,4768.750,-3981.250,-2458.750,23.746,85,2718,16286,545,-455,-281,-321,0,0
8008015233,4.758,165.554,993.995,4646.250,-3963.750,-2458.750,23.746,78,2714,16295,531,-453,-281,-321,0,0
8008024641,5.551,165.310,992.287,4742.500,-4007.500,-2485.000,23.750,91,2710,16267,542,-458,-284,-320,0,0
8008034048,5.551,164.639,991.677,4777.500,-4060.000,-2467.500,23.750,91,2699,16257,546,-464,-282,-320,0,0
8008043455,5.124,165.737,993.507,4830.000,-4042.500,-2476.250,23.762,84,2717,16287,552,-462,-283,-317,0,0
8008052869,4.270,164.700,993.934,4725.000,-3963.750,-2467.500,23.762,70,2700,16294,540,-453,-282,-317,0,0
8008062276,5.307,164.761,993.324,4663.750,-4077.500,-2476.250,23.727,87,2701,16284,533,-466,-283,-326,0,0
8008071684,4.331,164.456,992.287,4742.500,-4033.750,-2476.250,23.727,71,2696,16267,542,-461,-283,-326,0,0
8008081097,5.307,164.029,994.666,4865.000,-3990.000,-2485.000,23.762,87,2689,16306,556,-456,-284,-317,0,0
8008090505,5.185,165.859,992.897,4681.250,-4007.500,-2458.750,23.762,85,2719,16277,535,-458,-281,-317,0,0
8008099911,4.697,166.042,992.958,4821.250,-4007.500,-2458.750,23.762,77,2722,16278,551,-458,-281,-317,0,0
8008109325,5.246,165.920,994.239,4908.750,-4033.750,-2467.500,23.762,86,2720,16299,561,-461,-282,-317,0,0
8008118732,5.246,165.676,991.677,4725.000,-3972.500,-2458.750,23.727,86,2716,16257,540,-454,-281,-326,0,0
8008128145,4.941,164.578,992.226,4716.250,-3981.250,-2458.750,23.727,81,2698,16266,539,-455,-281,-326,0,0
8008137550,4.575,164.883,992.531,4821.250,-4033.750,-2458.750,23.750,75,2703,16271,551,-461,-281,-320,0,0
8008146962,5.795,163.846,992.287,4742.500,-4033.750,-2450.000,23.750,95,2686,16267,542,-461,-280,-320,0,0
8008156370,4.453,164.761,992.775,4803.750,-4025.000,-2458.750,23.715,73,2701,16275,549,-460,-281,-329,0,0
8008165776,4.636,165.188,994.117,4751.250,-4025.000,-2458.750,23.715,76,2708,16297,543,-460,-281,-329,0,0
8008175189,4.270,163.907,991.433,4725.000,-4025.000,-2467.500,23.750,70,2687,16253,540,-460,-282,-320,0,0
8008184597,5.551,165.310,991.006,4786.250,-4025.000,-2458.750,23.750,91,2710,16246,547,-460,-281,-320,0,0
8008194010,4.941,165.493,992.531,4742.500,-3972.500,-2441.250,23.785,81,2713,16271,542,-454,-279,-311,0,0
8008203417,5.246,165.310,992.348,4690.000,-3998.750,-2450.000,23.785,86,2710,16268,536,-457,-280,-311,0,0
8008212825,6.283,164.761,993.629,4830.000,-3998.750,-2467.500,23.777,103,2701,16289,552,-457,-282,-313,0,0
8008222238,4.941,164.883,994.056,4803.750,-4007.500,-2450.000,23.777,81,2703,16296,549,-458,-280,-313,0,0
8008231643,5.490,164.578,992.348,4838.750,-3955.000,-2432.500,23.746,90,2698,16268,553,-452,-278,-321,0,0
8008241051,5.307,164.578,992.775,4891.250,-3981.250,-2467.500,23.746,87,2698,16275,559,-455,-282,-321,0,0
8008250464,4.453,165.249,992.592,4847.500,-4051.250,-2458.750,23.738,73,2709,16272,554,-463,-281,-323,0,0
8008259870,5.002,164.944,993.873,4786.250,-4016.250,-2423.750,23.738,82,2704,16293,547,-459,-277,-323,0,0
8008269284,4.026,165.615,993.202,4751.250,-3998.750,-2432.500,23.734,66,2715,16282,543,-457,-278,-324,0,0
8008278691,6.039,164.456,993.385,4733.750,-3972.500,-2441.250,23.734,99,2696,16285,541,-454,-279,-324,0,0
8008288103,5.307,165.371,993.385,4681.250,-3955.000,-2450.000,23.762,87,2711,16285,535,-452,-280,-317,0,0
8008297509,5.795,165.249,994.117,4646.250,-3998.750,-2458.750,23.762,95,2709,16297,531,-457,-281,-317,0,0
8008306921,4.941,165.737,992.775,4716.250,-3963.750,-2493.750,23.727,81,2717,16275,539,-453,-285,-326,0,0
8008316329,6.466,164.944,993.446,4751.250,-3946.250,-2458.750,23.727,106,2704,16286,543,-451,-281,-326,0,0
8008325734,5.490,164.700,992.714,4663.750,-4016.250,-2458.750,23.738,90,2700,16274,533,-459,-281,-323,0,0
8008335146,5.612,165.188,993.324,4733.750,-4051.250,-2493.750,23.738,92,2708,16284,541,-463,-285,-323,0,0
8008344555,4.575,165.371,992.287,4812.500,-3998.750,-2502.500,23.750,75,2711,16267,550,-457,-286,-320,0,0
8008353967,4.880,165.005,993.446,4786.250,-3972.500,-2467.500,23.750,80,2705,16286,547,-454,-282,-320,0,0
8008363373,4.453,165.127,994.544,4725.000,-3972.500,-2432.500,23.730,73,2707,16304,540,-454,-278,-325,0,0
8008372787,5.368,164.090,991.738,4646.250,-3946.250,-2458.750,23.730,88,2690,16258,531,-451,-281,-325,0,0
8008382194,4.453,164.456,992.958,4690.000,-3990.000,-2450.000,23.734,73,2696,16278,536,-456,-280,-324,0,0
8008391599,5.551,164.761,994.178,4716.250,-3998.750,-2441.250,23.734,91,2701,16298,539,-457,-279,-324,0,0
8008401011,5.429,165.493,994.666,4698.750,-3902.500,-2476.250,23.723,89,2713,16306,537,-446,-283,-327,0,0
8008410419,5.673,165.005,992.958,4681.250,-3946.250,-2467.500,23.723,93,2705,16278,535,-451,-282,-327,0,0
8008419833,4.636,165.981,993.019,4803.750,-4007.500,-2458.750,23.738,76,2721,16279,549,-458,-281,-323,0,0
8008429238,5.368,165.432,993.751,4777.500,-3946.250,-2467.500,23.738,88,2712,16291,546,-451,-282,-323,0,0
8008438650,5.124,165.554,993.141,4707.500,-3946.250,-2450.000,23.742,84,2714,16281,538,-451,-280,-322,0,0
8008448057,5.429,163.663,992.592,4585.000,-3885.000,-2467.500,23.742,89,2683,16272,524,-444,-282,-322,0,0
8008457471,3.843,164.517,993.263,4611.250,-3902.500,-2493.750,23.742,63,2697,16283,527,-446,-285,-322,0,0
8008466877,4.514,163.846,992.592,4637.500,-3911.250,-2493.750,23.742,74,2686,16272,530,-447,-285,-322,0,0
8008476285,4.514,164.212,993.507,4602.500,-3841.250,-2502.500,23.738,74,2692,16287,526,-439,-286,-323,0,0
8008485698,3.660,164.151,991.189,4611.250,-3937.500,-2467.500,23.738,60,2691,16249,527,-450,-282,-323,0,0
8008495103,4.087,164.761,992.043,4725.000,-3972.500,-2458.750,23.730,67,2701,16263,540,-454,-281,-325,0,0
8008504516,3.843,165.798,992.531,4707.500,-3981.250,-2458.750,23.730,63,2718,16271,538,-455,-281,-325,0,0
8008513924,4.758,165.615,993.446,4795.000,-4007.500,-2467.500,23.746,78,2715,16286,548,-458,-282,-321,0,0
8008523329,5.856,166.957,992.897,4900.000,-3955.000,-2467.500,23.746,96,2737,16277,560,-452,-282,-321,0,0
8008532741,5.368,164.517,992.897,4725.000,-3972.500,-2493.750,23.758,88,2697,16277,540,-454,-285,-318,0,0
8008542152,5.246,164.395,993.446,4707.500,-3928.750,-2450.000,23.758,86,2695,16286,538,-449,-280,-318,0,0
8008551558,5.368,164.700,994.178,4873.750,-3963.750,-2467.500,23.715,88,2700,16298,557,-453,-282,-329,0,0
8008560973,5.246,163.846,990.640,4716.250,-3981.250,-2493.750,23.715,86,2686,16240,539,-455,-285,-329,0,0
8008570379,3.050,163.602,991.982,4786.250,-3990.000,-2476.250,23.715,50,2682,16262,547,-456,-283,-329,0,0
8008579791,2.989,164.029,993.080,4672.500,-3972.500,-2458.750,23.715,49,2689,16280,534,-454,-281,-329,0,0
8008589198,3.843,164.639,991.494,4777.500,-3955.000,-2441.250,23.777,63,2699,16254,546,-452,-279,-313,0,0
8008598605,4.880,166.225,993.751,4821.250,-4033.750,-2441.250,23.777,80,2725,16291,551,-461,-279,-313,0,0
8008608017,4.209,167.079,996.923,4690.000,-3876.250,-2423.750,23.715,69,2739,16343,536,-443,-277,-329,0,0
8008617422,6.344,166.896,992.775,4593.750,-3911.250,-2467.500,23.715,104,2736,16275,525,-447,-282,-329,0,0
8008626833,7.442,166.164,992.104,4698.750,-3972.500,-2467.500,23.742,122,2724,16264,537,-454,-282,-322,0,0
8008636245,6.954,166.164,992.897,4716.250,-3981.250,-2458.750,23.742,114,2724,16277,539,-455,-281,-322,0,0
8008645656,4.392,164.761,992.775,4812.500,-3972.500,-2476.250,23.727,72,2701,16275,550,-454,-283,-326,0,0
8008655060,4.453,163.846,991.555,4733.750,-3990.000,-2476.250,23.727,73,2686,16255,541,-456,-283,-326,0,0
8008664472,4.209,163.602,992.165,4803.750,-3955.000,-2476.250,23.754,69,2682,16265,549,-452,-283,-319,0,0
8008673883,3.904,163.785,993.202,4760.000,-3928.750,-2476.250,23.754,64,2685,16282,544,-449,-283,-319,0,0
8008683294,3.416,164.273,991.860,4760.000,-3955.000,-2467.500,23.699,56,2693,16260,544,-452,-282,-333,0,0
8008692698,4.026,165.615,991.494,4698.750,-3990.000,-2467.500,23.699,66,2715,16254,537,-456,-282,-333,0,0
8008702110,3.538,164.395,988.932,4655.000,-3981.250,-2502.500,23.754,58,2695,16212,532,-455,-286,-319,0,0
8008711515,5.795,165.981,992.897,4663.750,-3928.750,-2423.750,23.754,95,2721,16277,533,-449,-277,-319,0,0
8008720930,4.392,166.164,995.032,4751.250,-3937.500,-2458.750,23.738,72,2724,16312,543,-450,-281,-323,0,0
8008730336,4.880,163.602,989.786,4593.750,-3972.500,-2450.000,23.738,80,2682,16226,525,-454,-280,-323,0,0
8008739748,4.575,165.005,992.531,4777.500,-3972.500,-2441.250,23.734,75,2705,16271,546,-454,-279,-324,0,0
8008749153,5.002,164.883,995.520,4847.500,-3998.750,-2467.500,23.734,82,2703,16320,554,-457,-282,-324,0,0
8008758566,4.209,165.981,993.019,4646.250,-3902.500,-2467.500,23.715,69,2721,16279,531,-446,-282,-329,0,0
8008767973,4.453,164.151,989.481,4567.500,-3955.000,-2467.500,23.715,73,2691,16221,522,-452,-282,-329,0,0
8008777385,3.477,164.639,989.725,4777.500,-3998.750,-2485.000,23.730,57,2699,16225,546,-457,-284,-325,0,0
8008786790,4.087,164.822,993.446,4733.750,-3990.000,-2493.750,23.730,67,2702,16286,541,-456,-285,-325,0,0
8008796201,3.660,165.432,993.385,4777.500,-3946.250,-2458.750,23.738,60,2712,16285,546,-451,-281,-323,0,0
8008805613,4.819,164.700,991.128,4751.250,-3963.750,-2458.750,23.738,79,2700,16248,543,-453,-281,-323,0,0
8008815024,4.819,164.029,989.908,4707.500,-3963.750,-2458.750,23.699,79,2689,16228,538,-453,-281,-333,0,0
8008824429,4.758,165.493,994.239,4795.000,-4025.000,-2458.750,23.699,78,2713,16299,548,-460,-281,-333,0,0
8008833842,5.429,165.066,994.727,4725.000,-4051.250,-2476.250,23.699,89,2706,16307,540,-463,-283,-333,0,0
8008843249,4.758,163.785,991.006,4567.500,-3972.500,-2441.250,23.699,78,2685,16246,522,-454,-279,-333,0,0
8008852655,4.392,164.151,990.640,4690.000,-4033.750,-2458.750,23.672,72,2691,16240,536,-461,-281,-340,0,0
8008862067,4.941,164.700,992.409,4716.250,-4007.500,-2458.750,23.672,81,2700,16269,539,-458,-281,-340,0,0
8008871479,4.758,165.676,992.653,4821.250,-3990.000,-2458.750,23.715,78,2716,16273,551,-456,-281,-329,0,0
8008880883,3.904,164.761,991.372,4777.500,-3998.750,-2458.750,23.715,64,2701,16252,546,-457,-281,-329,0,0
8008890294,3.538,165.066,990.823,4523.750,-4025.000,-2441.250,23.727,58,2706,16243,517,-460,-279,-326,0,0
8008899705,3.233,165.005,993.324,4620.000,-4068.750,-2467.500,23.727,53,2705,16284,528,-465,-282,-326,0,0
8008909116,5.856,165.188,993.690,4768.750,-4025.000,-2485.000,23.730,96,2708,16290,545,-460,-284,-325,0,0
8008918521,5.917,164.517,992.226,4821.250,-4060.000,-2476.250,23.730,97,2697,16266,551,-464,-283,-325,0,0
8008927933,5.307,163.907,992.287,4681.250,-4016.250,-2441.250,23.727,87,2687,16267,535,-459,-279,-326,0,0
8008937343,5.856,164.395,992.897,4716.250,-4007.500,-2476.250,23.727,96,2695,16277,539,-458,-283,-326,0,0
8008946749,4.514,164.944,993.202,4751.250,-3998.750,-2458.750,23.754,74,2704,16282,543,-457,-281,-319,0,0
8008956163,5.185,165.249,991.250,4707.500,-3946.250,-2467.500,23.754,85,2709,16250,538,-451,-282,-319,0,0
8008965570,4.148,164.639,993.080,4611.250,-4007.500,-2441.250,23.695,68,2699,16280,527,-458,-279,-334,0,0
8008974981,4.697,164.212,993.446,4725.000,-4025.000,-2432.500,23.695,77,2692,16286,540,-460,-278,-334,0,0
8008984386,3.721,164.883,990.518,4742.500,-4025.000,-2441.250,23.691,61,2703,16238,542,-460,-279,-335,0,0
8008993797,4.636,164.700,992.531,4847.500,-3990.000,-2450.000,23.691,76,2700,16271,554,-456,-280,-335,0,0
8009003208,5.002,165.127,993.385,4733.750,-3955.000,-2458.750,23.734,82,2707,16285,541,-452,-281,-324,0,0
8009012620,5.490,165.005,994.361,4751.250,-4016.250,-2476.250,23.734,90,2705,16301,543,-459,-283,-324,0,0
8009022024,5.002,163.907,991.616,4733.750,-3998.750,-2467.500,23.719,82,2687,16256,541,-457,-282,-328,0,0
8009031435,5.063,166.164,992.714,4760.000,-3998.750,-2450.000,23.719,83,2724,16274,544,-457,-280,-328,0,0
8009040847,5.124,164.944,993.141,4821.250,-3981.250,-2432.500,23.684,84,2704,16281,551,-455,-278,-337,0,0
8009050251,4.819,164.212,993.995,4768.750,-3998.750,-2450.000,23.684,79,2692,16295,545,-457,-280,-337,0,0
8009059662,4.697,164.944,991.494,4725.000,-4007.500,-2467.500,23.738,77,2704,16254,540,-458,-282,-323,0,0
8009069074,3.477,165.249,991.982,4873.750,-4068.750,-2502.500,23.738,57,2709,16262,557,-465,-286,-323,0,0
8009078485,4.880,164.761,994.910,4716.250,-4042.500,-2485.000,23.781,80,2701,16310,539,-462,-284,-312,0,0
8009087889,5.124,163.968,993.385,4593.750,-4051.250,-2476.250,23.781,84,2688,16285,525,-463,-283,-312,0,0
8009097301,5.124,163.785,989.847,4812.500,-3998.750,-2511.250,23.746,84,2685,16227,550,-457,-287,-321,0,0
8009106712,4.575,164.517,993.446,4865.000,-4060.000,-2476.250,23.746,75,2697,16286,556,-464,-283,-321,0,0
8009116116,4.758,165.676,994.666,4847.500,-4007.500,-2450.000,23.691,78,2716,16306,554,-458,-280,-335,0,0
8009125527,5.368,164.273,993.568,4760.000,-3998.750,-2476.250,23.691,88,2693,16288,544,-457,-283,-335,0,0
8009134939,4.636,165.188,990.091,4733.750,-4016.250,-2450.000,23.758,76,2708,16231,541,-459,-280,-318,0,0
8009144350,3.721,166.713,992.897,4803.750,-3990.000,-2458.750,23.758,61,2733,16277,549,-456,-281,-318,0,0
8009153756,3.538,165.920,996.191,4733.750,-4051.250,-2450.000,23.742,58,2720,16331,541,-463,-280,-322,0,0
8009163163,4.392,165.005,991.677,4558.750,-4016.250,-2450.000,23.742,72,2705,16257,521,-459,-280,-322,0,0
8009172577,4.270,163.602,989.908,4672.500,-4051.250,-2450.000,23.695,70,2682,16228,534,-463,-280,-334,0,0
8009181981,4.148,165.066,993.141,4873.750,-4051.250,-2467.500,23.695,68,2706,16281,557,-463,-282,-334,0,0
8009191394,4.819,164.761,995.398,4856.250,-4068.750,-2476.250,23.691,79,2701,16318,555,-465,-283,-335,0,0
8009200801,3.965,164.639,991.677,4900.000,-4025.000,-2502.500,23.691,65,2699,16257,560,-460,-286,-335,0,0
8009210214,4.514,164.090,991.555,4760.000,-4025.000,-2467.500,23.727,74,2690,16255,544,-460,-282,-326,0,0
8009219619,4.270,164.761,995.337,4821.250,-3998.750,-2450.000,23.727,70,2701,16317,551,-457,-280,-326,0,0
8009229030,5.185,164.944,994.117,4672.500,-3990.000,-2441.250,23.742,85,2704,16297,534,-456,-279,-322,0,0
8009238442,5.368,165.127,992.409,4655.000,-4016.250,-2450.000,23.742,88,2707,16269,532,-459,-280,-322,0,0
8009247847,4.270,164.639,992.165,4707.500,-4007.500,-2467.500,23.742,70,2699,16265,538,-458,-282,-322,0,0
8009257260,5.124,165.859,993.690,4760.000,-4033.750,-2450.000,23.742,84,2719,16290,544,-461,-280,-322,0,0
8009266671,4.270,165.310,992.836,4646.250,-3998.750,-2493.750,23.699,70,2710,16276,531,-457,-285,-333,0,0
8009276078,4.270,164.212,991.128,4646.250,-4042.500,-2476.250,23.699,70,2692,16248,531,-462,-283,-333,0,0
8009285484,5.124,163.724,991.921,4760.000,-4016.250,-2493.750,23.707,84,2684,16261,544,-459,-285,-331,0,0
8009294896,5.124,165.005,992.226,4760.000,-4025.000,-2467.500,23.707,84,2705,16266,544,-460,-282,-331,0,0
8009304307,4.331,164.212,991.494,4847.500,-4042.500,-2467.500,23.680,71,2692,16254,554,-462,-282,-338,0,0
8009313712,4.087,164.883,991.799,4742.500,-4016.250,-2467.500,23.680,67,2703,16259,542,-459,-282,-338,0,0
8009323123,3.965,164.822,993.751,4698.750,-3998.750,-2485.000,23.730,65,2702,16291,537,-457,-284,-325,0,0
8009332534,5.307,165.310,992.470,4707.500,-4033.750,-2450.000,23.730,87,2710,16270,538,-461,-280,-325,0,0
8009341946,4.697,165.493,992.531,4760.000,-4033.750,-2432.500,23.711,77,2713,16271,544,-461,-278,-330,0,0
8009351350,4.758,165.798,992.287,4830.000,-3998.750,-2458.750,23.711,78,2718,16267,552,-457,-281,-330,0,0
8009360763,3.294,164.151,992.287,4786.250,-3990.000,-2476.250,23.684,54,2691,16267,547,-456,-283,-337,0,0
8009370170,4.270,164.334,992.897,4716.250,-4051.250,-2502.500,23.684,70,2694,16277,539,-463,-286,-337,0,0
8009379577,4.026,164.395,991.372,4593.750,-3963.750,-2476.250,23.684,66,2695,16252,525,-453,-283,-337,0,0
8009388988,4.758,164.029,992.348,4602.500,-4025.000,-2450.000,23.684,78,2689,16268,526,-460,-280,-337,0,0
8009398400,5.551,163.358,990.701,4795.000,-3990.000,-2458.750,23.730,91,2678,16241,548,-456,-281,-325,0,0
8009407811,4.209,164.395,992.226,4830.000,-4025.000,-2476.250,23.730,69,2695,16266,552,-460,-283,-325,0,0
8009417215,4.697,164.639,992.226,4681.250,-4060.000,-2458.750,23.742,77,2699,16266,535,-464,-281,-322,0,0
8009426627,4.636,166.042,992.409,4795.000,-4025.000,-2458.750,23.742,76,2722,16269,548,-460,-281,-322,0,0
8009436033,4.270,165.310,992.653,4646.250,-4033.750,-2458.750,23.734,70,2710,16273,531,-461,-281,-324,0,0
8009445444,4.270,165.554,991.982,4646.250,-3990.000,-2458.750,23.734,70,2714,16262,531,-456,-281,-324,0,0
8009454856,4.331,164.273,991.555,4681.250,-4016.250,-2485.000,23.707,71,2693,16255,535,-459,-284,-331,0,0
8009464263,4.331,164.334,992.226,4690.000,-4033.750,-2467.500,23.707,71,2694,16266,536,-461,-282,-331,0,0
8009473676,4.514,163.907,992.409,4681.250,-4068.750,-2476.250,23.750,74,2687,16269,535,-465,-283,-320,0,0
8009483080,4.148,163.846,992.775,4821.250,-4007.500,-2476.250,23.750,68,2686,16275,551,-458,-283,-320,0,0
8009492492,3.294,163.663,992.104,4803.750,-4033.750,-2476.250,23.707,54,2683,16264,549,-461,-283,-331,0,0
8009501897,5.002,165.493,992.287,4768.750,-4007.500,-2485.000,23.707,82,2713,16267,545,-458,-284,-331,0,0
8009511309,5.124,164.639,991.555,4742.500,-4016.250,-2476.250,23.715,84,2699,16255,542,-459,-283,-329,0,0
8009520716,4.758,165.798,991.677,4663.750,-4025.000,-2450.000,23.715,78,2718,16257,533,-460,-280,-329,0,0
8009530130,3.843,161.467,991.311,4786.250,-4042.500,-2493.750,23.703,63,2647,16251,547,-462,-285,-332,0,0
8009539534,5.368,144.997,994.788,6081.250,-4086.250,-2441.250,23.703,88,2377,16308,695,-467,-279,-332,0,0
8009548946,7.320,164.578,992.287,8750.000,-3885.000,-2476.250,23.699,120,2698,16267,1000,-444,-283,-333,0,0
8009558357,2.013,209.840,990.945,7542.500,-3963.750,-2563.750,23.699,33,3440,16245,862,-453,-293,-333,0,0
8009567764,3.904,201.178,990.152,568.750,-4060.000,-2537.500,23.723,64,3298,16232,65,-464,-290,-327,0,0
8009577178,-8.235,144.997,978.928,-1925.000,-4707.500,-6107.500,23.723,-135,2377,16048,-220,-538,-698,-327,0,0
8009586584,-2.928,282.735,976.854,11217.500,-8505.000,-28953.750,23.707,-48,4635,16014,1282,-972,-3309,-331,0,0
8009595995,-3.172,277.550,981.551,1295.000,-11541.250,-43505.000,23.707,-52,4550,16091,148,-1319,-4972,-331,0,0
8009605399,10.370,143.167,989.298,-8592.500,-13125.000,-48930.000,23.711,170,2347,16218,-982,-1500,-5592,-330,0,0
8009614811,10.675,122.671,991.799,-385.000,-11725.000,-43111.250,23.711,175,2011,16259,-44,-1340,-4927,-330,0,0
8009624223,30.927,142.313,1008.330,3237.500,-6956.250,-17692.500,23.703,507,2333,16530,370,-795,-2022,-332,0,0
8009633628,22.326,-56.913,1031.388,-3185.000,148.750,21358.750,23.703,366,-933,16908,-364,17,2441,-332,0,0
8009643043,17.690,24.583,1012.234,3823.750,1872.500,24955.000,23.750,290,403,16594,437,214,2852,-320,0,0
8009652449,-6.222,179.645,993.385,14586.250,4795.000,27492.500,23.750,-102,2945,16285,1667,548,3142,-320,0,0
8009661860,-29.036,263.276,987.468,11200.000,4611.250,21096.250,23.668,-476,4316,16188,1280,527,2411,-341,0,0
8009671266,-40.565,189.222,981.856,-866.250,3438.750,16283.750,23.668,-665,3102,16096,-99,393,1861,-341,0,0
8009680674,-5.978,128.954,999.729,-1907.500,2336.250,14796.250,23.707,-98,2114,16389,-218,267,1691,-331,0,0
8009690087,-26.901,174.216,1000.644,2660.000,3867.500,14175.000,23.707,-441,2856,16404,304,442,1620,-331,0,0
8009699493,-11.651,201.849,998.448,-1636.250,6868.750,14945.000,23.738,-191,3309,16368,-187,785,1708,-323,0,0
8009708907,4.636,180.804,996.008,-9012.500,8557.500,16318.750,23.738,76,2964,16328,-1030,978,1865,-323,0,0
8009718313,-3.782,172.569,988.383,-12250.000,9152.500,17018.750,23.758,-62,2829,16203,-1400,1046,1945,-318,0,0
8009727725,-9.821,195.017,992.104,-16257.500,8968.750,17596.250,23.758,-161,3197,16264,-1858,1025,2011,-318,0,0
8009737130,-6.832,214.964,959.652,-23458.750,7673.750,19328.750,23.711,-112,3524,15732,-2681,877,2209,-330,0,0
8009746542,-51.118,119.499,1024.861,-18786.250,9870.000,26442.500,23.711,-838,1959,16801,-2147,1128,3022,-330,0,0
8009755950,-12.261,145.058,992.226,-20676.250,7997.500,26923.750,23.699,-201,2378,16266,-2363,914,3077,-333,0,0
8009765363,39.345,142.252,996.496,-24605.000,6623.750,23152.500,23.699,645,2332,16336,-2812,757,2646,-333,0,0
8009774770,47.824,148.962,1009.245,-22058.750,6011.250,19276.250,23.680,784,2442,16545,-2521,687,2203,-338,0,0
8009784178,122.549,71.431,1006.744,-17552.500,7192.500,14542.500,23.680,2009,1171,16504,-2006,822,1662,-338,0,0
8009793591,261.202,96.380,1042.551,-18558.750,10981.250,6536.250,23.750,4282,1580,17091,-2121,1255,747,-320,0,0
8009802996,339.892,123.281,1111.908,-14157.500,18226.250,-1207.500,23.750,5572,2021,18228,-1618,2083,-138,-320,0,0
8009812411,229.665,138.104,1048.468,-9625.000,34877.500,-8312.500,23.723,3765,2264,17188,-1100,3986,-950,-327,0,0
8009821817,-31.903,179.401,1053.897,-21490.000,50793.750,-11856.250,23.723,-523,2941,17277,-2456,5805,-1355,-327,0,0
8009831223,-62.769,201.544,1023.702,-35726.250,59001.250,-10963.750,23.734,-1029,3304,16782,-4083,6743,-1253,-324,0,0
8009840634,10.492,164.822,921.893,-42997.500,61985.000,-11103.750,23.734,172,2702,15113,-4914,7084,-1269,-324,0,0
8009850048,-172.142,233.142,995.581,-42612.500,48588.750,-26101.250,23.723,-2822,3822,16321,-4870,5553,-2983,-327,0,0
8009859454,-106.689,293.715,823.256,-33075.000,36898.750,-27317.500,23.723,-1749,4815,13496,-3780,4217,-3122,-327,0,0
8009868860,-104.554,284.138,947.574,-22767.500,27081.250,-24255.000,23.711,-1714,4658,15534,-2602,3095,-2772,-330,0,0
8009878273,-99.552,266.692,1018.944,-7638.750,24193.750,-14078.750,23.711,-1632,4372,16704,-873,2765,-1609,-330,0,0
8009887679,-116.022,270.291,955.199,4313.750,25690.000,-542.500,23.734,-1902,4431,15659,493,2936,-62,-324,0,0
8009897093,-43.615,233.203,1032.974,12005.000,29802.500,9695.000,23.734,-715,3823,16934,1372,3406,1108,-324,0,0
8009906500,-13.725,273.829,1007.171,21822.500,35910.000,15697.500,23.746,-225,4489,16511,2494,4104,1794,-321,0,0
8009915912,-193.431,290.055,1021.994,24316.250,49035.000,21953.750,23.746,-3171,4755,16754,2779,5604,2509,-321,0,0
8009925319,-269.681,265.960,1076.101,15006.250,71513.750,34833.750,23.684,-4421,4360,17641,1715,8173,3981,-337,0,0
8009934725,-304.146,201.666,1000.766,-3097.500,94027.500,52876.250,23.684,-4986,3306,16406,-354,10746,6043,-337,0,0
8009944137,-296.094,60.451,1014.613,-24123.750,111291.250,66333.750,23.719,-4854,991,16633,-2757,12719,7581,-328,0,0
8009953550,-288.591,-85.888,1024.251,-39856.250,107441.250,63437.500,23.719,-4731,-1408,16791,-4555,12279,7250,-328,0,0
8009962954,-295.484,-203.008,1115.751,-42656.250,89468.750,49962.500,23.695,-4844,-3328,18291,-4875,10225,5710,-334,0,0
8009972368,-275.781,-259.677,1179.801,-31605.000,64277.500,33337.500,23.695,-4521,-4257,19341,-3612,7346,3810,-334,0,0
8009981775,-307.440,-261.385,1185.169,-11646.250,38850.000,19687.500,23.707,-5040,-4285,19429,-1331,4440,2250,-331,0,0
8009991186,-297.009,-262.605,1170.712,9126.250,21735.000,12031.250,23.707,-4869,-4305,19192,1043,2484,1375,-331,0,0
8010000591,-271.816,-294.020,1182.058,27956.250,15653.750,8163.750,23.707,-4456,-4820,19378,3195,1789,933,-331,0,0
8010010006,-342.637,-287.920,1223.294,46033.750,15268.750,2371.250,23.707,-5617,-4720,20054,5261,1745,271,-331,0,0
8010019413,-398.208,-197.213,1226.954,59876.250,7927.500,-6247.500,23.746,-6528,-3233,20114,6843,906,-714,-321,0,0
8010028818,-366.915,-46.970,1157.109,61530.000,-4725.000,-13527.500,23.746,-6015,-770,18969,7032,-540,-1546,-321,0,0
8010038230,-284.687,-5.673,1073.539,48632.500,-14857.500,-18681.250,23.750,-4667,-93,17599,5558,-1698,-2135,-320,0,0
8010047638,-199.958,-3.599,1028.094,32383.750,-18375.000,-26048.750,23.750,-3278,-59,16854,3701,-2100,-2977,-320,0,0
8010057052,-180.682,75.701,1064.816,18935.000,-17622.500,-36986.250,23.668,-2962,1241,17456,2164,-2014,-4227,-341,0,0
8010066457,-191.845,208.071,1129.964,14446.250,-22128.750,-42883.750,23.668,-3145,3411,18524,1651,-2529,-4901,-341,0,0
8010075868,-231.068,317.932,1174.860,20422.500,-33582.500,-39051.250,23.730,-3788,5212,19260,2334,-3838,-4463,-325,0,0
8010085280,-291.885,407.724,1143.262,31018.750,-49210.000,-26503.750,23.730,-4785,6684,18742,3545,-5624,-3029,-325,0,0
8010094685,-302.804,421.449,1079.029,42393.750,-61425.000,-5608.750,23.715,-4964,6909,17689,4845,-7020,-641,-329,0,0
8010104093,-255.712,395.646,991.189,48623.750,-67348.750,18366.250,23.715,-4192,6486,16249,5557,-7697,2099,-329,0,0
8010113507,-226.493,215.635,943.243,25156.250,-66482.500,31692.500,23.754,-3713,3535,15463,2875,-7598,3622,-319,0,0
8010122911,-218.502,59.902,949.526,-3893.750,-61276.250,33250.000,23.754,-3582,982,15566,-445,-7003,3800,-319,0,0
8010132323,-175.131,-9.699,999.424,-25086.250,-63595.000,23878.750,23.699,-2871,-159,16384,-2867,-7268,2729,-333,0,0
8010141735,219.783,298.290,784.033,-22785.000,-84350.000,682.500,23.699,3603,4890,12853,-2604,-9640,78,-333,0,0
8010151143,24.644,598.105,589.199,-13798.750,-76116.250,-5512.500,23.695,404,9805,9659,-1577,-8699,-630,-334,0,0
8010160549,-108.580,566.690,635.132,-20457.500,-53873.750,9992.500,23.695,-1780,9290,10412,-2338,-6157,1142,-334,0,0
8010169962,-86.132,318.603,811.727,-37073.750,-34553.750,29916.250,23.715,-1412,5223,13307,-4237,-3949,3419,-329,0,0
8010179368,-149.328,35.136,1007.415,-66001.250,-25418.750,34422.500,23.715,-2448,576,16515,-7543,-2905,3934,-329,0,0
8010188782,-207.827,-192.516,1146.556,-92242.500,-28603.750,26460.000,23.742,-3407,-3156,18796,-10542,-3269,3024,-322,0,0
8010198187,-169.031,-311.893,1229.028,-109392.500,-41457.500,9432.500,23.742,-2771,-5113,20148,-12502,-4738,1078,-322,0,0
8010207600,-12.566,-334.463,1218.719,-112105.000,-57041.250,-12031.250,23.711,-206,-5483,19979,-12812,-6519,-1375,-330,0,0
8010217008,-55.815,-336.354,1168.394,-101526.250,-65047.500,-31710.000,23.711,-915,-5514,19154,-11603,-7434,-3624,-330,0,0
8010226414,-292.312,-325.252,1093.364,-83606.250,-65677.500,-47075.000,23.684,-4792,-5332,17924,-9555,-7506,-5380,-337,0,0
8010235826,-612.257,-190.503,1051.274,-62956.250,-63140.000,-60786.250,23.684,-10037,-3123,17234,-7195,-7216,-6947,-337,0,0
8010245234,-420.412,-80.154,1013.271,-50015.000,-68897.500,-59710.000,23.727,-6892,-1314,16611,-5716,-7874,-6824,-326,0,0
8010254648,-159.332,-142.740,913.902,-48037.500,-74427.500,-46882.500,23.727,-2612,-2340,14982,-5490,-8506,-5358,-326,0,0
8010264054,-31.415,-250.527,839.299,-56140.000,-73053.750,-45316.250,23.734,-515,-4107,13759,-6416,-8349,-5179,-324,0,0
8010273462,75.823,-291.275,817.827,-64583.750,-69457.500,-56883.750,23.734,1243,-4775,13407,-7381,-7938,-6501,-324,0,0
8010282875,104.859,-248.331,861.442,-66010.000,-67410.000,-74121.250,23.715,1719,-4071,14122,-7544,-7704,-8471,-329,0,0
8010292283,90.524,-165.188,900.238,-56201.250,-73841.250,-88436.250,23.715,1484,-2708,14758,-6423,-8439,-10107,-329,0,0
8010301689,82.411,-87.657,858.758,-36146.250,-87920.000,-93913.750,23.723,1351,-1437,14078,-4131,-10048,-10733,-327,0,0
8010311103,120.841,-35.197,727.669,-15758.750,-99058.750,-92435.000,23.723,1981,-577,11929,-1801,-11321,-10564,-327,0,0
8010320511,179.462,57.828,613.660,-7078.750,-96880.000,-89985.000,23.723,2942,948,10060,-809,-11072,-10284,-327,0,0
8010329917,288.774,-156.770,675.941,-23196.250,-81987.500,-92732.500,23.723,4734,-2570,11081,-2651,-9370,-10598,-327,0,0
8010339331,194.773,-172.752,730.597,19783.750,-63000.000,-86677.500,23.684,3193,-2832,11977,2261,-7200,-9906,-337,0,0
8010348739,127.490,-156.343,717.726,55431.250,-57085.000,-81147.500,23.684,2090,-2563,11766,6335,-6524,-9274,-337,0,0
8010358144,385.337,-130.296,786.351,73237.500,-51668.750,-91201.250,23.723,6317,-2136,12891,8370,-5905,-10423,-327,0,0
8010367557,126.880,-18.056,884.134,111755.000,-44178.750,-91971.250,23.723,2080,-296,14494,12772,-5049,-10511,-327,0,0
8010376965,-39.650,137.494,1243.302,167203.750,-45797.500,-87281.250,23.707,-650,2254,20382,19109,-5234,-9975,-331,0,0
8010386372,6.283,244.854,1435.513,234972.500,-64855.000,-70805.000,23.707,103,4014,23533,26854,-7412,-8092,-331,0,0
8010395787,53.863,203.679,1309.182,281968.750,-97685.000,-52106.250,23.758,883,3339,21462,32225,-11164,-5955,-318,0,0
8010405193,63.501,506.300,1163.941,284033.750,-131302.500,-42131.250,23.758,1041,8300,19081,32461,-15006,-4815,-318,0,0
8010414606,-10.675,776.408,1129.842,208223.750,-160291.250,-45438.750,23.762,-175,12728,18522,23797,-18319,-5193,-317,0,0
8010424011,-14.945,452.254,1006.256,74882.500,-188168.750,-50347.500,23.762,-245,7414,16496,8558,-21505,-5754,-317,0,0
8010433419,547.353,356.545,1137.101,25462.500,-203708.750,-37406.250,23.777,8973,5845,18641,2910,-23281,-4275,-313,0,0
8010442832,556.442,357.582,922.747,29006.250,-219957.500,-10753.750,23.777,9122,5862,15127,3315,-25138,-1229,-313,0,0
8010452239,354.654,76.921,609.878,30406.250,-197356.250,-17981.250,23.719,5814,1261,9998,3475,-22555,-2055,-328,0,0
8010461647,305.000,-120.109,546.682,11488.750,-168166.250,-42157.500,23.719,5000,-1969,8962,1313,-19219,-4818,-328,0,0
8010471061,384.422,-84.546,635.376,14341.250,-140061.250,-60322.500,23.738,6302,-1386,10416,1639,-16007,-6894,-323,0,0
8010480469,366.000,220.820,810.690,37345.000,-119717.500,-68906.250,23.738,6000,3620,13290,4268,-13682,-7875,-323,0,0
8010489875,238.266,255.773,857.172,20256.250,-122482.500,-80045.000,23.723,3906,4193,14052,2315,-13998,-9148,-327,0,0
8010499290,232.227,208.742,742.187,9843.750,-126463.750,-81628.750,23.723,3807,3422,12167,1125,-14453,-9329,-327,0,0
8010508696,396.439,167.933,560.895,12460.000,-117827.500,-80193.750,23.723,6499,2753,9195,1424,-13466,-9165,-327,0,0
8010518103,623.847,161.589,488.122,17867.500,-93371.250,-78688.750,23.723,10227,2649,8002,2042,-10671,-8993,-327,0,0
8010527511,684.847,212.646,584.197,17482.500,-64242.500,-82188.750,23.742,11227,3486,9577,1998,-7342,-9393,-322,0,0
8010536925,612.257,310.795,730.414,2108.750,-46637.500,-91621.250,23.742,10037,5095,11974,241,-5330,-10471,-322,0,0
8010546333,329.583,357.704,938.607,-22050.000,-42271.250,-102200.000,23.727,5403,5864,15387,-2520,-4831,-11680,-326,0,0
8010555739,30.378,302.316,1141.127,-36233.750,-51047.500,-102278.750,23.727,498,4956,18707,-4141,-5834,-11689,-326,0,0
8010565153,-134.810,194.956,1300.581,-26976.250,-69413.750,-93012.500,23.734,-2210,3196,21321,-3083,-7933,-10630,-324,0,0
8010574561,-109.861,94.794,1324.066,1522.500,-99846.250,-84700.000,23.734,-1801,1554,21706,174,-11411,-9680,-324,0,0
8010583968,61.366,5.368,1187.121,36758.750,-133936.250,-86161.250,23.719,1006,88,19461,4201,-15307,-9847,-328,0,0
8010593382,200.507,33.611,976.671,67987.500,-160273.750,-96967.500,23.719,3287,551,16011,7770,-18317,-11082,-328,0,0
8010602789,214.720,182.146,784.338,87255.000,-175805.000,-109410.000,23.707,3520,2986,12858,9972,-20092,-12504,-331,0,0
8010612196,300.486,390.583,617.442,92863.750,-183391.250,-111615.000,23.707,4926,6403,10122,10613,-20959,-12756,-331,0,0
8010621611,552.782,917.501,489.037,87850.000,-183303.750,-94158.750,23.715,9062,15041,8017,10040,-20949,-10761,-329,0,0
8010631017,757.315,1354.200,301.157,65493.750,-164202.500,-25322.500,23.715,12415,22200,4937,7485,-18766,-2894,-329,0,0
8010640426,716.262,497.882,308.599,19206.250,-125020.000,26652.500,23.719,11742,8162,5059,2195,-14288,3046,-328,0,0
8010649832,737.734,-8.357,662.765,-11926.250,-88803.750,21822.500,23.719,12094,-137,10865,-1363,-10149,2494,-328,0,0
8010659247,719.190,91.134,956.663,-15190.000,-77175.000,2318.750,23.727,11790,1494,15683,-1736,-8820,265,-326,0,0
8010668655,643.184,249.490,953.247,5976.250,-78671.250,-5398.750,23.727,10544,4090,15627,683,-8991,-617,-326,0,0
8010678062,577.914,359.839,779.885,27580.000,-79581.250,-4427.500,23.762,9474,5899,12785,3152,-9095,-506,-317,0,0
8010687469,560.956,458.171,657.031,31911.250,-74838.750,-1312.500,23.762,9196,7511,10771,3647,-8553,-150,-317,0,0
8010696882,584.624,463.112,622.566,24701.250,-69011.250,4296.250,23.730,9584,7592,10206,2823,-7887,491,-325,0,0
8010706289,628.239,416.874,609.329,16563.750,-64846.250,9056.250,23.730,10299,6834,9989,1893,-7411,1035,-325,0,0
8010715697,674.416,380.701,615.978,7315.000,-61713.750,8968.750,23.715,11056,6241,10098,836,-7053,1025,-329,0,0
8010725111,661.911,366.915,655.689,-1426.250,-58100.000,6195.000,23.715,10851,6015,10749,-163,-6640,708,-329,0,0
8010734519,670.878,338.794,698.633,-6230.000,-55177.500,4033.750,23.750,10998,5554,11453,-712,-6306,461,-320,0,0
8010743931,686.067,329.461,702.415,-4882.500,-52036.250,1785.000,23.750,11247,5401,11515,-558,-5947,204,-320,0,0
8010753339,717.482,334.707,666.303,726.250,-47468.750,8.750,23.750,11762,5487,10923,83,-5425,1,-320,0,0
8010762747,751.459,325.069,619.028,6072.500,-39926.250,-1015.000,23.750,12319,5329,10148,694,-4563,-116,-320,0,0
8010772155,769.027,317.017,599.264,9686.250,-29023.750,-2301.250,23.719,12607,5197,9824,1107,-3317,-263,-328,0,0
8010781562,756.705,351.604,598.288,11007.500,-18550.000,-3841.250,23.719,12405,5764,9808,1258,-2120,-439,-328,0,0
8010790975,745.542,354.349,590.968,8382.500,-12101.250,-4112.500,23.695,12222,5809,9688,958,-1383,-470,-334,0,0
8010800382,719.007,321.470,602.375,2205.000,-5547.500,-3998.750,23.695,11787,5270,9875,252,-634,-457,-334,0,0
8010809796,734.684,298.168,661.789,-5530.000,-2905.000,-2222.500,23.711,12044,4888,10849,-632,-332,-254,-330,0,0
8010819205,770.308,296.338,725.107,-10692.500,-4681.250,-1478.750,23.711,12628,4858,11887,-1222,-535,-169,-330,0,0
8010828612,754.570,279.685,771.162,-11593.750,-9292.500,-3657.500,23.723,12370,4585,12642,-1325,-1062,-418,-327,0,0
8010838025,719.495,267.729,779.580,-9231.250,-15653.750,-5713.750,23.723,11795,4389,12780,-1055,-1789,-653,-327,0,0
8010847433,700.646,267.912,789.828,-4340.000,-20588.750,-5486.250,23.730,11486,4392,12948,-496,-2353,-627,-325,0,0
8010856839,686.372,275.537,802.394,1627.500,-25051.250,-5390.000,23.730,11252,4517,13154,186,-2863,-616,-325,0,0
8010866247,646.600,298.961,805.200,8977.500,-29793.750,-5617.500,23.734,10600,4901,13200,1026,-3405,-642,-324,0,0
8010875662,594.750,333.853,772.504,16415.000,-35052.500,-1662.500,23.734,9750,5473,12664,1876,-4006,-190,-324,0,0
8010885068,592.493,339.587,747.250,22496.250,-39847.500,6492.500,23.703,9713,5567,12250,2571,-4554,742,-332,0,0
8010894475,615.124,342.576,736.392,27133.750,-45657.500,13571.250,23.703,10084,5616,12072,3101,-5218,1551,-332,0,0
8010903889,656.726,335.012,730.048,30056.250,-54740.000,17605.000,23.730,10766,5492,11968,3435,-6256,2012,-325,0,0
8010913296,727.242,316.712,714.188,32103.750,-65012.500,18707.500,23.730,11922,5192,11708,3669,-7430,2138,-325,0,0
8010922704,791.048,288.164,678.503,35323.750,-72581.250,17920.000,23.738,12968,4724,11123,4037,-8295,2048,-323,0,0
8010932112,811.849,270.535,625.189,38272.500,-77105.000,14061.250,23.738,13309,4435,10249,4374,-8812,1607,-323,0,0
8010941526,795.440,282.491,575.718,40582.500,-80027.500,8583.750,23.746,13040,4631,9438,4638,-9146,981,-321,0,0
8010950931,761.524,321.104,541.741,43076.250,-82250.000,3885.000,23.746,12484,5264,8881,4923,-9400,444,-321,0,0
8010960339,719.983,359.351,496.601,44310.000,-83798.750,1837.500,23.754,11803,5891,8141,5064,-9577,210,-319,0,0
8010969753,686.494,393.267,457.134,44572.500,-84560.000,3080.000,23.754,11254,6447,7494,5094,-9664,352,-319,0,0
8010979161,708.271,409.981,419.619,43347.500,-84227.500,7070.000,23.711,11611,6721,6879,4954,-9626,808,-330,0,0
8010988569,796.904,399.611,380.823,42078.750,-78898.750,9423.750,23.711,13064,6551,6243,4809,-9017,1077,-330,0,0
8010997981,838.323,390.827,343.064,42227.500,-64758.750,7595.000,23.734,13743,6407,5624,4826,-7401,868,-324,0,0
8011007389,828.502,501.481,329.400,41685.000,-49192.500,-1627.500,23.734,13582,8221,5400,4764,-5622,-186,-324,0,0
8011016796,877.241,499.529,304.695,33923.750,-38298.750,-323.750,23.711,14381,8189,4995,3877,-4377,-37,-330,0,0
8011026211,883.646,374.479,313.235,19915.000,-24928.750,7332.500,23.711,14486,6139,5135,2276,-2849,838,-330,0,0
8011035619,1012.844,329.156,376.614,5302.500,-13300.000,6448.750,23.719,16604,5396,6174,606,-1520,737,-328,0,0
8011045024,1032.364,304.512,442.555,-6177.500,-962.500,-892.500,23.719,16924,4992,7255,-706,-110,-102,-328,0,0
8011054432,899.506,305.488,502.396,-12337.500,9870.000,-8365.000,23.734,14746,5008,8236,-1410,1128,-956,-324,0,0
8011063846,742.736,331.779,516.121,-15793.750,17876.250,-4698.750,23.734,12176,5439,8461,-1805,2043,-537,-324,0,0
8011073252,641.476,362.645,502.152,-18445.000,27903.750,13492.500,23.691,10516,5945,8232,-2108,3189,1542,-335,0,0
8011082667,604.876,462.807,517.951,-19503.750,34737.500,33153.750,23.691,9916,7587,8491,-2229,3970,3789,-335,0,0
8011092074,625.006,565.592,547.902,-26932.500,25952.500,37493.750,23.707,10246,9272,8982,-3078,2966,4285,-331,0,0
8011101481,792.268,532.957,554.002,-47591.250,10771.250,28192.500,23.707,12988,8737,9082,-5439,1231,3222,-331,0,0
8011110889,861.076,387.594,550.708,-67803.750,5582.500,22723.750,23.691,14116,6354,9028,-7749,638,2597,-335,0,0
8011120303,854.000,263.276,554.307,-83921.250,4462.500,16555.000,23.691,14000,4316,9087,-9591,510,1892,-335,0,0
8011129710,854.183,197.274,585.234,-95655.000,4077.500,7157.500,23.703,14003,3234,9594,-10932,466,818,-332,0,0
8011139117,780.861,211.487,659.654,-89311.250,6317.500,-612.500,23.703,12801,3467,10814,-10207,722,-70,-332,0,0
8011148532,704.062,236.802,710.833,-71356.250,3307.500,-4803.750,23.719,11542,3882,11653,-8155,378,-549,-328,0,0
8011157938,700.951,242.719,693.143,-52456.250,-5232.500,-5757.500,23.719,11491,3979,11363,-5995,-598,-658,-328,0,0
8011167346,759.389,233.630,644.465,-37537.500,-13335.000,-6746.250,23.723,12449,3830,10565,-4290,-1524,-771,-327,0,0
8011176753,835.151,202.581,619.760,-27781.250,-16100.000,-10106.250,23.723,13691,3321,10160,-3175,-1840,-1155,-327,0,0
8011186168,833.748,196.603,613.782,-20912.500,-14253.750,-12958.750,23.711,13668,3223,10062,-2390,-1629,-1481,-330,0,0
8011195575,822.951,204.350,632.692,-12582.500,-11611.250,-13440.000,23.711,13491,3350,10372,-1438,-1327,-1536,-330,0,0
8011204981,825.391,201.605,661.423,-3622.500,-12285.000,-14332.500,23.719,13531,3305,10843,-414,-1404,-1638,-328,0,0
8011214395,827.526,188.429,665.449,4943.750,-17920.000,-16441.250,23.719,13566,3089,10909,565,-2048,-1879,-328,0,0
8011223803,812.825,203.557,630.252,11725.000,-26250.000,-19188.750,23.730,13325,3337,10332,1340,-3000,-2193,-325,0,0
8011233215,796.172,254.126,574.437,15032.500,-34046.250,-19757.500,23.730,13052,4166,9417,1718,-3891,-2258,-325,0,0
8011242622,763.354,334.036,527.406,14726.250,-38010.000,-15382.500,23.758,12514,5476,8646,1683,-4344,-1758,-318,0,0
8011252029,778.299,395.036,505.995,11628.750,-35638.750,-6370.000,23.758,12759,6476,8295,1329,-4073,-728,-318,0,0
8011261442,781.471,404.613,493.978,7927.500,-28577.500,4768.750,23.746,12811,6633,8098,906,-3266,545,-321,0,0
8011270849,745.237,376.980,534.055,3062.500,-19521.250,13405.000,23.746,12217,6180,8755,350,-2231,1532,-321,0,0
8011280257,735.660,314.760,604.144,393.750,-16870.000,16380.000,23.723,12060,5160,9904,45,-1928,1872,-327,0,0
8011289670,739.076,240.584,622.261,2913.750,-22443.750,16240.000,23.723,12116,3944,10201,333,-2565,1856,-327,0,0
8011299077,816.607,205.509,578.280,9581.250,-29137.500,15190.000,23.699,13387,3369,9480,1095,-3330,1736,-333,0,0
8011308484,873.154,221.674,510.997,13588.750,-31272.500,12993.750,23.699,14314,3634,8377,1553,-3574,1485,-333,0,0
8011317899,884.500,271.206,471.652,11628.750,-28805.000,11480.000,23.723,14500,4446,7732,1329,-3292,1312,-327,0,0
8011327306,865.651,314.882,475.068,6571.250,-23423.750,13711.250,23.723,14191,5162,7788,751,-2677,1567,-327,0,0
8011336714,841.251,358.924,469.944,5486.250,-17412.500,19827.500,23.770,13791,5884,7704,627,-1990,2266,-315,0,0
8011346121,823.744,361.242,474.214,5573.750,-12967.500,27947.500,23.770,13504,5922,7774,637,-1482,3194,-315,0,0
8011355534,851.377,312.564,477.325,4025.000,-11130.000,33871.250,23.723,13957,5124,7825,460,-1272,3871,-327,0,0
8011364941,899.018,259.006,502.762,1575.000,-12171.250,34702.500,23.723,14738,4246,8242,180,-1391,3966,-327,0,0
8011374349,936.045,206.607,516.670,-2380.000,-15032.500,28743.750,23.672,15345,3387,8470,-272,-1718,3285,-340,0,0
8011383763,870.592,194.529,508.740,-3972.500,-16625.000,20816.250,23.672,14272,3189,8340,-454,-1900,2379,-340,0,0
8011393171,776.835,228.384,518.256,-4935.000,-16555.000,16633.750,23.688,12735,3744,8496,-564,-1892,1901,-336,0,0
8011402577,714.249,287.981,545.828,-4243.750,-16038.750,17972.500,23.688,11709,4721,8948,-485,-1833,2054,-336,0,0
8011411991,711.077,352.153,567.971,-2310.000,-17465.000,24981.250,23.699,11657,5773,9311,-264,-1996,2855,-333,0,0
8011421400,762.622,370.392,590.419,-43.750,-18751.250,37275.000,23.699,12502,6072,9679,-5,-2143,4260,-333,0,0
8011430806,830.393,319.518,586.027,3167.500,-20300.000,47661.250,23.684,13613,5238,9607,362,-2320,5447,-337,0,0
8011440214,870.775,231.800,537.593,7656.250,-21035.000,52850.000,23.684,14275,3800,8813,875,-2404,6040,-337,0,0
8011449627,881.572,142.130,480.070,9843.750,-20912.500,50111.250,23.750,14452,2330,7870,1125,-2390,5727,-320,0,0
8011459033,882.731,96.075,449.265,7743.750,-21078.750,40363.750,23.750,14471,1575,7365,885,-2409,4613,-320,0,0
8011468442,898.042,85.949,453.718,6457.500,-21910.000,28411.250,23.734,14722,1409,7438,738,-2504,3247,-324,0,0
8011477855,947.452,91.622,457.683,7735.000,-22601.250,16747.500,23.734,15532,1502,7503,884,-2583,1914,-324,0,0
8011487260,978.074,118.157,440.908,10412.500,-21708.750,5617.500,23.754,16034,1937,7228,1190,-2481,642,-319,0,0
8011496675,949.953,176.717,416.996,11261.250,-18663.750,-3255.000,23.754,15573,2897,6836,1287,-2133,-372,-319,0,0
8011506081,886.635,238.998,414.373,10150.000,-14752.500,-8172.500,23.719,14535,3918,6793,1160,-1686,-934,-328,0,0
8011515488,822.524,266.631,435.723,7280.000,-12512.500,-9327.500,23.719,13484,4371,7143,832,-1430,-1066,-328,0,0
8011524903,786.046,254.431,486.048,3263.750,-12346.250,-7988.750,23.711,12886,4171,7968,373,-1411,-913,-330,0,0
8011534310,784.704,214.781,555.893,2056.250,-13755.000,-6632.500,23.711,12864,3521,9113,235,-1572,-758,-330,0,0
8011543717,802.516,182.207,582.733,4996.250,-16703.750,-5932.500,23.723,13156,2987,9553,571,-1909,-678,-327,0,0
8011553132,811.056,199.836,583.160,9318.750,-19442.500,-5407.500,23.723,13296,3276,9560,1065,-2222,-618,-327,0,0
8011562538,787.022,201.971,608.841,10570.000,-22767.500,-4760.000,23.723,12902,3311,9981,1208,-2602,-544,-327,0,0
8011571945,879.620,215.635,579.927,11410.000,-28306.250,-2896.250,23.723,14420,3535,9507,1304,-3235,-331,-327,0,0
8011581360,1171.993,180.499,403.515,12162.500,-25392.500,-3150.000,23.758,19213,2959,6615,1390,-2902,-360,-318,0,0
8011590767,866.200,125.172,485.499,7560.000,-15951.250,-5897.500,23.758,14200,2052,7959,864,-1823,-674,-318,0,0
8011600173,938.058,197.213,347.273,7096.250,-17832.500,-8478.750,23.738,15378,3233,5693,811,-2038,-969,-323,0,0
8011609588,900.604,209.657,388.814,7070.000,-12048.750,-6693.750,23.738,14764,3437,6374,808,-1377,-765,-323,0,0
8011618995,918.904,168.848,360.144,3071.250,-9852.500,-5285.000,23.730,15064,2768,5904,351,-1126,-604,-325,0,0
8011628403,915.061,216.184,397.903,-1776.250,-4865.000,-5320.000,23.730,15001,3544,6523,-203,-556,-608,-325,0,0
8011637810,917.135,292.556,430.172,-551.250,271.250,2310.000,23.734,15035,4796,7052,-63,31,264,-324,0,0
8011647225,870.348,363.194,441.335,-96.250,4173.750,14586.250,23.734,14268,5954,7235,-11,477,1667,-324,0,0
8011656632,874.191,387.960,389.607,-157.500,8023.750,32585.000,23.707,14331,6360,6387,-18,917,3724,-331,0,0
8011666038,888.099,299.449,400.648,-1470.000,17097.500,47643.750,23.707,14559,4909,6568,-168,1954,5445,-331,0,0
8011675452,902.190,168.055,521.550,-3666.250,24622.500,55405.000,23.723,14790,2755,8550,-419,2814,6332,-327,0,0
8011684860,788.181,225.212,552.538,-87.500,26766.250,60340.000,23.723,12921,3692,9058,-10,3059,6896,-327,0,0
8011694267,775.798,204.411,639.585,8426.250,28831.250,66990.000,23.758,12718,3351,10485,963,3295,7656,-318,0,0
8011703675,778.238,113.399,680.089,11830.000,25182.500,66421.250,23.758,12758,1859,11149,1352,2878,7591,-318,0,0
8011713089,830.027,50.813,719.495,17193.750,18952.500,62247.500,23.668,13607,833,11795,1965,2166,7114,-341,0,0
8011722498,848.510,26.596,580.354,19346.250,7910.000,48790.000,23.668,13910,436,9514,2211,904,5576,-341,0,0
8011731905,860.588,66.246,566.812,20588.750,3955.000,34273.750,23.766,14108,1086,9292,2353,452,3917,-316,0,0
8011741317,785.131,110.776,569.008,26013.750,2065.000,23940.000,23.766,12871,1816,9328,2973,236,2736,-316,0,0
8011750724,777.811,114.985,608.353,30275.000,420.000,14402.500,23.758,12751,1885,9973,3460,48,1646,-318,0,0
8011760130,866.139,154.086,554.612,32865.000,-2546.250,6650.000,23.758,14199,2526,9092,3756,-291,760,-318,0,0
8011769544,922.930,161.101,594.384,33355.000,-6825.000,-1286.250,23.703,15130,2641,9744,3812,-780,-147,-332,0,0
8011778951,918.416,126.514,451.949,30782.500,-17613.750,-8391.250,23.703,15056,2074,7409,3518,-2013,-959,-332,0,0
8011788358,919.087,38.674,393.389,20020.000,-23730.000,-19547.500,23.734,15067,634,6449,2288,-2712,-2234,-324,0,0
8011797773,962.763,-102.907,383.629,9292.500,-27046.250,-38001.250,23.734,15783,-1687,6289,1062,-3091,-4343,-324,0,0
8011807180,997.289,-259.555,313.723,3823.750,-32217.500,-66106.250,23.754,16349,-4255,5143,437,-3682,-7555,-319,0,0
8011816592,1004.853,-175.436,197.091,20807.500,-32742.500,-88567.500,23.754,16473,-2876,3231,2378,-3742,-10122,-319,0,0
8011825998,996.496,-65.941,197.762,43373.750,-31316.250,-104440.000,23.695,16336,-1081,3242,4957,-3579,-11936,-334,0,0
8011835406,1086.898,250.954,123.708,60077.500,-28945.000,-106356.250,23.695,17818,4114,2028,6866,-3308,-12155,-334,0,0
8011844819,1268.922,579.134,55.754,58397.500,-13046.250,-97090.000,23.703,20802,9494,914,6674,-1491,-11096,-332,0,0
8011854227,1213.229,716.628,123.037,23940.000,12486.250,-83028.750,23.703,19889,11748,2017,2736,1427,-9489,-332,0,0
8011863633,988.627,543.083,322.263,-17893.750,30581.250,-66368.750,23.691,16207,8903,5283,-2045,3495,-7585,-335,0,0
8011873047,765.916,276.086,496.357,-42822.500,32270.000,-55308.750,23.691,12556,4526,8137,-4894,3688,-6321,-335,0,0
8011882454,627.507,116.937,654.896,-46383.750,25103.750,-52263.750,23.766,10287,1917,10736,-5301,2869,-5973,-316,0,0
8011891867,564.067,92.781,790.865,-31552.500,12057.500,-53996.250,23.766,9247,1521,12965,-3606,1378,-6171,-316,0,0
8011901274,582.062,199.470,799.100,-10132.500,-4873.750,-54180.000,23.719,9542,3270,13100,-1158,-557,-6192,-328,0,0
8011910682,630.618,391.620,702.293,-1076.250,-17281.250,-48597.500,23.719,10338,6420,11513,-123,-1975,-5554,-328,0,0
8011920094,655.384,485.560,651.785,-3263.750,-20895.000,-34790.000,23.742,10744,7960,10685,-373,-2388,-3976,-322,0,0
8011929501,657.092,423.462,644.160,-6720.000,-21245.000,-18217.500,23.742,10772,6942,10560,-768,-2428,-2082,-322,0,0
8011938908,670.390,296.460,653.005,-4733.750,-22592.500,-5433.750,23.711,10990,4860,10705,-541,-2582,-621,-330,0,0
8011948316,690.093,223.687,668.438,140.000,-27195.000,-997.500,23.711,11313,3667,10958,16,-3108,-114,-330,0,0
8011957730,707.478,221.979,640.500,6606.250,-34335.000,-542.500,23.703,11598,3639,10500,755,-3924,-62,-332,0,0
8011967137,719.617,296.399,586.271,11278.750,-41965.000,376.250,23.703,11797,4859,9611,1289,-4796,43,-332,0,0
8011976544,702.720,357.521,538.508,13413.750,-50111.250,5075.000,23.789,11520,5861,8828,1533,-5727,580,-310,0,0
8011985958,738.954,342.332,526.308,11191.250,-58598.750,12005.000,23.789,12114,5612,8628,1279,-6697,1372,-310,0,0
8011995366,1304.058,198.921,312.015,8785.000,-64417.500,13116.250,23.715,21378,3261,5115,1004,-7362,1499,-329,0,0
8012004773,775.554,244.976,434.015,595.000,-29785.000,-4611.250,23.715,12714,4016,7115,68,-3404,-527,-329,0,0
8012014187,853.268,338.855,404.064,1863.750,-32112.500,-4392.500,23.738,13988,5555,6624,213,-3670,-502,-323,0,0
8012023594,947.086,307.684,216.367,3062.500,-28122.500,-446.250,23.738,15526,5044,3547,350,-3214,-51,-323,0,0
8012033001,887.123,213.500,410.957,-3281.250,-17071.250,1233.750,23.719,14543,3500,6737,-375,-1951,141,-328,0,0
8012042416,946.049,195.932,279.990,2345.000,-16170.000,630.000,23.719,15509,3212,4590,268,-1848,72,-328,0,0
8012051823,915.061,207.888,308.782,6475.000,-7761.250,-1120.000,23.750,15001,3408,5062,740,-887,-128,-320,0,0
8012061231,952.210,189.283,192.455,11375.000,-577.500,-1960.000,23.750,15610,3103,3155,1300,-66,-224,-320,0,0
8012070639,941.291,183.183,212.097,13378.750,12346.250,-4427.500,23.762,15431,3003,3477,1529,1411,-506,-317,0,0
8012080051,968.619,189.588,301.523,16695.000,22233.750,-6195.000,23.762,15879,3108,4943,1908,2541,-708,-317,0,0
8012089459,1092.205,319.335,355.630,23135.000,29093.750,-4112.500,23.766,17905,5235,5830,2644,3325,-470,-316,0,0
8012098866,1410.137,208.559,275.049,25996.250,38998.750,-262.500,23.766,23117,3419,4509,2971,4457,-30,-316,0,0
8012108280,1366.522,87.413,161.772,13763.750,53348.750,-16397.500,23.777,22402,1433,2652,1573,6097,-1874,-313,0,0
8012117688,1060.912,282.979,194.590,61.250,65353.750,-32952.500,23.777,17392,4639,3190,7,7469,-3766,-313,0,0
8012127094,804.224,438.407,308.965,-14175.000,67812.500,-32655.000,23.730,13184,7187,5065,-1620,7750,-3732,-325,0,0
8012136509,642.513,436.394,445.727,-30030.000,62746.250,-17981.250,23.730,10533,7154,7307,-3432,7171,-2055,-325,0,0
8012145916,621.590,262.605,526.552,-41553.750,50566.250,-1907.500,23.680,10190,4305,8632,-4749,5779,-218,-338,0,0
8012155323,598.227,168.116,549.671,-41545.000,35997.500,6947.500,23.680,9807,2756,9011,-4748,4114,794,-338,0,0
8012164730,647.210,168.848,516.121,-36785.000,21148.750,9791.250,23.719,10610,2768,8461,-4204,2417,1119,-328,0,0
8012174144,647.393,248.087,503.433,-31500.000,14271.250,10736.250,23.719,10613,4067,8253,-3600,1631,1227,-328,0,0
8012183551,605.669,307.318,650.077,-30458.750,12040.000,13580.000,23.742,9929,5038,10657,-3481,1376,1552,-322,0,0
8012192965,630.618,275.049,819.596,-27081.250,4716.250,18121.250,23.742,10338,4509,13436,-3095,539,2071,-322,0,0
8012202372,725.168,197.152,941.535,-17946.250,-6081.250,19118.750,23.738,11888,3232,15435,-2051,-695,2185,-323,0,0
8012211778,749.446,139.690,996.374,-5477.500,-16283.750,13300.000,23.738,12286,2290,16334,-626,-1861,1520,-323,0,0
8012221193,745.603,148.596,952.576,12766.250,-23870.000,5267.500,23.715,12223,2436,15616,1459,-2728,602,-329,0,0
8012230600,762.683,217.587,809.653,29837.500,-24456.250,-1618.750,23.715,12503,3567,13273,3410,-2795,-185,-329,0,0
8012240007,761.829,235.887,676.429,43846.250,-14603.750,-5180.000,23.758,12489,3867,11089,5011,-1669,-592,-318,0,0
8012249415,738.344,270.718,604.876,54626.250,1023.750,-6851.250,23.758,12104,4438,9916,6243,117,-783,-318,0,0
8012258828,629.642,349.896,645.441,58196.250,12661.250,-6833.750,23.727,10322,5736,10581,6651,1447,-781,-326,0,0
8012268235,569.130,389.241,743.041,54617.500,7183.750,-2458.750,23.727,9330,6381,12181,6242,821,-281,-326,0,0
8012277649,671.366,328.119,661.545,53515.000,-12897.500,3421.250,23.691,11006,5379,10845,6116,-1474,391,-335,0,0
8012287056,795.318,271.999,523.563,53121.250,-29452.500,4698.750,23.691,13038,4459,8583,6071,-3366,537,-335,0,0
8012296462,901.275,256.322,437.980,51616.250,-37406.250,1111.250,23.734,14775,4202,7180,5899,-4275,127,-324,0,0
8012305870,931.775,219.722,382.653,48947.500,-40626.250,-5381.250,23.734,15275,3602,6273,5594,-4643,-615,-324,0,0
8012315284,983.564,279.746,276.696,47258.750,-41553.750,-12967.500,23.777,16124,4586,4536,5401,-4749,-1482,-313,0,0
8012324692,990.518,368.745,196.237,47617.500,-35621.250,-15443.750,23.777,16238,6045,3217,5442,-4071,-1765,-313,0,0
8012334099,986.858,396.134,188.978,39900.000,-26031.250,-14192.500,23.730,16178,6494,3098,4560,-2975,-1622,-325,0,0
8012343512,970.205,381.128,254.980,27728.750,-16493.750,-12188.750,23.730,15905,6248,4180,3169,-1885,-1393,-325,0,0
8012352919,942.816,318.847,332.694,17815.000,-9957.500,-11156.250,23.758,15456,5227,5454,2036,-1138,-1275,-318,0,0
8012362327,935.313,276.208,382.531,13991.250,-5565.000,-11383.750,23.758,15333,4528,6271,1599,-636,-1301,-318,0,0
8012371741,905.301,279.014,435.113,12477.500,-1172.500,-12503.750,23.789,14841,4574,7133,1426,-134,-1429,-310,0,0
8012381148,842.654,309.758,479.521,11060.000,796.250,-12530.000,23.789,13814,5078,7861,1264,91,-1432,-310,0,0
8012390555,797.453,325.008,513.498,8828.750,-1050.000,-9511.250,23.785,13073,5328,8418,1009,-120,-1087,-311,0,0
8012399969,781.471,297.985,531.432,7577.500,-4786.250,-5967.500,23.785,12811,4885,8712,866,-547,-682,-311,0,0
8012409376,787.144,281.210,515.206,9108.750,-9327.500,-3570.000,23.699,12904,4610,8446,1041,-1066,-408,-333,0,0
8012418784,800.137,280.539,504.287,11558.750,-13711.250,-2668.750,23.699,13117,4599,8267,1321,-1567,-305,-333,0,0
8012428192,822.646,289.628,486.780,14306.250,-17745.000,-2747.500,23.746,13486,4748,7980,1635,-2028,-314,-321,0,0
8012437604,842.044,295.545,460.672,16712.500,-20737.500,-3290.000,23.746,13804,4845,7552,1910,-2370,-376,-321,0,0
8012447012,845.887,311.893,443.653,18112.500,-22347.500,-4138.750,23.742,13867,5113,7273,2070,-2554,-473,-322,0,0
8012456420,853.756,349.774,418.033,18637.500,-22356.250,-3403.750,23.742,13996,5734,6853,2130,-2555,-389,-322,0,0
8012465834,825.147,374.662,431.453,16756.250,-20265.000,-402.500,23.742,13527,6142,7073,1915,-2316,-46,-322,0,0
8012475242,1143.445,312.137,438.041,13527.500,-20361.250,2537.500,23.742,18745,5117,7181,1546,-2327,290,-322,0,0
8012484647,882.609,306.830,357.765,8286.250,-10727.500,-4191.250,23.762,14469,5030,5865,947,-1226,-479,-317,0,0
8012494061,822.707,316.651,474.397,3290.000,-7455.000,-5932.500,23.762,13487,5191,7777,376,-852,-678,-317,0,0
8012503469,873.032,313.662,449.997,4795.000,-8986.250,-4786.250,23.734,14312,5142,7377,548,-1027,-547,-324,0,0
8012512876,851.133,254.126,486.475,2091.250,-8277.500,-3937.500,23.734,13953,4166,7975,239,-946,-450,-324,0,0
8012522290,894.931,274.195,442.677,3202.500,-8286.250,-3176.250,23.750,14671,4495,7257,366,-947,-363,-320,0,0
8012531696,889.502,303.231,450.607,3578.750,-5985.000,-1093.750,23.750,14582,4971,7387,409,-684,-125,-320,0,0
8012541103,872.483,391.742,289.994,4996.250,-2502.500,5320.000,23.770,14303,6422,4754,571,-286,608,-315,0,0
8012550517,932.263,302.316,364.353,2196.250,8750.000,13991.250,23.770,15283,4956,5973,251,1000,1599,-315,0,0
8012559923,921.161,261.446,341.539,-1741.250,7971.250,13247.500,23.750,15101,4286,5599,-199,911,1514,-320,0,0
8012569337,968.802,318.054,244.061,-4926.250,8006.250,11348.750,23.750,15882,5214,4001,-563,915,1297,-320,0,0
8012578745,900.055,440.664,224.724,-13580.000,10928.750,10998.750,23.742,14755,7224,3684,-1552,1249,1257,-322,0,0
8012588153,911.340,371.551,276.025,-26005.000,13308.750,15120.000,23.742,14940,6091,4525,-2972,1521,1728,-322,0,0
8012597560,911.645,288.835,389.363,-38850.000,13002.500,10115.000,23.770,14945,4735,6383,-4440,1486,1156,-315,0,0
8012606973,841.922,311.100,520.330,-39978.750,9721.250,6580.000,23.770,13802,5100,8530,-4569,1111,752,-315,0,0
8012616381,813.191,242.353,625.860,-37721.250,3088.750,2187.500,23.734,13331,3973,10260,-4311,353,250,-324,0,0
8012625787,771.162,226.066,669.719,-30415.000,-7175.000,-3465.000,23.734,12642,3706,10979,-3476,-820,-396,-324,0,0
8012635202,764.757,261.446,659.959,-15863.750,-13177.500,-6912.500,23.770,12537,4286,10819,-1813,-1506,-790,-315,0,0
8012644609,766.892,219.844,685.091,-3657.500,-17088.750,-8723.750,23.770,12572,3604,11231,-418,-1953,-997,-315,0,0
8012654016,801.357,255.407,637.755,5740.000,-25803.750,-13273.750,23.746,13137,4187,10455,656,-2949,-1517,-321,0,0
8012663424,784.643,199.043,571.692,12687.500,-30047.500,-15872.500,23.746,12863,3263,9372,1450,-3434,-1814,-321,0,0
8012672837,893.223,249.124,362.950,17150.000,-31517.500,-19057.500,23.734,14643,4084,5950,1960,-3602,-2178,-324,0,0
8012682245,878.400,324.093,439.688,17132.500,-21647.500,-16178.750,23.734,14400,5313,7208,1958,-2474,-1849,-324,0,0
8012691652,896.090,351.238,375.211,16922.500,-16423.750,-8085.000,23.730,14690,5758,6151,1934,-1877,-924,-325,0,0
8012701067,919.758,223.992,299.571,14297.500,-10640.000,-2030.000,23.730,15078,3672,4911,1634,-1216,-232,-325,0,0
8012710473,930.067,191.418,266.143,15338.750,-2966.250,-2353.750,23.742,15247,3138,4363,1753,-339,-269,-322,0,0
8012719880,965.752,256.932,247.050,18908.750,5337.500,-3368.750,23.742,15832,4212,4050,2161,610,-385,-322,0,0
8012729295,1014.125,367.769,245.464,17780.000,14043.750,-1137.500,23.754,16625,6029,4024,2032,1605,-130,-319,0,0
8012738701,1032.059,369.233,282.125,10456.250,20912.500,5591.250,23.754,16919,6053,4625,1195,2390,639,-319,0,0
8012748108,1151.863,244.915,250.710,-7577.500,26888.750,1898.750,23.754,18883,4015,4110,-866,3073,217,-319,0,0
8012757523,1048.590,263.581,354.166,-25803.750,39541.250,-9012.500,23.754,17190,4321,5806,-2949,4519,-1030,-319,0,0
8012766929,804.895,314.638,520.452,-33748.750,46978.750,-14883.750,23.738,13195,5158,8532,-3857,5369,-1701,-323,0,0
8012776337,634.461,330.986,637.633,-31482.500,42052.500,-11952.500,23.738,10401,5426,10453,-3598,4806,-1366,-323,0,0
8012785751,585.234,309.453,672.586,-25217.500,28708.750,-6825.000,23.738,9594,5073,11026,-2882,3281,-780,-323,0,0
8012795157,589.870,293.715,672.281,-17972.500,14533.750,-3080.000,23.738,9670,4815,11021,-2054,1661,-352,-323,0,0
8012804565,619.699,297.924,693.692,-9213.750,2905.000,-376.250,23.766,10159,4884,11372,-1053,332,-43,-316,0,0
8012813979,671.366,308.355,705.343,-1531.250,-7866.250,1391.250,23.766,11006,5055,11563,-175,-899,159,-316,0,0
8012823388,735.233,297.741,672.830,4025.000,-17885.000,1846.250,23.750,12053,4881,11030,460,-2044,211,-320,0,0
8012832795,759.816,294.874,616.832,7708.750,-25926.250,770.000,23.750,12456,4834,10112,881,-2963,88,-320,0,0
8012842203,787.693,290.848,546.011,10797.500,-30817.500,-17.500,23.750,12913,4768,8951,1234,-3522,-2,-320,0,0
8012851610,827.831,289.079,493.917,13588.750,-32637.500,-463.750,23.750,13571,4739,8097,1553,-3730,-53,-320,0,0
8012861023,881.328,279.563,445.727,15295.000,-32506.250,-638.750,23.734,14448,4583,7307,1748,-3715,-73,-324,0,0
8012870431,905.301,277.367,402.051,15216.250,-30756.250,-1242.500,23.734,14841,4547,6591,1739,-3515,-142,-324,0,0
8012879844,924.333,281.210,370.331,12766.250,-28017.500,-2047.500,23.734,15153,4610,6071,1459,-3202,-234,-324,0,0
8012889251,924.516,293.288,362.706,8828.750,-22890.000,-2257.500,23.734,15156,4808,5946,1009,-2616,-258,-324,0,0
8012898658,915.671,286.822,416.081,4838.750,-17815.000,-1793.750,23.773,15011,4702,6821,553,-2036,-205,-314,0,0
8012908072,1039.928,277.733,340.258,1365.000,-11593.750,-3001.250,23.773,17048,4553,5578,156,-1325,-343,-314,0,0
8012917480,833.809,250.405,526.186,-4261.250,-3780.000,-4383.750,23.781,13669,4105,8626,-487,-432,-501,-312,0,0
8012926886,874.313,255.407,468.053,-1032.500,-7385.000,-3018.750,23.781,14333,4187,7673,-118,-844,-345,-312,0,0
8012936295,854.976,238.632,495.747,-1382.500,-5897.500,-2318.750,23.762,14016,3912,8127,-158,-674,-265,-317,0,0
8012945708,857.660,254.431,507.825,-280.000,-5836.250,-1443.750,23.762,14060,4171,8325,-32,-667,-165,-317,0,0
8012955115,856.318,300.181,487.329,1338.750,-4803.750,1198.750,23.789,14038,4921,7989,153,-549,137,-310,0,0
8012964523,854.610,288.713,509.716,1942.500,-2213.750,5687.500,23.789,14010,4733,8356,222,-253,650,-310,0,0
8012973937,879.803,288.347,482.937,2572.500,-437.500,9502.500,23.785,14423,4727,7917,294,-50,1086,-311,0,0
8012983345,852.170,274.866,430.721,1811.250,901.250,10552.500,23.785,13970,4506,7061,207,103,1206,-311,0,0
8012992751,866.688,305.976,419.680,2703.750,4900.000,13072.500,23.770,14208,5016,6880,309,560,1494,-315,0,0
8013002159,880.108,250.893,433.405,2126.250,6203.750,13378.750,23.770,14428,4113,7105,243,709,1529,-315,0,0
8013011573,873.703,253.760,405.223,1925.000,4777.500,9703.750,23.758,14323,4160,6643,220,546,1109,-318,0,0
8013020978,867.969,310.734,424.865,2073.750,4900.000,7971.250,23.758,14229,5094,6965,237,560,911,-318,0,0
8013030393,878.522,260.165,469.639,-770.000,4436.250,6886.250,23.758,14402,4265,7699,-88,507,787,-318,0,0
8013039800,847.717,258.579,512.156,-910.000,1697.500,3552.500,23.758,13897,4239,8396,-104,194,406,-318,0,0
8013049207,844.972,276.574,500.200,3823.750,-2310.000,2607.500,23.770,13852,4534,8200,437,-264,298,-315,0,0
8013058615,862.784,273.280,449.631,3911.250,-6072.500,-910.000,23.770,14144,4480,7371,447,-694,-104,-315,0,0
8013068028,864.370,327.143,451.278,2476.250,-6536.250,-3307.500,23.758,14170,5363,7398,283,-747,-378,-318,0,0
8013077440,878.705,308.660,464.759,-43.750,-8128.750,-3552.500,23.758,14405,5060,7619,-5,-929,-406,-318,0,0
8013086849,874.130,190.076,491.416,-3202.500,-15015.000,-7708.750,23.742,14330,3116,8056,-366,-1716,-881,-322,0,0
8013096254,875.350,179.218,437.248,-4147.500,-22820.000,-16222.500,23.742,14350,2938,7168,-474,-2608,-1854,-322,0,0
8013105667,897.737,179.462,446.642,-3237.500,-27755.000,-24088.750,23.770,14717,2942,7322,-370,-3172,-2753,-315,0,0
8013115076,920.429,311.771,330.620,-857.500,-30318.750,-27020.000,23.770,15089,5111,5420,-98,-3465,-3088,-315,0,0
8013124482,868.579,373.198,372.405,-4515.000,-22058.750,-21472.500,23.785,14239,6118,6105,-516,-2521,-2454,-311,0,0
8013133890,877.424,362.584,395.097,-11523.750,-12460.000,-13973.750,23.785,14384,5944,6477,-1317,-1424,-1597,-311,0,0
8013143304,880.108,276.391,448.472,-15645.000,-6816.250,-6676.250,23.781,14428,4531,7352,-1788,-779,-763,-312,0,0
8013152708,827.404,240.828,498.431,-16800.000,-3780.000,-2791.250,23.781,13564,3948,8171,-1920,-432,-319,-312,0,0
8013162122,881.694,245.220,446.154,-16878.750,-1741.250,-131.250,23.762,14454,4020,7314,-1929,-199,-15,-317,0,0
8013171530,838.079,282.430,541.985,-15295.000,5556.250,3596.250,23.762,13739,4630,8885,-1748,635,411,-317,0,0
8013180943,844.911,248.636,538.325,-11803.750,6107.500,8461.250,23.789,13851,4076,8825,-1349,698,967,-310,0,0
8013190351,872.849,272.182,477.203,-9528.750,6448.750,9056.250,23.789,14309,4462,7823,-1089,737,1035,-310,0,0
8013199757,839.787,367.098,448.289,-4873.750,10106.250,15146.250,23.773,13767,6018,7349,-557,1155,1731,-314,0,0
8013209171,864.004,322.873,436.333,-5783.750,12241.250,21840.000,23.773,14164,5293,7153,-661,1399,2496,-314,0,0
8013218577,895.846,269.681,420.534,-9590.000,13755.000,25550.000,23.793,14686,4421,6894,-1096,1572,2920,-309,0,0
8013227984,883.463,193.980,420.290,-14813.750,12705.000,20947.500,23.793,14483,3180,6890,-1693,1452,2394,-309,0,0
8013237397,839.116,206.424,514.108,-12888.750,11768.750,15933.750,23.754,13756,3384,8428,-1473,1345,1821,-319,0,0
8013246804,873.215,218.624,513.132,-9126.250,6746.250,10543.750,23.754,14315,3584,8412,-1043,771,1205,-319,0,0
8013256211,845.582,273.097,507.337,-6335.000,2747.500,8592.500,23.730,13862,4477,8317,-724,314,982,-325,0,0
8013265625,883.890,217.953,510.448,-8286.250,-603.750,5888.750,23.730,14490,3573,8368,-947,-69,673,-325,0,0
8013275033,870.348,175.009,579.927,-11532.500,-5092.500,848.750,23.727,14268,2869,9507,-1318,-582,97,-326,0,0
8013284439,872.788,142.801,552.294,-9765.000,-16310.000,-6011.250,23.727,14308,2341,9054,-1116,-1864,-687,-326,0,0
8013293852,835.822,98.088,519.232,-8680.000,-22890.000,-13116.250,23.766,13702,1608,8512,-992,-2616,-1499,-316,0,0
8013303260,898.530,156.953,440.237,-7656.250,-25313.750,-19836.250,23.766,14730,2573,7217,-875,-2893,-2267,-316,0,0
8013312672,845.277,257.481,505.629,-3263.750,-21026.250,-19871.250,23.813,13857,4221,8289,-373,-2403,-2271,-304,0,0
8013322078,848.693,283.162,483.913,-315.000,-17876.250,-13405.000,23.813,13913,4642,7933,-36,-2043,-1532,-304,0,0
8013331491,868.030,254.431,480.619,-2913.750,-14043.750,-8855.000,23.797,14230,4171,7879,-333,-1605,-1012,-308,0,0
8013340898,872.666,228.323,456.158,-2030.000,-12022.500,-5267.500,23.797,14306,3743,7478,-232,-1374,-602,-308,0,0
8013350311,872.361,242.597,454.145,-1881.250,-9423.750,-2485.000,23.801,14301,3977,7445,-215,-1077,-284,-307,0,0
8013359715,882.792,236.863,496.235,-3080.000,-6693.750,-577.500,23.801,14472,3883,8135,-352,-765,-66,-307,0,0
8013369127,849.547,262.910,541.131,-2012.500,-6081.250,1785.000,23.773,13927,4310,8871,-230,-695,204,-314,0,0
8013378533,859.429,233.752,499.773,2231.250,-7420.000,5705.000,23.773,14089,3832,8193,255,-848,652,-314,0,0
8013387941,859.124,298.290,438.346,2511.250,-4637.500,7988.750,23.770,14084,4890,7186,287,-530,913,-315,0,0
8013397353,854.000,336.598,471.896,5232.500,1732.500,16091.250,23.770,14000,5518,7736,598,198,1839,-315,0,0
8013406762,861.381,310.795,443.836,3832.500,5608.750,24806.250,23.738,14121,5095,7276,438,641,2835,-323,0,0
8013416175,831.674,283.772,478.850,3421.250,11235.000,32401.250,23.738,13634,4652,7850,391,1284,3703,-323,0,0
8013425581,828.441,215.086,494.100,5635.000,15102.500,37117.500,23.789,13581,3526,8100,644,1726,4242,-310,0,0
8013434993,905.301,79.727,552.355,8671.250,15855.000,35078.750,23.789,14841,1307,9055,991,1812,4009,-310,0,0
8013444402,898.469,55.571,436.577,14708.750,11628.750,26066.250,23.789,14729,911,7157,1681,1329,2979,-310,0,0
8013453807,932.995,126.270,277.123,21026.250,12958.750,17850.000,23.789,15295,2070,4543,2403,1481,2040,-310,0,0
8013463217,944.524,232.166,280.234,20396.250,21175.000,11803.750,23.727,15484,3806,4594,2331,2420,1349,-326,0,0
8013472629,1063.596,233.386,343.796,14612.500,25803.750,11033.750,23.727,17436,3826,5636,1670,2949,1261,-326,0,0
8013482035,1254.160,78.568,356.423,1137.500,27676.250,253.750,23.809,20560,1288,5843,130,3163,29,-305,0,0
8013491444,1164.917,47.763,397.232,-9721.250,35043.750,-19958.750,23.809,19097,783,6512,-1111,4005,-2281,-305,0,0
8013500857,914.024,168.787,457.683,-9782.500,40460.000,-34308.750,23.789,14984,2767,7503,-1118,4624,-3921,-310,0,0
8013510264,694.302,260.165,535.275,-7910.000,36671.250,-34711.250,23.789,11382,4265,8775,-904,4191,-3967,-310,0,0
8013519671,668.865,214.476,569.496,-10377.500,25716.250,-28682.500,23.824,10965,3516,9336,-1186,2939,-3278,-301,0,0
8013529085,666.547,163.358,594.323,-12678.750,16458.750,-24001.250,23.824,10927,2678,9743,-1449,1881,-2743,-301,0,0
8013538496,658.617,167.933,659.227,-9563.750,8260.000,-20317.500,23.750,10797,2753,10807,-1093,944,-2322,-320,0,0
8013547904,730.902,181.475,667.584,-4313.750,-1120.000,-16983.750,23.750,11982,2975,10944,-493,-128,-1941,-320,0,0
8013557310,737.246,209.596,687.592,-2065.000,-6825.000,-14918.750,23.754,12086,3436,11272,-236,-780,-1705,-319,0,0
8013566722,737.856,222.162,714.798,-428.750,-12372.500,-12906.250,23.754,12096,3642,11718,-49,-1414,-1475,-319,0,0
8013576133,730.231,229.177,685.396,4112.500,-18436.250,-10692.500,23.746,11971,3757,11236,470,-2107,-1222,-321,0,0
8013585538,752.862,229.665,637.267,9196.250,-21568.750,-8916.250,23.746,12342,3765,10447,1051,-2465,-1019,-321,0,0
8013594949,782.996,235.399,601.948,14236.250,-19827.500,-7962.500,23.762,12836,3859,9868,1627,-2266,-910,-317,0,0
8013604356,766.648,238.327,637.999,17491.250,-16152.500,-8295.000,23.762,12568,3907,10459,1999,-1846,-948,-317,0,0
8013613771,759.145,217.709,641.110,21315.000,-15601.250,-9065.000,23.785,12445,3569,10510,2436,-1783,-1036,-311,0,0
8013623175,805.566,187.148,620.126,25611.250,-14918.750,-11987.500,23.785,13206,3068,10166,2927,-1705,-1370,-311,0,0
8013632588,823.927,207.888,606.523,31832.500,-14437.500,-16660.000,23.754,13507,3408,9943,3638,-1650,-1904,-319,0,0
8013641993,821.670,229.238,586.820,36347.500,-18016.250,-20965.000,23.754,13470,3758,9620,4154,-2059,-2396,-319,0,0
8013651409,838.811,253.150,488.549,38010.000,-25025.000,-23782.500,23.777,13751,4150,8009,4344,-2860,-2718,-313,0,0
8013660814,864.065,364.963,363.987,39882.500,-29496.250,-20737.500,23.777,14165,5983,5967,4558,-3371,-2370,-313,0,0
8013670225,867.542,403.698,320.494,30502.500,-28778.750,-14647.500,23.777,14222,6618,5254,3486,-3289,-1674,-313,0,0
8013679631,874.191,358.375,345.931,17631.250,-25480.000,-6930.000,23.777,14331,5875,5671,2015,-2912,-792,-313,0,0
8013689039,896.944,278.343,419.558,10062.500,-22050.000,-1575.000,23.750,14704,4563,6878,1150,-2520,-180,-320,0,0
8013698452,909.205,218.319,464.759,9143.750,-21008.750,-997.500,23.750,14905,3579,7619,1045,-2401,-114,-320,0,0
8013707864,890.905,205.570,466.589,11156.250,-21376.250,-3517.500,23.801,14605,3370,7649,1275,-2443,-402,-307,0,0
8013717268,869.799,247.416,470.249,11961.250,-21980.000,-6833.750,23.801,14259,4056,7709,1367,-2512,-781,-307,0,0
8013726680,830.820,286.334,480.497,12495.000,-22986.250,-6921.250,23.750,13620,4694,7877,1428,-2627,-791,-320,0,0
8013736091,843.630,291.214,473.543,10255.000,-23441.250,-3928.750,23.750,13830,4774,7763,1172,-2679,-449,-320,0,0
8013745497,1122.278,241.926,405.223,6693.750,-19013.750,-1960.000,23.789,18398,3966,6643,765,-2173,-224,-310,0,0
8013754905,823.927,216.489,569.008,1093.750,-7078.750,-4646.250,23.789,13507,3549,9328,125,-809,-531,-310,0,0
8013764317,870.043,242.109,503.311,3053.750,-11016.250,-2555.000,23.789,14263,3969,8251,349,-1259,-292,-310,0,0
8013773728,880.169,244.183,442.555,1741.250,-9590.000,533.750,23.789,14429,4003,7255,199,-1096,61,-310,0,0
8013783133,879.071,264.374,425.048,315.000,-3535.000,6063.750,23.781,14411,4334,6968,36,-404,693,-312,0,0
8013792546,906.094,370.331,407.480,-2992.500,5836.250,15557.500,23.781,14854,6071,6680,-342,667,1778,-312,0,0
8013801954,819.047,356.240,425.048,-9686.250,15295.000,27072.500,23.781,13427,5840,6968,-1107,1748,3094,-312,0,0
8013811367,835.212,301.035,484.645,-13256.250,22102.500,36435.000,23.781,13692,4935,7945,-1515,2526,4164,-312,0,0
8013820771,907.741,259.128,490.318,-9625.000,24876.250,44957.500,23.746,14881,4248,8038,-1100,2843,5138,-321,0,0
8013830184,843.081,187.758,493.856,-2905.000,27247.500,47425.000,23.746,13821,3078,8096,-332,3114,5420,-321,0,0
8013839591,784.704,317.261,475.617,5530.000,30143.750,51213.750,23.797,12864,5201,7797,632,3445,5853,-308,0,0
8013849004,819.779,292.556,474.153,7061.250,28341.250,55492.500,23.797,13439,4796,7773,807,3239,6342,-308,0,0
8013858409,1020.103,138.775,500.505,5197.500,27475.000,58835.000,23.762,16723,2275,8205,594,3140,6724,-317,0,0
8013867821,835.456,64.111,484.279,2625.000,24377.500,48221.250,23.762,13696,1051,7939,300,2786,5511,-317,0,0
8013877232,880.474,34.770,535.092,7288.750,19101.250,36190.000,23.734,14434,570,8772,833,2183,4136,-324,0,0
8013886637,870.897,94.123,501.481,10928.750,10360.000,19223.750,23.734,14277,1543,8221,1249,1184,2197,-324,0,0
8013896048,876.082,112.301,516.365,13090.000,4418.750,7595.000,23.766,14362,1841,8465,1496,505,868,-316,0,0
8013905460,872.849,135.664,463.173,12958.750,-603.750,-4690.000,23.766,14309,2224,7593,1481,-69,-536,-316,0,0
8013914863,874.801,209.291,548.573,14341.250,-1128.750,-12565.000,23.727,14341,3431,8993,1639,-129,-1436,-326,0,0
8013924275,840.580,55.205,688.873,14752.500,-8872.500,-21560.000,23.727,13780,905,11293,1686,-1014,-2464,-326,0,0
8013933686,900.116,11.102,643.367,16038.750,-27177.500,-39952.500,23.762,14756,182,10547,1833,-3106,-4566,-317,0,0
8013943097,931.592,27.023,585.478,24955.000,-38062.500,-59561.250,23.762,15272,443,9598,2852,-4350,-6807,-317,0,0
8013952502,934.520,56.608,484.035,32112.500,-42665.000,-79870.000,23.754,15320,928,7935,3670,-4876,-9128,-319,0,0
8013961913,866.139,229.543,424.987,37283.750,-40442.500,-91630.000,23.754,14199,3763,6967,4261,-4622,-10472,-319,0,0
8013971324,742.431,465.186,384.361,36102.500,-36671.250,-88471.250,23.789,12171,7626,6301,4126,-4191,-10111,-310,0,0
8013980731,670.878,675.697,386.862,29155.000,-31850.000,-64190.000,23.789,10998,11077,6342,3332,-3640,-7336,-310,0,0
8013990139,635.437,581.025,452.986,12993.750,-28052.500,-31465.000,23.770,10417,9525,7426,1485,-3206,-3596,-315,0,0
8013999551,672.525,284.260,579.317,-1960.000,-28271.250,-9878.750,23.770,11025,4660,9497,-224,-3231,-1129,-315,0,0
8014008963,705.892,175.802,669.109,1671.250,-34597.500,-2266.250,23.801,11572,2882,10969,191,-3954,-259,-307,0,0
8014018367,1274.595,161.040,443.226,7805.000,-43758.750,-4515.000,23.801,20895,2640,7266,892,-5001,-516,-307,0,0
8014027780,777.506,265.045,541.131,5136.250,-21236.250,-13658.750,23.723,12746,4345,8871,587,-2427,-1561,-327,0,0
8014037189,838.262,258.030,533.506,4305.000,-27282.500,-13448.750,23.723,13742,4230,8746,492,-3118,-1537,-327,0,0
8014046593,966.240,260.836,258.152,4970.000,-33827.500,-14551.250,23.730,15840,4276,4232,568,-3866,-1663,-325,0,0
8014056005,918.416,261.690,315.248,-3928.750,-26626.250,-14831.250,23.730,15056,4290,5168,-449,-3043,-1695,-325,0,0
8014065417,955.565,281.637,204.777,-8330.000,-24876.250,-13335.000,23.797,15665,4617,3357,-952,-2843,-1524,-308,0,0
8014074828,989.420,327.082,184.647,-16870.000,-17211.250,-11567.500,23.797,16220,5362,3027,-1928,-1967,-1322,-308,0,0
8014084233,954.040,310.612,259.128,-24788.750,-6597.500,-6142.500,23.762,15640,5092,4248,-2833,-754,-702,-317,0,0
8014093642,961.726,302.255,300.303,-29610.000,-1881.250,-2091.250,23.762,15766,4955,4923,-3384,-215,-239,-317,0,0
8014103055,924.028,349.225,302.316,-36540.000,-428.750,1365.000,23.773,15148,5725,4956,-4176,-49,156,-314,0,0
8014112459,897.432,355.691,350.506,-44292.500,6545.000,7621.250,23.773,14712,5831,5746,-5062,748,871,-314,0,0
8014121870,880.596,294.142,455.365,-46690.000,10351.250,14393.750,23.758,14436,4822,7465,-5336,1183,1645,-318,0,0
8014131282,830.515,265.899,532.164,-39235.000,14358.750,21183.750,23.758,13615,4359,8724,-4484,1641,2421,-318,0,0
8014140687,853.939,241.865,588.650,-36120.000,13877.500,24526.250,23.723,13999,3965,9650,-4128,1586,2803,-327,0,0
8014150103,740.601,333.487,668.804,-29155.000,16791.250,29968.750,23.723,12141,5467,10964,-3332,1919,3425,-327,0,0
8014159508,738.649,259.433,749.385,-19652.500,13877.500,38806.250,23.754,12109,4253,12285,-2246,1586,4435,-319,0,0
8014168920,764.452,146.461,701.805,-11270.000,6781.250,41833.750,23.754,12532,2401,11505,-1288,775,4781,-319,0,0
8014178324,778.604,40.626,682.956,-3167.500,3867.500,34483.750,23.762,12764,666,11196,-362,442,3941,-317,0,0
8014187737,758.108,104.554,695.400,9012.500,1802.500,25445.000,23.762,12428,1714,11400,1030,206,2908,-317,0,0
8014197146,770.125,204.106,627.385,22697.500,-691.250,21805.000,23.801,12625,3346,10285,2594,-79,2492,-307,0,0
8014206558,861.686,177.815,630.801,28393.750,-3745.000,19713.750,23.801,14126,2915,10341,3245,-428,2253,-307,0,0
8014215962,887.123,154.879,451.583,28113.750,-10333.750,13063.750,23.785,14543,2539,7403,3213,-1181,1493,-311,0,0
8014225374,841.251,220.881,442.250,24832.500,-9388.750,6203.750,23.785,13791,3621,7250,2838,-1073,709,-311,0,0
8014234782,933.788,159.820,483.913,23196.250,-8373.750,1461.250,23.820,15308,2620,7933,2651,-957,167,-302,0,0
8014244189,855.403,159.454,417.606,21253.750,-12477.500,-5783.750,23.820,14023,2614,6846,2429,-1426,-661,-302,0,0
8014253601,843.081,168.909,411.994,18707.500,-11226.250,-10508.750,23.762,13821,2769,6754,2138,-1283,-1201,-317,0,0
8014263014,993.141,130.357,463.783,15653.750,-10570.000,-14708.750,23.762,16281,2137,7603,1789,-1208,-1681,-317,0,0
8014272422,922.625,155.367,407.541,17955.000,-14953.750,-17482.500,23.824,15125,2547,6681,2052,-1709,-1998,-301,0,0
8014281827,947.391,161.589,239.425,16292.500,-17386.250,-19110.000,23.824,15531,2649,3925,1862,-1987,-2184,-301,0,0
8014291239,994.178,234.423,139.934,9161.250,-8347.500,-20335.000,23.781,16298,3843,2294,1047,-954,-2324,-312,0,0
8014300651,969.473,303.048,138.775,6195.000,5967.500,-14621.250,23.781,15893,4968,2275,708,682,-1671,-312,0,0
8014310058,981.002,232.349,264.252,-3885.000,16791.250,-9747.500,23.742,16082,3809,4332,-444,1919,-1114,-322,0,0
8014319465,1001.376,172.752,502.091,-15277.500,17981.250,-11418.750,23.742,16416,2832,8231,-1746,2055,-1305,-322,0,0
8014328877,948.733,186.660,552.477,-14883.750,3377.500,-13860.000,23.770,15553,3060,9057,-1701,386,-1584,-315,0,0
8014338289,1026.752,233.264,317.871,-10990.000,-9266.250,-14227.500,23.770,16832,3824,5211,-1256,-1059,-1626,-315,0,0
8014347694,1101.660,269.559,206.607,-18121.250,3255.000,-15373.750,23.766,18060,4419,3387,-2071,372,-1757,-316,0,0
8014357101,927.261,290.482,407.968,-29435.000,25550.000,-16178.750,23.766,15201,4762,6688,-3364,2920,-1849,-316,0,0
8014366515,785.863,262.056,591.761,-33197.500,28962.500,-13195.000,23.750,12883,4296,9701,-3794,3310,-1508,-320,0,0
8014375919,736.270,211.365,594.628,-31403.750,19897.500,-10666.250,23.750,12070,3465,9748,-3589,2274,-1219,-320,0,0
8014385331,725.229,191.784,580.476,-26232.500,13860.000,-9983.750,23.773,11889,3144,9516,-2998,1584,-1141,-314,0,0
8014394744,707.234,215.757,616.649,-17596.250,11996.250,-9126.250,23.773,11594,3537,10109,-2011,1371,-1043,-314,0,0
8014404152,682.895,250.710,664.229,-9940.000,9222.500,-7157.500,23.785,11195,4110,10889,-1136,1054,-818,-311,0,0
8014413558,677.832,271.755,707.295,-6545.000,2668.750,-4672.500,23.785,11112,4455,11595,-748,305,-534,-311,0,0
8014422969,727.669,248.392,726.144,-4497.500,-5853.750,-1916.250,23.781,11929,4072,11904,-514,-669,-219,-312,0,0
8014432381,776.896,208.559,671.488,-840.000,-12416.250,-1015.000,23.781,12736,3419,11008,-96,-1419,-116,-312,0,0
8014441786,781.898,208.132,631.045,4366.250,-15181.250,-2170.000,23.789,12818,3412,10345,499,-1735,-248,-310,0,0
8014451199,769.088,237.412,606.401,9213.750,-18698.750,-3158.750,23.789,12608,3892,9941,1053,-2137,-361,-310,0,0
8014460607,775.737,251.320,543.693,11681.250,-24517.500,-2782.500,23.801,12717,4120,8913,1335,-2802,-318,-307,0,0
8014470019,793.793,243.634,498.065,11768.750,-28463.750,-1400.000,23.801,13013,3994,8165,1345,-3253,-160,-307,0,0
8014479423,823.866,228.262,471.713,11488.750,-31053.750,-341.250,23.785,13506,3742,7733,1313,-3549,-39,-311,0,0
8014488836,904.020,227.042,432.856,11068.750,-32908.750,428.750,23.785,14820,3722,7096,1265,-3761,49,-311,0,0
8014498242,1296.982,237.351,218.624,7393.750,-24438.750,-1750.000,23.770,21262,3891,3584,845,-2793,-200,-315,0,0
8014507657,824.476,202.703,497.943,-656.250,-3692.500,-3185.000,23.770,13516,3323,8163,-75,-422,-364,-315,0,0
8014517062,933.727,215.391,368.928,-1837.500,-7043.750,-1435.000,23.777,15307,3531,6048,-210,-805,-164,-313,0,0
8014526473,871.263,175.436,496.113,-4340.000,-638.750,971.250,23.777,14283,2876,8133,-496,-73,111,-313,0,0
8014535878,887.855,135.969,490.867,-4156.250,-1767.500,2056.250,23.746,14555,2229,8047,-475,-202,235,-321,0,0
8014545294,875.960,156.526,524.478,-4663.750,-1085.000,1426.250,23.746,14360,2566,8598,-533,-124,163,-321,0,0
8014554699,861.564,211.548,535.885,-1855.000,-323.750,4436.250,23.781,14124,3468,8785,-212,-37,507,-312,0,0
8014564111,870.043,313.113,429.989,2126.250,2450.000,12267.500,23.781,14263,5133,7049,243,280,1402,-312,0,0
8014573515,869.189,330.620,409.981,3080.000,10351.250,23581.250,23.773,14249,5420,6721,352,1183,2695,-314,0,0
8014582926,907.680,228.262,468.663,-682.500,15102.500,29023.750,23.773,14880,3742,7683,-78,1726,3317,-314,0,0
8014592338,868.396,233.203,417.911,1732.500,15172.500,31648.750,23.781,14236,3823,6851,198,1734,3617,-312,0,0
8014601744,874.740,210.145,405.284,3255.000,17123.750,33810.000,23.781,14340,3445,6644,372,1957,3864,-312,0,0
8014611159,877.180,101.748,451.461,-831.250,18768.750,28577.500,23.789,14380,1668,7401,-95,2145,3266,-310,0,0
8014620565,891.149,103.517,521.855,0.000,19223.750,21857.500,23.789,14609,1697,8555,0,2197,2498,-310,0,0
8014629976,882.365,61.854,572.424,5346.250,15400.000,13807.500,23.789,14465,1014,9384,611,1760,1578,-310,0,0
8014639380,861.564,100.589,587.613,7752.500,9222.500,1732.500,23.789,14124,1649,9633,886,1054,198,-310,0,0
8014648790,880.718,189.771,608.353,11375.000,2931.250,-5950.000,23.781,14438,3111,9973,1300,335,-680,-312,0,0
8014658203,955.016,93.635,588.284,10307.500,-5145.000,-15478.750,23.781,15656,1535,9644,1178,-588,-1769,-312,0,0
8014667609,990.030,52.948,530.151,6151.250,-7507.500,-31185.000,23.746,16230,868,8691,703,-858,-3564,-321,0,0
8014677020,900.299,92.781,583.465,9423.750,-5206.250,-46068.750,23.746,14759,1521,9565,1077,-595,-5265,-321,0,0
8014686429,772.870,136.213,597.129,18707.500,-10491.250,-55440.000,23.789,12670,2233,9789,2138,-1199,-6336,-310,0,0
8014695841,722.545,173.484,536.678,24290.000,-20308.750,-58773.750,23.789,11845,2844,8798,2776,-2321,-6717,-310,0,0
8014705246,742.126,157.746,541.131,24010.000,-28148.750,-62475.000,23.789,12166,2586,8871,2744,-3217,-7140,-310,0,0
8014714658,777.384,195.627,506.605,24788.750,-36155.000,-66395.000,23.789,12744,3207,8305,2833,-4132,-7588,-310,0,0
8014724070,747.799,336.110,438.712,28700.000,-38482.500,-60033.750,23.789,12259,5510,7192,3280,-4398,-6861,-310,0,0
8014733479,670.085,455.975,513.437,25558.750,-35778.750,-47276.250,23.789,10985,7475,8417,2921,-4089,-5403,-310,0,0
8014742884,628.910,462.746,569.740,17981.250,-39628.750,-29785.000,23.746,10310,7586,9340,2055,-4529,-3404,-321,0,0
8014752295,642.574,416.813,586.210,13676.250,-45298.750,-9231.250,23.746,10534,6833,9610,1563,-5177,-1055,-321,0,0
8014761708,1133.624,291.824,506.178,16493.750,-50102.500,7980.000,23.789,18584,4784,8298,1885,-5726,912,-310,0,0
8014771114,840.092,192.333,349.896,9747.500,-21997.500,1207.500,23.789,13772,3153,5736,1114,-2514,138,-310,0,0
8014780522,826.733,195.444,584.929,4357.500,-17841.250,-3771.250,23.773,13553,3204,9589,498,-2039,-431,-314,0,0
8014789933,941.474,289.323,259.860,14778.750,-24508.750,-3377.500,23.773,15434,4743,4260,1689,-2801,-386,-314,0,0
8014799345,927.200,227.469,324.337,10158.750,-14183.750,-1575.000,23.805,15200,3729,5317,1161,-1621,-180,-306,0,0
8014808752,967.521,236.009,208.986,11672.500,-9528.750,-700.000,23.805,15861,3869,3426,1334,-1089,-80,-306,0,0
8014818160,939.034,257.298,205.753,8986.250,1050.000,-752.500,23.777,15394,4218,3373,1027,120,-86,-313,0,0
8014827573,947.940,244.610,231.922,5136.250,11243.750,-131.250,23.777,15540,4010,3802,587,1285,-15,-313,0,0
8014836981,952.088,241.133,358.192,4173.750,20055.000,271.250,23.797,15608,3953,5872,477,2292,31,-308,0,0
8014846389,925.858,280.173,469.578,8111.250,21621.250,3106.250,23.797,15178,4593,7698,927,2471,355,-308,0,0
8014855797,903.105,271.145,491.172,12110.000,17430.000,8960.000,23.754,14805,4445,8052,1384,1992,1024,-319,0,0
8014865210,1009.794,169.641,441.457,8811.250,13545.000,8793.750,23.754,16554,2781,7237,1007,1548,1005,-319,0,0
8014874616,1099.403,141.764,382.714,2782.500,19083.750,253.750,23.797,18023,2324,6274,318,2181,29,-308,0,0
8014884024,958.615,226.493,437.675,-4121.250,28533.750,-9476.250,23.797,15715,3713,7175,-471,3261,-1083,-308,0,0
8014893438,780.129,278.160,524.234,-8776.250,25628.750,-9975.000,23.766,12789,4560,8594,-1003,2929,-1140,-316,0,0
8014902843,786.290,246.684,447.130,-10736.250,12503.750,-4226.250,23.766,12890,4044,7330,-1227,1429,-483,-316,0,0
8014912251,825.025,210.694,388.448,-13273.750,5460.000,-148.750,23.781,13525,3454,6368,-1517,624,-17,-312,0,0
8014921664,831.979,184.037,396.378,-16922.500,4672.500,428.750,23.781,13639,3017,6498,-1934,534,49,-312,0,0
8014931070,787.571,203.557,490.013,-17928.750,6973.750,-1128.750,23.770,12911,3337,8033,-2049,797,-129,-315,0,0
8014940482,751.459,247.538,638.792,-15750.000,7175.000,-1382.500,23.770,12319,4058,10472,-1800,820,-158,-315,0,0
8014949890,721.935,247.599,734.257,-10018.750,1636.250,-61.250,23.785,11835,4059,12037,-1145,187,-7,-311,0,0
8014959302,725.290,229.787,760.182,-3307.500,-7280.000,332.500,23.785,11890,3767,12462,-378,-832,38,-311,0,0
8014968708,756.705,234.301,702.781,3885.000,-14840.000,-787.500,23.734,12405,3841,11521,444,-1696,-90,-324,0,0
8014978116,820.877,247.782,607.682,9546.250,-15347.500,-2126.250,23.734,13457,4062,9962,1091,-1754,-243,-324,0,0
8014987529,847.656,253.638,554.307,14192.500,-6868.750,-2800.000,23.781,13896,4158,9087,1622,-785,-320,-312,0,0
8014996936,823.622,252.418,598.471,18637.500,4585.000,-2922.500,23.781,13502,4138,9811,2130,524,-334,-312,0,0
8015006350,795.074,253.943,636.230,23310.000,9983.750,-4068.750,23.789,13034,4163,10430,2664,1141,-465,-310,0,0
8015015756,782.691,258.274,640.500,27903.750,9196.250,-5285.000,23.789,12831,4234,10500,3189,1051,-604,-310,0,0
8015025169,758.474,261.812,628.666,32042.500,4620.000,-6028.750,23.781,12434,4292,10306,3662,528,-689,-312,0,0
8015034575,760.182,274.988,559.919,35735.000,-4996.250,-6343.750,23.781,12462,4508,9179,4084,-571,-725,-312,0,0
8015043983,806.603,293.471,456.280,35857.500,-14638.750,-7236.250,23.789,13223,4811,7480,4098,-1673,-827,-310,0,0
8015053396,822.585,288.896,391.010,31876.250,-19407.500,-8102.500,23.789,13485,4736,6410,3643,-2218,-926,-310,0,0
8015062804,872.239,289.933,380.457,24465.000,-21498.750,-9791.250,23.809,14299,4753,6237,2796,-2457,-1119,-305,0,0
8015072210,878.461,331.108,393.877,23021.250,-21078.750,-8513.750,23.809,14401,5428,6457,2631,-2409,-973,-305,0,0
8015081623,888.038,311.283,405.101,19110.000,-20553.750,-6483.750,23.789,14558,5103,6641,2184,-2349,-741,-310,0,0
8015091031,891.271,282.247,409.127,15715.000,-18847.500,-5005.000,23.789,14611,4627,6707,1796,-2154,-572,-310,0,0
8015100438,893.833,264.923,438.407,13842.500,-15662.500,-4147.500,23.754,14653,4343,7187,1582,-1790,-474,-319,0,0
8015109847,859.063,259.921,470.249,13413.750,-14035.000,-3815.000,23.754,14083,4261,7709,1533,-1604,-436,-319,0,0
8015119260,815.692,270.291,491.172,14017.500,-16205.000,-2520.000,23.813,13372,4431,8052,1602,-1852,-288,-304,0,0
8015128666,880.169,277.672,459.635,14000.000,-20466.250,-656.250,23.813,14429,4552,7535,1600,-2339,-75,-304,0,0
8015138081,1135.576,250.283,323.849,10937.500,-18322.500,-2003.750,23.797,18616,4103,5309,1250,-2094,-229,-308,0,0
8015147489,864.187,254.309,440.725,1968.750,-7463.750,-5810.000,23.797,14167,4169,7225,225,-853,-664,-308,0,0
8015156897,888.404,285.602,408.334,8.750,-7428.750,-3745.000,23.797,14564,4682,6694,1,-849,-428,-308,0,0
8015166303,883.097,243.695,420.839,-2931.250,-3535.000,-612.500,23.797,14477,3995,6899,-335,-404,-70,-308,0,0
8015175718,900.726,279.990,399.733,-2870.000,105.000,1592.500,23.773,14766,4590,6553,-328,12,182,-314,0,0
8015185125,886.940,322.995,389.546,-997.500,5880.000,8242.500,23.773,14540,5295,6386,-114,672,942,-314,0,0
8015194531,878.339,323.849,384.056,-6632.500,11331.250,12188.750,23.785,14399,5309,6296,-758,1295,1393,-311,0,0
8015203946,866.078,353.739,482.083,-14437.500,18681.250,18681.250,23.785,14198,5799,7903,-1650,2135,2135,-311,0,0
8015213352,875.777,229.665,545.340,-16310.000,18821.250,23756.250,23.797,14357,3765,8940,-1864,2151,2715,-308,0,0
8015222760,839.482,235.094,502.518,-10692.500,13667.500,23301.250,23.797,13762,3854,8238,-1222,1562,2663,-308,0,0
8015232174,837.408,196.420,499.346,-5320.000,10710.000,20825.000,23.785,13728,3220,8186,-608,1224,2380,-311,0,0
8015241581,866.871,149.694,530.517,-2555.000,6772.500,12950.000,23.785,14211,2454,8697,-292,774,1480,-311,0,0
8015250989,861.808,260.836,471.408,586.250,717.500,5381.250,23.777,14128,4276,7728,67,82,615,-313,0,0
8015260402,846.070,274.500,493.795,35.000,-1706.250,2161.250,23.777,13870,4500,8095,4,-195,247,-313,0,0
8015269811,861.747,248.087,487.085,-2143.750,-4970.000,-962.500,23.777,14127,4067,7985,-245,-568,-110,-313,0,0
8015279217,886.391,255.407,481.839,-3920.000,-8557.500,-4340.000,23.777,14531,4187,7899,-448,-978,-496,-313,0,0
8015288624,879.559,214.659,505.263,-7910.000,-14210.000,-9406.250,23.781,14419,3519,8283,-904,-1624,-1075,-312,0,0
8015298039,883.829,158.112,503.372,-11348.750,-21796.250,-16782.500,23.781,14489,2592,8252,-1297,-2491,-1918,-312,0,0
8015307446,866.871,100.833,529.114,-11235.000,-29268.750,-25602.500,23.793,14211,1653,8674,-1284,-3345,-2926,-309,0,0
8015316854,902.251,184.769,413.397,-7376.250,-34081.250,-31867.500,23.793,14791,3029,6777,-843,-3895,-3642,-309,0,0
8015326267,855.769,306.342,376.187,-4795.000,-27728.750,-28288.750,23.730,14029,5022,6167,-548,-3169,-3233,-325,0,0
8015335674,932.019,335.073,358.497,-10745.000,-22907.500,-22338.750,23.730,15279,5493,5877,-1228,-2618,-2553,-325,0,0
8015345081,863.089,311.283,401.563,-14778.750,-12906.250,-11777.500,23.758,14149,5103,6583,-1689,-1475,-1346,-318,0,0
8015354495,877.180,232.044,455.182,-21866.250,-6903.750,-6238.750,23.758,14380,3804,7462,-2499,-789,-713,-318,0,0
8015363903,861.137,241.499,503.311,-20825.000,-2730.000,-2135.000,23.797,14117,3959,8251,-2380,-312,-244,-308,0,0
8015373309,828.258,257.542,575.535,-17185.000,822.500,2948.750,23.797,13578,4222,9435,-1964,94,337,-308,0,0
8015382717,860.527,217.770,556.381,-14192.500,673.750,6860.000,23.789,14107,3570,9121,-1622,77,784,-310,0,0
8015392131,819.596,292.007,547.170,-11147.500,1356.250,7997.500,23.789,13436,4787,8970,-1274,155,914,-310,0,0
8015401539,827.160,395.402,509.594,-2598.750,4786.250,19652.500,23.770,13560,6482,8354,-297,547,2246,-315,0,0
8015410946,842.044,319.030,454.511,-4751.250,8881.250,29321.250,23.770,13804,5230,7451,-543,1015,3351,-315,0,0
8015420359,868.152,148.474,534.116,-8706.250,11882.500,30660.000,23.797,14232,2434,8756,-995,1358,3504,-308,0,0
8015429767,854.061,104.859,528.565,-3508.750,8575.000,24508.750,23.797,14001,1719,8665,-401,980,2801,-308,0,0
8015439174,889.136,155.062,477.264,6352.500,6947.500,19897.500,23.789,14576,2542,7824,726,794,2274,-310,0,0
8015448589,874.801,128.161,433.893,11821.250,5250.000,12206.250,23.789,14341,2101,7113,1351,600,1395,-310,0,0
8015457996,904.203,196.054,397.293,13930.000,5573.750,6545.000,23.730,14823,3214,6513,1592,637,748,-325,0,0
8015467402,915.549,219.783,400.038,9721.250,4007.500,455.000,23.730,15009,3603,6558,1111,458,52,-325,0,0
8015476811,895.053,204.777,473.543,3176.250,2511.250,-3596.250,23.777,14673,3357,7763,363,287,-411,-313,0,0
8015486224,906.521,127.246,582.550,953.750,-2397.500,-7787.500,23.777,14861,2086,9550,109,-274,-890,-313,0,0
8015495633,986.797,63.745,494.344,1102.500,-14183.750,-17053.750,23.789,16177,1045,8104,126,-1621,-1949,-310,0,0
8015505039,1066.951,144.021,318.969,3053.750,-11970.000,-25602.500,23.789,17491,2361,5229,349,-1368,-2926,-310,0,0
8015514452,963.922,291.580,360.083,3088.750,3788.750,-28586.250,23.773,15802,4780,5903,353,433,-3267,-314,0,0
8015523860,832.711,342.210,445.239,-2485.000,11366.250,-24491.250,23.773,13651,5610,7299,-284,1299,-2799,-314,0,0
8015533267,769.515,307.257,471.347,-9677.500,9082.500,-17561.250,23.738,12615,5037,7727,-1106,1038,-2007,-323,0,0
8015542681,743.102,255.468,500.200,-12783.750,5661.250,-11392.500,23.738,12182,4188,8200,-1461,647,-1302,-323,0,0
8015552089,724.497,250.954,538.813,-10360.000,1933.750,-6545.000,23.793,11877,4114,8833,-1184,221,-748,-309,0,0
8015561495,724.436,273.341,608.109,-7017.500,-2126.250,-1251.250,23.793,11876,4481,9969,-802,-243,-143,-309,0,0
8015570910,732.122,267.912,649.711,-5110.000,-7735.000,3290.000,23.766,12002,4392,10651,-584,-884,376,-316,0,0
8015580316,757.986,230.885,636.169,-2397.500,-14315.000,6282.500,23.766,12426,3785,10429,-274,-1636,718,-316,0,0
8015589724,788.913,199.836,612.562,1111.250,-20510.000,6466.250,23.777,12933,3276,10042,127,-2344,739,-313,0,0
8015599131,805.383,202.459,571.448,3920.000,-26381.250,4436.250,23.777,13203,3319,9368,448,-3015,507,-313,0,0
8015608545,806.298,228.079,536.983,5530.000,-31088.750,2511.250,23.785,13218,3739,8803,632,-3553,287,-311,0,0
8015617953,1158.512,226.859,427.732,5950.000,-33162.500,1330.000,23.785,18992,3719,7012,680,-3790,152,-311,0,0
8015627366,882.914,244.183,441.701,2187.500,-15286.250,-3718.750,23.762,14474,4003,7241,250,-1747,-425,-317,0,0
8015636774,846.619,245.037,515.389,3403.750,-13492.500,-3228.750,23.762,13879,4017,8449,389,-1542,-369,-317,0,0
8015646181,893.650,221.430,415.654,3106.250,-14866.250,-3762.500,23.762,14650,3630,6814,355,-1699,-430,-317,0,0
8015655594,832.467,213.805,566.995,3955.000,-10473.750,-3167.500,23.762,13647,3505,9295,452,-1197,-362,-317,0,0
8015665001,854.549,167.018,551.257,9765.000,-14026.250,-2817.500,23.828,14009,2738,9037,1116,-1603,-322,-300,0,0
8015674407,852.048,172.569,551.379,12162.500,-14358.750,-3850.000,23.828,13968,2829,9039,1390,-1641,-440,-300,0,0
8015683820,852.658,172.996,563.213,16362.500,-13921.250,-2660.000,23.746,13978,2836,9233,1870,-1591,-304,-321,0,0
8015693227,833.687,162.504,562.725,20527.500,-12845.000,-533.750,23.746,13667,2664,9225,2346,-1468,-61,-321,0,0
8015702634,837.530,142.435,568.886,25340.000,-10508.750,1286.250,23.793,13730,2335,9326,2896,-1201,147,-309,0,0
8015712048,847.107,178.181,498.065,31858.750,-7761.250,2100.000,23.793,13887,2921,8165,3641,-887,240,-309,0,0
8015721456,920.124,253.760,381.311,36741.250,-4121.250,5766.250,23.770,15084,4160,6251,4199,-471,659,-315,0,0
8015730862,928.481,321.531,267.058,29968.750,682.500,10001.250,23.770,15221,5271,4378,3425,78,1143,-315,0,0
8015740277,976.976,235.338,301.523,18112.500,6702.500,14385.000,23.797,16016,3858,4943,2070,766,1644,-308,0,0
8015749684,981.612,249.490,145.546,10508.750,8548.750,14673.750,23.797,16092,4090,2386,1201,977,1677,-308,0,0
8015759090,947.818,248.880,253.638,6956.250,14918.750,15102.500,23.762,15538,4080,4158,795,1705,1726,-317,0,0
8015768506,985.699,263.398,219.661,1093.750,16135.000,13965.000,23.762,16159,4318,3601,125,1844,1596,-317,0,0
8015777912,953.003,301.157,300.852,-4611.250,20037.500,13982.500,23.766,15623,4937,4932,-527,2290,1598,-316,0,0
8015787320,934.032,232.898,416.081,-9493.750,19040.000,12626.250,23.766,15312,3818,6821,-1085,2176,1443,-316,0,0
8015796734,910.364,237.412,484.035,-8855.000,11576.250,9450.000,23.766,14924,3892,7935,-1012,1323,1080,-316,0,0
8015806140,897.188,220.454,526.613,-7332.500,3220.000,4943.750,23.766,14708,3614,8633,-838,368,565,-316,0,0
8015815548,824.903,168.360,588.467,-9152.500,-5320.000,-2108.750,23.746,13523,2760,9647,-1046,-608,-241,-321,0,0
8015824961,797.880,143.411,600.789,-8793.750,-13711.250,-10981.250,23.746,13080,2351,9849,-1005,-1567,-1255,-321,0,0
8015834367,727.608,180.621,653.310,-8400.000,-11821.250,-17657.500,23.762,11928,2961,10710,-960,-1351,-2018,-317,0,0
8015843774,787.632,289.445,700.341,-2310.000,-12153.750,-16065.000,23.762,12912,4745,11481,-264,-1389,-1836,-317,0,0
8015853188,758.047,252.845,722.667,5451.250,-11077.500,-7385.000,23.777,12427,4145,11847,623,-1266,-844,-313,0,0
8015862593,800.442,197.457,705.648,6440.000,-12241.250,-2283.750,23.777,13122,3237,11568,736,-1399,-261,-313,0,0
8015872005,818.437,141.398,661.545,11165.000,-17508.750,350.000,23.766,13417,2318,10845,1276,-2001,40,-316,0,0
8015881414,867.542,79.178,532.530,15286.250,-22898.750,-1216.250,23.766,14222,1298,8730,1747,-2617,-139,-316,0,0
8015890826,906.887,163.175,441.762,18506.250,-23021.250,-4042.500,23.754,14867,2675,7242,2115,-2631,-462,-319,0,0
8015900231,914.268,217.770,339.099,19696.250,-20387.500,-2257.500,23.754,14988,3570,5559,2251,-2330,-258,-319,0,0
8015909645,920.978,188.368,331.291,12075.000,-13956.250,-1023.750,23.805,15098,3088,5431,1380,-1595,-117,-306,0,0
8015919052,912.682,185.196,359.839,6921.250,-7840.000,-586.250,23.805,14962,3036,5899,791,-896,-67,-306,0,0
8015928458,915.976,231.007,358.009,7525.000,-1391.250,2345.000,23.758,15016,3787,5869,860,-159,268,-318,0,0
8015937873,907.619,300.608,406.809,8443.750,6702.500,10080.000,23.758,14879,4928,6669,965,766,1152,-318,0,0
8015947280,889.197,338.672,442.067,4926.250,12722.500,19433.750,23.762,14577,5552,7247,563,1454,2221,-317,0,0
8015956686,763.842,462.441,407.175,3158.750,20212.500,36102.500,23.762,12522,7581,6675,361,2310,4126,-317,0,0
8015966100,922.442,345.077,551.867,-1242.500,26643.750,54591.250,23.805,15122,5657,9047,-142,3045,6239,-306,0,0
8015975506,822.158,280.539,466.772,-7420.000,25191.250,68372.500,23.805,13478,4599,7652,-848,2879,7814,-306,0,0
8015984920,787.266,204.533,579.500,-12188.750,30152.500,76798.750,23.758,12906,3353,9500,-1393,3446,8777,-318,0,0
8015994328,762.500,104.798,650.992,-9633.750,31088.750,80683.750,23.758,12500,1718,10672,-1101,3553,9221,-318,0,0
8016003733,798.795,101.809,662.033,-2563.750,30336.250,82871.250,23.773,13095,1669,10853,-293,3467,9471,-314,0,0
8016013147,788.181,71.858,697.718,2493.750,28883.750,81208.750,23.773,12921,1178,11438,285,3301,9281,-314,0,0
8016022555,782.020,24.461,685.274,-516.250,21813.750,70393.750,23.789,12820,401,11234,-59,2493,8045,-310,0,0
8016031960,777.811,45.628,661.057,-2485.000,14752.500,58651.250,23.789,12751,748,10837,-284,1686,6703,-310,0,0
8016041373,936.411,-20.496,612.440,822.500,6387.500,46313.750,23.789,15351,-336,10040,94,730,5293,-310,0,0
8016050781,885.659,-2.074,485.499,-17.500,-1400.000,30773.750,23.789,14519,-34,7959,-2,-160,3517,-310,0,0
8016060195,969.778,37.698,434.076,3088.750,-5740.000,18882.500,23.813,15898,618,7116,353,-656,2158,-304,0,0
8016069600,1006.805,1.220,411.933,630.000,-10395.000,5871.250,23.813,16505,20,6753,72,-1188,671,-304,0,0
8016079012,970.693,101.992,286.151,-1680.000,-16843.750,-5845.000,23.816,15913,1672,4691,-192,-1925,-668,-303,0,0
8016088420,977.708,101.260,246.806,-8225.000,-16091.250,-13291.250,23.816,16028,1660,4046,-940,-1839,-1519,-303,0,0
8016097826,1003.023,28.426,292.434,-18410.000,-11733.750,-20545.000,23.781,16443,466,4794,-2104,-1341,-2348,-312,0,0
8016107237,958.615,-160.186,477.935,-26915.000,-11760.000,-34527.500,23.781,15715,-2626,7835,-3076,-1344,-3946,-312,0,0
8016116650,997.167,-219.661,482.327,-34650.000,-27475.000,-62125.000,23.832,16347,-3601,7907,-3960,-3140,-7100,-299,0,0
8016126056,929.091,25.559,424.743,-25908.750,-34860.000,-77210.000,23.832,15231,419,6963,-2961,-3984,-8824,-299,0,0
8016135464,914.085,203.801,393.877,-1575.000,-31727.500,-71365.000,23.766,14985,3341,6457,-180,-3626,-8156,-316,0,0
8016144877,833.016,174.887,430.477,8671.250,-30782.500,-60768.750,23.766,13656,2867,7057,991,-3518,-6945,-316,0,0
8016154285,872.300,311.100,437.858,3780.000,-22058.750,-49813.750,23.766,14300,5100,7178,432,-2521,-5693,-316,0,0
8016163690,969.229,323.483,491.233,2450.000,-19416.250,-35175.000,23.766,15889,5303,8053,280,-2219,-4020,-316,0,0
8016173103,821.304,269.803,571.204,3631.250,-15522.500,-19250.000,23.730,13464,4423,9364,415,-1774,-2200,-325,0,0
8016182514,857.782,221.430,494.100,4200.000,-18497.500,-9406.250,23.730,14062,3630,8100,480,-2114,-1075,-325,0,0
8016191925,954.223,145.973,389.119,2931.250,-17613.750,-4068.750,23.789,15643,2393,6379,335,-2013,-465,-310,0,0
8016201329,872.117,104.859,440.664,3981.250,-11611.250,-3237.500,23.789,14297,1719,7224,455,-1327,-370,-310,0,0
8016210743,899.689,59.353,382.836,12346.250,-4865.000,-1303.750,23.762,14749,973,6276,1411,-556,-149,-317,0,0
8016220150,896.212,-21.228,470.676,13326.250,3570.000,-7577.500,23.762,14692,-348,7716,1523,408,-866,-317,0,0
8016229556,990.762,-15.921,518.927,16415.000,3797.500,-17430.000,23.797,16242,-261,8507,1876,434,-1992,-308,0,0
8016238967,1301.252,13.908,339.709,20623.750,9730.000,-28148.750,23.797,21332,228,5569,2357,1112,-3217,-308,0,0
8016248379,1255.197,58.194,269.559,21306.250,35927.500,-39567.500,23.773,20577,954,4419,2435,4106,-4522,-314,0,0
8016257790,997.655,128.710,332.145,19390.000,56052.500,-47013.750,23.773,16355,2110,5445,2216,6406,-5373,-314,0,0
8016267195,772.626,232.471,420.290,15566.250,57268.750,-47845.000,23.766,12666,3811,6890,1779,6545,-5468,-316,0,0
8016276606,670.146,290.604,445.971,8846.250,44695.000,-41378.750,23.766,10986,4764,7311,1011,5108,-4729,-316,0,0
8016286012,625.555,265.411,469.578,-4532.500,25576.250,-30992.500,23.789,10255,4351,7698,-518,2923,-3542,-310,0,0
8016295422,740.906,186.660,387.899,-17946.250,6028.750,-21717.500,23.789,12146,3060,6359,-2051,689,-2482,-310,0,0
8016304834,794.830,149.206,376.492,-26678.750,-2808.750,-16975.000,23.793,13030,2446,6172,-3049,-321,-1940,-309,0,0
8016314242,842.471,134.139,486.902,-24368.750,-4445.000,-12582.500,23.793,13811,2199,7982,-2785,-508,-1438,-309,0,0
8016323655,846.558,139.385,603.046,-20413.750,-5967.500,-11917.500,23.762,13878,2285,9886,-2333,-682,-1362,-317,0,0
8016333060,820.755,99.247,749.385,-18760.000,-10710.000,-14612.500,23.762,13455,1627,12285,-2144,-1224,-1670,-317,0,0
8016342473,796.599,157.319,788.730,-12162.500,-21253.750,-17587.500,23.738,13059,2579,12930,-1390,-2429,-2010,-323,0,0
8016351881,793.305,145.668,712.114,-9371.250,-31062.500,-20107.500,23.738,13005,2388,11674,-1071,-3550,-2298,-323,0,0
8016361286,811.056,120.475,662.033,-5617.500,-33153.750,-23686.250,23.816,13296,1975,10853,-642,-3789,-2707,-303,0,0
8016370698,805.139,108.336,625.250,1050.000,-30493.750,-29618.750,23.816,13199,1776,10250,120,-3485,-3385,-303,0,0
8016380110,771.772,149.084,568.581,10981.250,-24718.750,-34737.500,23.801,12652,2444,9321,1255,-2825,-3970,-307,0,0
8016389518,749.690,225.822,545.645,18130.000,-13413.750,-35490.000,23.801,12290,3702,8945,2072,-1533,-4056,-307,0,0
8016398924,732.305,317.627,641.354,21131.250,-1443.750,-32882.500,23.746,12005,5207,10514,2415,-165,-3758,-321,0,0
8016408336,748.226,334.463,682.834,23196.250,4681.250,-27116.250,23.746,12266,5483,11194,2651,535,-3099,-321,0,0
8016417743,765.611,330.071,701.439,23782.500,9056.250,-20877.500,23.801,12551,5411,11499,2718,1035,-2386,-307,0,0
8016427156,767.807,266.082,760.792,25261.250,11383.750,-16511.250,23.801,12587,4362,12472,2887,1301,-1887,-307,0,0
8016436563,729.804,213.622,805.383,32935.000,7770.000,-13378.750,23.750,11964,3502,13203,3764,888,-1529,-320,0,0
8016445974,709.918,177.693,717.970,42271.250,-3850.000,-13475.000,23.750,11638,2913,11770,4831,-440,-1540,-320,0,0
8016455386,759.084,233.264,555.466,47512.500,-16642.500,-16353.750,23.785,12444,3824,9106,5430,-1902,-1869,-311,0,0
8016464790,837.835,240.645,447.801,44931.250,-22785.000,-19293.750,23.785,13735,3945,7341,5135,-2604,-2205,-311,0,0
8016474202,864.919,278.282,403.820,42953.750,-22688.750,-21262.500,23.766,14179,4562,6620,4909,-2593,-2430,-316,0,0
8016483613,861.198,275.598,402.112,38543.750,-21953.750,-21577.500,23.766,14118,4518,6592,4405,-2509,-2466,-316,0,0
8016493017,879.803,335.256,396.988,35673.750,-23458.750,-20230.000,23.762,14423,5496,6508,4077,-2681,-2312,-317,0,0
8016502428,934.337,380.823,354.044,31027.500,-24106.250,-13667.500,23.762,15317,6243,5804,3546,-2755,-1562,-317,0,0
8016511840,959.347,328.302,348.615,23537.500,-19705.000,-7691.250,23.699,15727,5382,5715,2690,-2252,-879,-333,0,0
8016521245,948.062,264.496,383.141,15085.000,-15172.500,-6151.250,23.699,15542,4336,6281,1724,-1734,-703,-333,0,0
8016530657,922.625,239.120,417.362,10360.000,-13142.500,-7288.750,23.770,15125,3920,6842,1184,-1502,-833,-315,0,0
8016540069,888.953,248.392,417.362,8478.750,-13133.750,-8671.250,23.770,14573,4072,6842,969,-1501,-991,-315,0,0
8016549476,872.666,266.570,421.815,6842.500,-12066.250,-9021.250,23.777,14306,4370,6915,782,-1379,-1031,-313,0,0
8016558882,855.342,271.084,459.879,4943.750,-10613.750,-9152.500,23.777,14022,4444,7539,565,-1213,-1046,-313,0,0
8016568293,828.136,278.587,490.318,3885.000,-11453.750,-8776.250,23.789,13576,4567,8038,444,-1309,-1003,-310,0,0
8016577704,820.633,282.735,504.348,3613.750,-14043.750,-7481.250,23.789,13453,4635,8268,413,-1605,-855,-310,0,0
8016587116,828.624,272.792,504.165,3053.750,-16712.500,-5845.000,23.797,13584,4472,8265,349,-1910,-668,-308,0,0
8016596521,843.569,267.790,498.065,3403.750,-19040.000,-5022.500,23.797,13829,4390,8165,389,-2176,-574,-308,0,0
8016605934,1000.156,280.844,444.568,3850.000,-19958.750,-5057.500,23.793,16396,4604,7288,440,-2281,-578,-309,0,0
8016615342,939.156,277.367,388.875,1181.250,-10946.250,-7140.000,23.793,15396,4547,6375,135,-1251,-816,-309,0,0
8016624747,848.754,267.546,506.849,-3640.000,-7936.250,-8671.250,23.742,13914,4386,8309,-416,-907,-991,-322,0,0
8016634159,885.232,262.483,440.786,-420.000,-11016.250,-8041.250,23.742,14512,4303,7226,-48,-1259,-919,-322,0,0
8016643570,844.789,233.386,483.669,43.750,-9712.500,-8242.500,23.773,13849,3826,7929,5,-1110,-942,-314,0,0
8016652981,890.844,267.363,449.204,1916.250,-10648.750,-8531.250,23.773,14604,4383,7364,219,-1217,-975,-314,0,0
8016662386,860.405,249.978,512.827,3421.250,-9178.750,-6973.750,23.746,14105,4098,8407,391,-1049,-797,-321,0,0
8016671797,871.995,238.266,491.294,3858.750,-12092.500,-6256.250,23.746,14295,3906,8054,441,-1382,-715,-321,0,0
8016681208,866.627,242.414,477.386,4690.000,-12022.500,-5145.000,23.777,14207,3974,7826,536,-1374,-588,-313,0,0
8016690613,867.603,224.419,484.218,4576.250,-10403.750,-3438.750,23.777,14223,3679,7938,523,-1189,-393,-313,0,0
8016700024,884.622,201.544,456.646,3762.500,-9423.750,-2073.750,23.793,14502,3304,7486,430,-1077,-237,-309,0,0
8016709435,914.451,292.983,407.663,3876.250,-5215.000,910.000,23.793,14991,4803,6683,443,-596,104,-309,0,0
8016718846,866.871,404.674,386.801,4348.750,5915.000,13711.250,23.797,14211,6634,6341,497,676,1567,-308,0,0
8016728251,888.221,348.005,411.079,4585.000,19048.750,31001.250,23.797,14561,5705,6739,524,2177,3543,-308,0,0
8016737662,805.810,370.331,313.601,-2327.500,27361.250,39987.500,23.773,13210,6071,5141,-266,3127,4570,-314,0,0
8016747074,918.172,304.207,525.820,-6352.500,38710.000,51590.000,23.773,15052,4987,8620,-726,4424,5896,-314,0,0
8016756478,862.845,283.284,499.712,-3395.000,34518.750,53786.250,23.781,14145,4644,8192,-388,3945,6147,-312,0,0
8016765889,801.235,301.950,474.702,-840.000,31963.750,59508.750,23.781,13135,4950,7782,-96,3653,6801,-312,0,0
8016775301,893.955,176.107,524.112,-1548.750,27720.000,57557.500,23.762,14655,2887,8592,-177,3168,6578,-317,0,0
8016784712,860.161,82.411,544.425,-2240.000,21411.250,46821.250,23.762,14101,1351,8925,-256,2447,5351,-317,0,0
8016794116,835.578,77.104,580.232,1968.750,13956.250,33241.250,23.773,13698,1264,9512,225,1595,3799,-314,0,0
8016803528,858.758,88.755,556.564,6693.750,4891.250,19302.500,23.773,14078,1455,9124,765,559,2206,-314,0,0
8016812938,855.708,110.654,548.634,9511.250,-3053.750,3876.250,23.797,14028,1814,8994,1087,-349,443,-308,0,0
8016822343,852.902,211.060,498.675,13335.000,-9292.500,-7385.000,23.797,13982,3460,8175,1524,-1062,-844,-308,0,0
8016831756,845.399,291.580,475.190,17202.500,-9940.000,-10071.250,23.797,13859,4780,7790,1966,-1136,-1151,-308,0,0
8016841163,867.847,209.291,526.064,15898.750,-9686.250,-11926.250,23.797,14227,3431,8624,1817,-1107,-1363,-308,0,0
8016850576,839.177,42.639,594.628,12486.250,-14437.500,-23196.250,23.820,13757,699,9748,1427,-1650,-2651,-302,0,0
8016859981,836.310,50.630,611.769,15706.250,-25296.250,-40311.250,23.820,13710,830,10029,1795,-2891,-4607,-302,0,0
8016869392,858.819,133.468,500.993,30870.000,-32401.250,-47101.250,23.789,14079,2188,8213,3528,-3703,-5383,-310,0,0
8016878804,888.160,234.362,447.557,37878.750,-29688.750,-48746.250,23.789,14560,3842,7337,4329,-3393,-5571,-310,0,0
8016888208,867.847,353.983,466.650,38753.750,-24281.250,-47241.250,23.773,14227,5803,7650,4429,-2775,-5399,-314,0,0
8016897620,821.060,394.426,450.485,32051.250,-23012.500,-40643.750,23.773,13460,6466,7385,3663,-2630,-4645,-314,0,0
8016907031,780.739,390.766,400.892,22688.750,-22356.250,-29715.000,23.766,12799,6406,6572,2593,-2555,-3396,-316,0,0
8016916442,739.869,354.593,425.780,14411.250,-19066.250,-17797.500,23.766,12129,5813,6980,1647,-2179,-2034,-316,0,0
8016925846,983.015,322.568,507.032,11103.750,-16651.250,-5845.000,23.762,16115,5288,8312,1269,-1903,-668,-317,0,0
8016935258,922.625,249.429,410.225,7778.750,-10920.000,-4322.500,23.762,15125,4089,6725,889,-1248,-494,-317,0,0
8016944670,866.383,219.600,469.090,1968.750,-7752.500,-4401.250,23.766,14203,3600,7690,225,-886,-503,-316,0,0
8016954074,888.709,245.708,482.266,3053.750,-8732.500,-4523.750,23.766,14569,4028,7906,349,-998,-517,-316,0,0
8016963485,887.184,236.070,497.699,3911.250,-12110.000,-4340.000,23.762,14544,3870,8159,447,-1384,-496,-317,0,0
8016972896,911.645,232.227,415.105,4226.250,-16913.750,-3928.750,23.762,14945,3807,6805,483,-1933,-449,-317,0,0
8016982307,920.063,280.051,351.604,1706.250,-18191.250,-4322.500,23.793,15083,4591,5764,195,-2079,-494,-309,0,0
8016991712,941.779,261.690,297.924,-3351.250,-16931.250,-2913.750,23.793,15439,4290,4884,-383,-1935,-333,-309,0,0
8017001123,980.514,245.586,314.150,-9476.250,-13720.000,-2091.250,23.789,16074,4026,5150,-1083,-1568,-239,-310,0,0
8017010534,965.752,289.994,305.793,-14245.000,-14078.750,542.500,23.789,15832,4754,5013,-1628,-1609,62,-310,0,0
8017019939,1016.931,347.517,135.969,-22085.000,-13273.750,5223.750,23.797,16671,5697,2229,-2524,-1517,597,-308,0,0
8017029352,993.324,306.708,230.824,-29942.500,-2493.750,10421.250,23.797,16284,5028,3784,-3422,-285,1191,-308,0,0
8017038764,966.911,375.760,267.302,-25357.500,2957.500,19425.000,23.813,15851,6160,4382,-2898,338,2220,-304,0,0
8017048170,936.350,322.141,341.112,-32226.250,4243.750,27273.750,23.813,15350,5281,5592,-3683,485,3117,-304,0,0
8017057576,942.206,213.744,420.778,-43268.750,1461.250,30012.500,23.789,15446,3504,6898,-4945,167,3430,-310,0,0
8017066988,804.834,147.254,523.075,-37896.250,1426.250,30616.250,23.789,13194,2414,8575,-4331,163,3499,-310,0,0
8017076400,899.750,83.082,539.240,-33337.500,3771.250,25270.000,23.789,14750,1362,8840,-3810,431,2888,-310,0,0
8017085804,1008.147,63.074,613.599,-25550.000,18698.750,14323.750,23.789,16527,1034,10059,-2920,2137,1637,-310,0,0
8017095217,898.530,118.279,709.430,-11541.250,35210.000,3465.000,23.770,14730,1939,11630,-1319,4024,396,-315,0,0
8017104623,693.448,201.056,739.625,980.000,38246.250,-3132.500,23.770,11368,3296,12125,112,4371,-358,-315,0,0
8017114037,557.052,243.878,675.453,5731.250,27081.250,-5127.500,23.781,9132,3998,11073,655,3095,-586,-312,0,0
8017123442,558.577,242.414,601.826,6195.000,11200.000,-4217.500,23.781,9157,3974,9866,708,1280,-482,-312,0,0
8017132853,620.675,250.222,575.840,6466.250,-2905.000,-1172.500,23.777,10175,4102,9440,739,-332,-134,-313,0,0
8017142265,698.511,274.317,614.880,7297.500,-12390.000,4016.250,23.777,11451,4497,10080,834,-1416,459,-313,0,0
8017151670,759.999,272.670,609.268,8610.000,-18926.250,9292.500,23.777,12459,4470,9988,984,-2163,1062,-313,0,0
8017161080,807.396,243.695,566.873,9913.750,-23625.000,13247.500,23.777,13236,3995,9293,1133,-2700,1514,-313,0,0
8017170492,811.971,207.522,562.725,10316.250,-27326.250,14323.750,23.781,13311,3402,9225,1179,-3123,1637,-312,0,0
8017179903,802.211,181.109,549.854,10850.000,-32838.750,13116.250,23.781,13151,2969,9014,1240,-3753,1499,-312,0,0
8017189307,1294.847,133.285,321.714,10596.250,-33950.000,6798.750,23.762,21227,2185,5274,1211,-3880,777,-317,0,0
8017198719,834.236,135.481,512.400,5810.000,-14087.500,-3701.250,23.762,13676,2221,8400,664,-1610,-423,-317,0,0
8017208130,883.768,231.007,423.889,9266.250,-16651.250,-4646.250,23.762,14488,3787,6949,1059,-1903,-531,-317,0,0
8017217536,874.679,236.497,447.801,7743.750,-11418.750,-542.500,23.762,14339,3877,7341,885,-1305,-62,-317,0,0
8017226945,870.043,147.620,490.257,9660.000,-5827.500,7341.250,23.754,14263,2420,8037,1104,-666,839,-319,0,0
8017236357,898.103,112.057,461.099,11900.000,-1741.250,9458.750,23.754,14723,1837,7559,1360,-199,1081,-319,0,0
8017245763,866.627,224.663,456.036,20002.500,2205.000,12398.750,23.801,14207,3683,7476,2286,252,1417,-307,0,0
8017255178,972.462,239.425,353.312,24701.250,2196.250,18541.250,23.801,15942,3925,5792,2823,251,2119,-307,0,0
8017264584,965.142,195.993,249.307,12985.000,2126.250,16266.250,23.770,15822,3213,4087,1484,243,1859,-315,0,0
8017273995,961.116,198.433,269.132,4733.750,6020.000,15391.250,23.770,15756,3253,4412,541,688,1759,-315,0,0
8017283400,963.983,171.776,296.521,516.250,8487.500,11628.750,23.750,15803,2816,4861,59,970,1329,-320,0,0
8017292813,935.679,248.148,343.979,-96.250,10640.000,11322.500,23.750,15339,4068,5639,-11,1216,1294,-320,0,0
8017302218,919.941,291.092,420.351,-1557.500,12153.750,13037.500,23.781,15081,4772,6891,-178,1389,1490,-312,0,0
8017311633,901.031,283.894,470.920,-2896.250,7148.750,17596.250,23.781,14771,4654,7720,-331,817,2011,-312,0,0
8017321037,881.389,197.091,518.256,-8688.750,1671.250,17403.750,23.730,14449,3231,8496,-993,191,1989,-325,0,0
8017330449,850.706,135.115,557.174,-13107.500,-3683.750,11156.250,23.730,13946,2215,9134,-1498,-421,1275,-325,0,0
8017339860,810.019,89.731,606.645,-11873.750,-8461.250,2625.000,23.762,13279,1471,9945,-1357,-967,300,-317,0,0
8017349272,798.368,93.086,666.608,-9108.750,-12967.500,-8260.000,23.762,13088,1526,10928,-1041,-1482,-944,-317,0,0
8017358677,789.340,120.597,717.970,-945.000,-21665.000,-15968.750,23.789,12940,1977,11770,-108,-2476,-1825,-310,0,0
8017368088,830.210,199.470,599.386,4480.000,-26346.250,-19775.000,23.789,13610,3270,9826,512,-3011,-2260,-310,0,0
8017377493,823.988,308.172,641.049,10053.750,-22382.500,-14910.000,23.758,13508,5052,10509,1149,-2558,-1704,-318,0,0
8017386908,840.702,221.674,581.330,15225.000,-24806.250,-6046.250,23.758,13782,3634,9530,1740,-2835,-691,-318,0,0
8017396314,871.385,160.125,424.377,13440.000,-26153.750,-2966.250,23.785,14285,2625,6957,1536,-2989,-339,-311,0,0
8017405727,858.453,78.263,398.940,12486.250,-19250.000,-4803.750,23.785,14073,1283,6540,1427,-2200,-549,-311,0,0
8017415131,931.531,140.178,408.883,17508.750,-12591.250,-7883.750,23.754,15271,2298,6703,2001,-1439,-901,-319,0,0
8017424542,896.517,155.916,411.994,24797.500,-8688.750,-6457.500,23.754,14697,2556,6754,2834,-993,-738,-319,0,0
8017433953,908.961,89.182,395.036,21078.750,-4173.750,-7052.500,23.777,14901,1462,6476,2409,-477,-806,-313,0,0
8017443359,868.030,-13.115,392.169,18165.000,568.750,-13186.250,23.777,14230,-215,6429,2076,65,-1507,-313,0,0
8017452773,970.876,56.242,345.504,23353.750,5337.500,-20781.250,23.766,15916,922,5664,2669,610,-2375,-316,0,0
8017462179,955.565,155.489,382.836,39593.750,8723.750,-18838.750,23.766,15665,2549,6276,4525,997,-2153,-316,0,0
8017471592,993.568,194.163,240.889,37248.750,5783.750,-18742.500,23.828,16288,3183,3949,4257,661,-2142,-300,0,0
8017480996,988.566,208.071,223.382,23213.750,9800.000,-19635.000,23.828,16206,3411,3662,2653,1120,-2244,-300,0,0
8017490411,1093.425,288.713,264.618,14892.500,15365.000,-17867.500,23.777,17925,4733,4338,1702,1756,-2042,-313,0,0
8017499818,1211.277,282.430,221.125,8540.000,22365.000,-12792.500,23.777,19857,4630,3625,976,2556,-1462,-313,0,0
8017509230,1157.109,185.928,218.807,-5293.750,33398.750,-12993.750,23.809,18969,3048,3587,-605,3817,-1485,-305,0,0
8017518636,1026.142,140.849,317.505,-15111.250,41492.500,-17158.750,23.809,16822,2309,5205,-1727,4742,-1961,-305,0,0
8017528044,862.906,131.882,424.011,-20046.250,38368.750,-21262.500,23.781,14146,2162,6951,-2291,4385,-2430,-312,0,0
8017537456,792.451,141.032,439.078,-21087.500,22688.750,-21918.750,23.781,12991,2312,7198,-2410,2593,-2505,-312,0,0
8017546861,797.941,159.088,369.355,-21656.250,6728.750,-20728.750,23.758,13081,2608,6055,-2475,769,-2369,-318,0,0
8017556273,797.575,189.100,386.008,-26092.500,-2318.750,-19608.750,23.758,13075,3100,6328,-2982,-265,-2241,-318,0,0
8017565681,787.693,217.099,442.006,-32602.500,-8557.500,-17482.500,23.746,12913,3559,7246,-3726,-978,-1998,-321,0,0
8017575094,803.492,242.658,505.263,-36557.500,-10648.750,-13632.500,23.746,13172,3978,8283,-4178,-1217,-1558,-321,0,0
8017584499,799.649,224.114,660.569,-35770.000,-8723.750,-8916.250,23.711,13109,3674,10829,-4088,-997,-1019,-330,0,0
8017593910,782.447,187.209,762.988,-29496.250,-10727.500,-5897.500,23.711,12827,3069,12508,-3371,-1226,-674,-330,0,0
8017603321,777.140,171.227,754.204,-22032.500,-15680.000,-5705.000,23.773,12740,2807,12364,-2518,-1792,-652,-314,0,0
8017612727,803.309,186.538,691.923,-14113.750,-17395.000,-6947.500,23.773,13169,3058,11343,-1613,-1988,-794,-314,0,0
8017622142,789.950,219.112,632.082,-8303.750,-14000.000,-8260.000,23.734,12950,3592,10362,-949,-1600,-944,-324,0,0
8017631548,775.188,235.338,614.575,-4803.750,-8338.750,-9082.500,23.734,12708,3858,10075,-549,-953,-1038,-324,0,0
8017640960,772.504,226.859,634.278,-822.500,-2196.250,-9642.500,23.789,12664,3719,10398,-94,-251,-1102,-310,0,0
8017650364,770.369,216.489,662.338,3482.500,1050.000,-11217.500,23.789,12629,3549,10858,398,120,-1282,-310,0,0
8017659778,803.004,204.777,652.212,8697.500,1802.500,-14516.250,23.789,13164,3357,10692,994,206,-1659,-310,0,0
8017669186,815.570,201.117,647.149,13851.250,2957.500,-19285.000,23.789,13370,3297,10609,1583,338,-2204,-310,0,0
8017678592,785.558,170.678,642.757,19022.500,3535.000,-23047.500,23.750,12878,2798,10537,2174,404,-2634,-320,0,0
8017688004,796.721,143.045,651.236,24473.750,3535.000,-28971.250,23.750,13061,2345,10676,2797,404,-3311,-320,0,0
8017697416,752.496,233.508,661.972,37581.250,2240.000,-32707.500,23.785,12336,3828,10852,4295,256,-3738,-311,0,0
8017706823,733.159,296.826,640.866,45395.000,-3893.750,-31963.750,23.785,12019,4866,10506,5188,-445,-3653,-311,0,0
8017716229,737.673,351.543,553.453,47311.250,-13483.750,-28752.500,23.762,12093,5763,9073,5407,-1541,-3286,-317,0,0
8017725641,797.697,343.186,459.940,43382.500,-21682.500,-24727.500,23.762,13077,5626,7540,4958,-2478,-2826,-317,0,0
8017735051,857.721,382.592,397.049,42927.500,-24841.250,-21131.250,23.762,14061,6272,6509,4906,-2839,-2415,-317,0,0
8017744463,860.527,367.037,380.945,34720.000,-24500.000,-19101.250,23.762,14107,6017,6245,3968,-2800,-2183,-317,0,0
8017753869,859.490,297.375,413.580,23633.750,-23327.500,-18620.000,23.793,14090,4875,6780,2701,-2666,-2128,-309,0,0
8017763276,871.446,277.245,448.899,22050.000,-23091.250,-18567.500,23.793,14286,4545,7359,2520,-2639,-2122,-309,0,0
8017772690,885.415,273.219,441.762,22128.750,-23502.500,-19293.750,23.781,14515,4479,7242,2529,-2686,-2205,-312,0,0
8017782095,886.269,286.639,416.081,21210.000,-23108.750,-18550.000,23.781,14529,4699,6821,2424,-2641,-2120,-312,0,0
8017791503,873.703,299.693,407.907,19967.500,-21787.500,-16257.500,23.742,14323,4913,6687,2282,-2490,-1858,-322,0,0
8017800917,863.516,313.662,411.323,18261.250,-20702.500,-13020.000,23.742,14156,5142,6743,2087,-2366,-1488,-322,0,0
8017810322,858.819,303.841,436.333,16607.500,-20571.250,-9957.500,23.777,14079,4981,7153,1898,-2351,-1138,-313,0,0
8017819735,859.673,275.293,455.243,15076.250,-23283.750,-8898.750,23.777,14093,4513,7463,1723,-2661,-1017,-313,0,0
8017829141,847.412,262.483,452.498,14376.250,-27238.750,-9537.500,23.773,13892,4303,7418,1643,-3113,-1090,-314,0,0
8017838555,950.624,285.175,418.948,14498.750,-30073.750,-9870.000,23.773,15584,4675,6868,1657,-3437,-1128,-314,0,0
8017847960,1080.920,335.622,274.805,12092.500,-20711.250,-10858.750,23.770,17720,5502,4505,1382,-2367,-1241,-315,0,0
8017857373,859.795,309.697,468.358,1828.750,-9082.500,-10027.500,23.770,14095,5077,7678,209,-1038,-1146,-315,0,0
8017866781,905.057,301.340,412.055,-402.500,-11576.250,-6650.000,23.789,14837,4940,6755,-46,-1323,-760,-310,0,0
8017876193,864.858,243.085,467.321,-3123.750,-7525.000,-3001.250,23.789,14178,3985,7661,-357,-860,-343,-310,0,0
8017885599,870.531,208.986,481.656,-2791.250,-6536.250,-848.750,23.773,14271,3426,7896,-319,-747,-97,-314,0,0
8017895011,899.445,240.950,440.969,-1137.500,-5512.500,472.500,23.773,14745,3950,7229,-130,-630,54,-314,0,0
8017904419,915.427,337.696,387.350,-953.750,297.500,5565.000,23.750,15007,5536,6350,-109,34,636,-320,0,0
8017913825,845.826,389.363,393.938,-3360.000,10018.750,16222.500,23.750,13866,6383,6458,-384,1145,1854,-320,0,0
8017923238,892.552,354.776,406.504,-5451.250,21262.500,30108.750,23.777,14632,5816,6664,-623,2430,3441,-313,0,0
8017932646,839.726,351.665,378.932,-9283.750,30756.250,40958.750,23.777,13766,5765,6212,-1061,3515,4681,-313,0,0
8017942053,912.255,274.866,499.529,-13763.750,40311.250,50295.000,23.762,14955,4506,8189,-1573,4607,5748,-317,0,0
8017951468,805.444,239.852,467.565,-13370.000,36898.750,49061.250,23.762,13204,3932,7665,-1528,4217,5607,-317,0,0
8017960874,891.271,242.353,504.226,96.250,34230.000,51607.500,23.773,14611,3973,8266,11,3912,5898,-314,0,0
8017970281,863.394,263.032,427.183,5573.750,25655.000,44765.000,23.773,14154,4312,7003,637,2932,5116,-314,0,0
8017979695,889.624,223.748,421.327,2196.250,22347.500,39515.000,23.781,14584,3668,6907,251,2554,4516,-312,0,0
8017989101,854.732,211.243,479.094,-2563.750,19267.500,32112.500,23.781,14012,3463,7854,-293,2202,3670,-312,0,0
8017998514,870.104,129.991,536.861,1977.500,13457.500,22881.250,23.770,14264,2131,8801,226,1538,2615,-315,0,0
8018007922,853.878,106.201,531.554,4156.250,5722.500,9248.750,23.770,13998,1741,8714,475,654,1057,-315,0,0
8018017328,844.179,181.475,546.377,10386.250,297.500,-1828.750,23.785,13839,2975,8957,1187,34,-209,-311,0,0
8018026742,838.689,205.936,569.313,14525.000,-5687.500,-9642.500,23.785,13749,3376,9333,1660,-650,-1102,-311,0,0
8018036149,859.063,104.676,607.499,14446.250,-15986.250,-21971.250,23.781,14083,1716,9959,1651,-1827,-2511,-312,0,0
8018045555,922.198,74.725,559.553,17438.750,-28446.250,-39523.750,23.781,15118,1225,9173,1993,-3251,-4517,-312,0,0
8018054968,943.060,115.839,518.134,25348.750,-34466.250,-56621.250,23.789,15460,1899,8494,2897,-3939,-6471,-310,0,0
8018064376,916.464,165.859,487.390,32523.750,-35402.500,-68398.750,23.789,15024,2719,7990,3717,-4046,-7817,-310,0,0
8018073789,857.416,338.977,427.488,38080.000,-34431.250,-70621.250,23.797,14056,5557,7008,4352,-3935,-8071,-308,0,0
8018083195,803.004,499.529,389.241,37765.000,-30423.750,-59710.000,23.797,13164,8189,6381,4316,-3477,-6824,-308,0,0
8018092603,742.797,439.261,409.127,24823.750,-25856.250,-45036.250,23.738,12177,7201,6707,2837,-2955,-5147,-323,0,0
8018102017,711.992,332.877,470.005,14945.000,-23528.750,-33110.000,23.738,11672,5457,7705,1708,-2689,-3784,-323,0,0
8018111422,696.864,283.711,550.525,12976.250,-25462.500,-25681.250,23.746,11424,4651,9025,1483,-2910,-2935,-321,0,0
8018120829,695.278,299.327,583.953,14953.750,-31683.750,-20903.750,23.746,11398,4907,9573,1709,-3621,-2389,-321,0,0
8018130244,663.375,335.561,599.996,19101.250,-39042.500,-14936.250,23.766,10875,5501,9836,2183,-4462,-1707,-316,0,0
8018139649,660.203,338.550,608.780,20851.250,-48081.250,-7140.000,23.766,10823,5550,9980,2383,-5495,-816,-316,0,0
8018149058,1292.041,281.820,273.524,22618.750,-53007.500,-4838.750,23.730,21181,4620,4484,2585,-6058,-553,-325,0,0
8018158471,848.693,264.069,451.949,13387.500,-28017.500,-11891.250,23.730,13913,4329,7409,1530,-3202,-1359,-325,0,0
8018167879,907.192,311.405,339.282,10893.750,-33705.000,-10675.000,23.742,14872,5105,5562,1245,-3852,-1220,-322,0,0
8018177285,966.179,300.669,145.668,7980.000,-34877.500,-9117.500,23.742,15839,4929,2388,912,-3986,-1042,-322,0,0
8018186698,1029.009,299.693,67.710,-4060.000,-29496.250,-9581.250,23.781,16869,4913,1110,-464,-3371,-1095,-312,0,0
8018196105,982.771,346.053,115.961,-14183.750,-18261.250,-7717.500,23.781,16111,5673,1901,-1621,-2087,-882,-312,0,0
8018205519,1061.888,294.386,79.178,-25392.500,-13868.750,-6615.000,23.793,17408,4826,1298,-2902,-1585,-756,-309,0,0
8018214925,992.043,344.101,176.534,-33941.250,-4418.750,-3946.250,23.793,16263,5641,2894,-3879,-505,-451,-309,0,0
8018224333,975.512,346.114,264.435,-42525.000,-1557.500,805.000,23.738,15992,5674,4335,-4860,-178,92,-323,0,0
8018233747,945.805,399.123,283.955,-56988.750,-1155.000,3858.750,23.738,15505,6543,4655,-6513,-132,441,-323,0,0
8018243154,844.179,367.281,404.735,-67637.500,2738.750,10473.750,23.746,13839,6021,6635,-7730,313,1197,-321,0,0
8018252562,797.941,228.933,543.571,-65913.750,8373.750,16292.500,23.746,13081,3753,8911,-7533,957,1862,-321,0,0
8018261975,784.155,216.001,653.249,-47670.000,11917.500,18156.250,23.781,12855,3541,10709,-5448,1362,2075,-312,0,0
8018271383,715.652,326.533,757.925,-30957.500,14568.750,20413.750,23.781,11732,5353,12425,-3538,1665,2333,-312,0,0
8018280790,690.337,337.330,889.868,-21542.500,10797.500,27247.500,23.797,11317,5530,14588,-2462,1234,3114,-308,0,0
8018290198,748.531,223.748,794.037,-6238.750,1303.750,31123.750,23.797,12271,3668,13017,-713,149,3557,-308,0,0
8018299612,708.271,250.649,688.873,6658.750,-1986.250,32462.500,23.797,11611,4109,11293,761,-227,3710,-308,0,0
8018309017,833.260,175.192,620.065,16082.500,350.000,33521.250,23.797,13660,2872,10165,1838,40,3831,-308,0,0
8018318426,768.661,161.528,494.039,22680.000,1295.000,27947.500,23.793,12601,2648,8099,2592,148,3194,-309,0,0
8018327839,948.794,140.666,405.589,30765.000,4655.000,23966.250,23.793,15554,2306,6649,3516,532,2739,-309,0,0
8018337245,924.028,229.604,299.327,32908.750,5066.250,19608.750,23.793,15148,3764,4907,3761,579,2241,-309,0,0
8018346653,998.936,211.670,174.704,26941.250,2030.000,16581.250,23.793,16376,3470,2864,3079,232,1895,-309,0,0
8018356067,1025.349,161.711,143.411,14157.500,3395.000,11068.750,23.785,16809,2651,2351,1618,388,1265,-311,0,0
8018365472,999.546,171.959,144.143,6343.750,5320.000,4935.000,23.785,16386,2819,2363,725,608,564,-311,0,0
8018374887,1015.833,253.882,142.313,-4270.000,11033.750,673.750,23.750,16653,4162,2333,-488,1261,77,-320,0,0
8018384293,940.864,343.796,372.954,-11182.500,20597.500,6037.500,23.750,15424,5636,6114,-1278,2354,690,-320,0,0
8018393700,917.989,269.315,459.696,-17080.000,16738.750,11488.750,23.793,15049,4415,7536,-1952,1913,1313,-309,0,0
8018403114,903.898,274.378,461.465,-20212.500,9572.500,16100.000,23.793,14818,4498,7565,-2310,1094,1840,-309,0,0
8018412521,922.320,263.825,438.712,-23231.250,5923.750,19372.500,23.754,15120,4325,7192,-2655,677,2214,-319,0,0
8018421929,835.883,290.055,516.304,-26626.250,8977.500,24377.500,23.754,13703,4755,8464,-3043,1026,2786,-319,0,0
8018431337,808.494,316.956,605.059,-22190.000,10850.000,35175.000,23.762,13254,5196,9919,-2536,1240,4020,-317,0,0
8018440750,815.326,263.764,640.439,-18926.250,9896.250,46453.750,23.762,13366,4324,10499,-2163,1131,5309,-317,0,0
8018450157,748.775,262.910,658.617,-12888.750,11243.750,55317.500,23.746,12275,4310,10797,-1473,1285,6322,-321,0,0
8018459571,724.863,228.262,698.084,-3237.500,11357.500,63271.250,23.746,11883,3742,11444,-370,1298,7231,-321,0,0
8018468979,819.779,102.907,648.003,122.500,6343.750,61468.750,23.770,13439,1687,10623,14,725,7025,-315,0,0
8018478386,757.864,96.136,670.573,1522.500,4156.250,54180.000,23.770,12424,1576,10993,174,475,6192,-315,0,0
8018487793,877.180,43.737,623.969,8767.500,-1286.250,44021.250,23.836,14380,717,10229,1002,-147,5031,-298,0,0
8018497208,873.093,49.532,624.274,13536.250,-5477.500,32313.750,23.836,14313,812,10234,1547,-626,3693,-298,0,0
8018506617,792.024,119.011,579.012,23432.500,-9100.000,23152.500,23.777,12984,1951,9492,2678,-1040,2646,-313,0,0
8018516023,783.423,126.392,535.214,31403.750,-9791.250,18200.000,23.777,12843,2072,8774,3589,-1119,2080,-313,0,0
8018525436,861.564,114.619,523.136,33197.500,-10526.250,9240.000,23.766,14124,1879,8576,3794,-1203,1056,-316,0,0
8018534843,897.493,132.126,449.265,32672.500,-11033.750,323.750,23.766,14713,2166,7365,3734,-1261,37,-316,0,0
8018544250,854.488,72.224,466.040,29522.500,-10850.000,-10088.750,23.766,14008,1184,7640,3374,-1240,-1153,-316,0,0
8018553664,1073.966,100.833,432.673,26258.750,-15618.750,-23738.750,23.766,17606,1653,7093,3001,-1785,-2713,-316,0,0
8018563072,757.559,52.826,439.566,24841.250,-20895.000,-32121.250,23.762,12419,866,7206,2839,-2388,-3671,-317,0,0
8018572478,1050.237,-52.277,320.128,8478.750,-32165.000,-47932.500,23.762,17217,-857,5248,969,-3676,-5478,-317,0,0
8018581887,1015.711,3.904,155.184,9800.000,-30975.000,-50251.250,23.789,16651,64,2544,1120,-3540,-5743,-310,0,0
8018591300,1087.630,0.000,31.659,22251.250,-20886.250,-50435.000,23.789,17830,0,519,2543,-2387,-5764,-310,0,0
8018600707,1062.620,123.952,-11.651,27868.750,-6912.500,-50172.500,23.785,17420,2032,-191,3185,-790,-5734,-311,0,0
8018610115,1055.727,189.954,52.216,29382.500,7140.000,-44870.000,23.785,17307,3114,856,3358,816,-5128,-311,0,0
8018619528,1047.797,233.203,189.222,19932.500,14988.750,-42227.500,23.781,17177,3823,3102,2278,1713,-4826,-312,0,0
8018628936,1063.108,304.817,246.806,14148.750,10281.250,-36120.000,23.781,17428,4997,4046,1617,1175,-4128,-312,0,0
8018638343,1091.168,392.962,220.698,673.750,6405.000,-28490.000,23.785,17888,6442,3618,77,732,-3256,-311,0,0
8018647757,1221.708,307.745,198.250,-20763.750,12512.500,-21105.000,23.785,20028,5045,3250,-2373,1430,-2412,-311,0,0
8018657165,1110.444,230.885,333.853,-36627.500,32681.250,-18891.250,23.758,18204,3785,5473,-4186,3735,-2159,-318,0,0
8018666572,818.071,160.918,640.256,-45263.750,45508.750,-17946.250,23.758,13411,2638,10496,-5173,5201,-2051,-318,0,0
8018675980,575.535,159.881,823.195,-36505.000,32681.250,-12880.000,23.777,9435,2621,13495,-4172,3735,-1472,-313,0,0
8018685393,575.535,177.266,675.209,-22960.000,8513.750,-6965.000,23.777,9435,2906,11069,-2624,973,-796,-313,0,0
8018694800,609.573,220.576,605.974,-17106.250,-3683.750,-2896.250,23.781,9993,3616,9934,-1955,-421,-331,-312,0,0
8018704207,665.693,261.019,618.296,-14306.250,-8190.000,1242.500,23.781,10913,4279,10136,-1635,-936,142,-312,0,0
8018713620,712.602,269.925,659.044,-13160.000,-8697.500,4147.500,23.777,11682,4425,10804,-1504,-994,474,-313,0,0
8018723028,732.793,250.588,766.343,-10535.000,-8067.500,5696.250,23.777,12013,4108,12563,-1204,-922,651,-313,0,0
8018732435,793.366,224.785,785.131,-4121.250,-10998.750,5442.500,23.770,13006,3685,12871,-471,-1257,622,-315,0,0
8018741849,854.427,201.544,706.563,2310.000,-12827.500,1828.750,23.770,14007,3304,11583,264,-1466,209,-315,0,0
8018751257,861.015,211.487,656.360,8478.750,-10500.000,-3911.250,23.766,14115,3467,10760,969,-1200,-447,-316,0,0
8018760663,822.158,219.539,601.948,13650.000,-7490.000,-8688.750,23.766,13478,3599,9868,1560,-856,-993,-316,0,0
8018770077,761.341,244.793,577.670,18130.000,-4891.250,-11007.500,23.781,12481,4013,9470,2072,-559,-1258,-312,0,0
8018779485,706.929,257.420,604.022,21551.250,-6020.000,-10395.000,23.781,11589,4220,9902,2463,-688,-1188,-312,0,0
8018788892,710.345,245.159,580.171,22417.500,-13641.250,-8995.000,23.789,11645,4019,9511,2562,-1559,-1028,-310,0,0
8018798307,759.755,249.673,491.599,22916.250,-20273.750,-5827.500,23.789,12455,4093,8059,2619,-2317,-666,-310,0,0
8018807714,796.538,262.056,466.162,22872.500,-22531.250,-2695.000,23.867,13058,4296,7642,2614,-2575,-308,-290,0,0
8018817120,830.088,248.758,463.783,21262.500,-26897.500,-350.000,23.867,13608,4078,7603,2430,-3074,-40,-290,0,0
8018826535,1328.458,217.770,237.534,19223.750,-31351.250,-1942.500,23.797,21778,3570,3894,2197,-3583,-222,-308,0,0
8018835942,934.764,216.611,249.856,11558.750,-12600.000,-6798.750,23.797,15324,3551,4096,1321,-1440,-777,-308,0,0
8018845349,917.806,245.464,328.729,6492.500,-6676.250,-5897.500,23.746,15046,4024,5389,742,-763,-674,-321,0,0
8018854757,932.019,233.020,363.255,3535.000,-4016.250,-2476.250,23.746,15279,3820,5955,404,-459,-283,-321,0,0
8018864171,930.738,162.443,328.729,358.750,-621.250,1863.750,23.797,15258,2663,5389,41,-71,213,-308,0,0
8018873578,915.854,188.063,372.405,-2957.500,6046.250,2292.500,23.797,15014,3083,6105,-338,691,262,-308,0,0
8018882986,896.822,245.464,469.944,245.000,13623.750,8837.500,23.773,14702,4024,7704,28,1557,1010,-314,0,0
8018892400,856.196,281.271,516.060,-507.500,16686.250,16476.250,23.773,14036,4611,8460,-58,1907,1883,-314,0,0
8018901807,820.877,340.441,525.210,-3167.500,18270.000,26608.750,23.785,13457,5581,8610,-362,2088,3041,-311,0,0
8018911214,885.964,258.762,532.713,-5320.000,16668.750,36058.750,23.785,14524,4242,8733,-608,1905,4121,-311,0,0
8018920622,878.034,175.497,514.901,-5040.000,12643.750,36706.250,23.785,14394,2877,8441,-576,1445,4195,-311,0,0
8018930036,865.712,123.891,491.782,-10062.500,7962.500,30817.500,23.785,14192,2031,8062,-1150,910,3522,-311,0,0
8018939442,861.259,99.430,508.801,-8881.250,4620.000,19670.000,23.762,14119,1630,8341,-1015,528,2248,-317,0,0
8018948850,864.370,100.345,554.795,-1872.500,1146.250,9913.750,23.762,14170,1645,9095,-214,131,1133,-317,0,0
8018958264,864.675,169.214,518.317,5250.000,-4803.750,1015.000,23.801,14175,2774,8497,600,-549,116,-307,0,0
8018967671,865.956,216.855,469.151,7000.000,-8785.000,-3858.750,23.801,14196,3555,7691,800,-1004,-441,-307,0,0
8018977078,890.417,228.018,446.032,4147.500,-10447.500,-7350.000,23.813,14597,3738,7312,474,-1194,-840,-304,0,0
8018986492,895.846,135.237,502.457,-183.750,-12923.750,-13011.250,23.813,14686,2217,8237,-21,-1477,-1487,-304,0,0
8018995899,861.625,54.229,549.915,-4585.000,-20650.000,-24780.000,23.797,14125,889,9015,-524,-2360,-2832,-308,0,0
8019005307,947.879,10.370,551.074,-6606.250,-33022.500,-43041.250,23.797,15539,170,9034,-755,-3774,-4919,-308,0,0
8019014721,833.565,6.405,583.953,455.000,-41405.000,-53278.750,23.785,13665,105,9573,52,-4732,-6089,-311,0,0
8019024129,914.451,181.353,356.667,14140.000,-48510.000,-55160.000,23.785,14991,2973,5847,1616,-5544,-6304,-311,0,0
8019033535,918.172,413.397,320.555,22548.750,-38272.500,-43312.500,23.820,15052,6777,5255,2577,-4374,-4950,-302,0,0
8019042949,885.110,454.694,294.752,11322.500,-25270.000,-25908.750,23.820,14510,7454,4832,1294,-2888,-2961,-302,0,0
8019052357,934.398,273.097,312.137,-11357.500,-16362.500,-13912.500,23.789,15318,4477,5117,-1298,-1870,-1590,-310,0,0
8019061763,981.917,168.726,288.774,-16196.250,-11410.000,-8067.500,23.789,16097,2766,4734,-1851,-1304,-922,-310,0,0
8019071171,920.063,123.342,418.643,-13860.000,-3193.750,-5635.000,23.746,15083,2022,6863,-1584,-365,-644,-321,0,0
8019080584,966.606,158.173,365.634,-9117.500,-5040.000,-5888.750,23.746,15846,2593,5994,-1042,-576,-673,-321,0,0
8019089992,939.644,202.337,365.451,-7166.250,-1715.000,-4366.250,23.777,15404,3317,5991,-819,-196,-499,-313,0,0
8019099399,914.817,213.561,395.707,-7656.250,1111.250,-1155.000,23.777,14997,3501,6487,-875,127,-132,-313,0,0
8019108814,917.135,181.414,426.695,-9126.250,2572.500,1085.000,23.789,15035,2974,6995,-1043,294,124,-310,0,0
8019118221,891.454,176.839,515.267,-8863.750,3115.000,1977.500,23.789,14614,2899,8447,-1013,356,226,-310,0,0
8019127629,929.457,194.346,541.009,-5993.750,1032.500,2931.250,23.762,15237,3186,8869,-685,118,335,-317,0,0
8019137036,1019.798,176.107,478.301,-4751.250,5293.750,603.750,23.762,16718,2887,7841,-543,605,69,-317,0,0
8019146449,931.165,201.117,486.170,-3972.500,17158.750,-3850.000,23.797,15265,3297,7970,-454,1961,-440,-308,0,0
8019155856,753.716,294.325,542.900,-630.000,23467.500,-5057.500,23.797,12356,4825,8900,-72,2682,-578,-308,0,0
8019165270,630.069,322.141,589.565,-831.250,18760.000,-700.000,23.777,10329,5281,9665,-95,2144,-80,-313,0,0
8019174677,594.933,286.273,625.555,-3010.000,8758.750,6860.000,23.777,9753,4693,10255,-344,1001,784,-313,0,0
8019184085,677.527,229.177,635.315,-612.500,-1461.250,13615.000,23.750,11107,3757,10415,-70,-167,1556,-320,0,0
8019193492,781.166,171.532,625.372,3368.750,-8487.500,15111.250,23.750,12806,2812,10252,385,-970,1727,-320,0,0
8019202906,857.965,160.979,620.919,7472.500,-13265.000,11331.250,23.773,14065,2639,10179,854,-1516,1295,-314,0,0
8019212313,881.633,190.686,585.051,10657.500,-18086.250,5591.250,23.773,14453,3126,9591,1218,-2067,639,-314,0,0
8019221720,873.032,217.587,505.507,11515.000,-22443.750,717.500,23.766,14312,3567,8287,1316,-2565,82,-316,0,0
8019231135,844.118,221.003,452.132,10351.250,-25278.750,-2695.000,23.766,13838,3623,7412,1183,-2889,-308,-316,0,0
8019240542,931.653,211.182,437.065,9266.250,-27965.000,-4786.250,23.793,15273,3462,7165,1059,-3196,-547,-309,0,0
8019249949,1055.117,211.243,301.828,7743.750,-20816.250,-8312.500,23.793,17297,3463,4948,885,-2379,-950,-309,0,0
8019259364,869.006,163.602,487.268,5101.250,-11191.250,-10053.750,23.816,14246,2682,7988,583,-1279,-1149,-303,0,0
8019268771,898.957,216.062,436.638,7708.750,-12617.500,-10272.500,23.816,14737,3542,7158,881,-1442,-1174,-303,0,0
8019278179,858.331,172.020,515.389,8356.250,-9231.250,-8032.500,23.820,14071,2820,8449,955,-1055,-918,-302,0,0
8019287585,853.024,167.872,571.204,11751.250,-9345.000,-6658.750,23.820,13984,2752,9364,1343,-1068,-761,-302,0,0
8019297000,858.697,177.510,604.449,16257.500,-10465.000,-5005.000,23.777,14077,2910,9909,1858,-1196,-572,-313,0,0
8019306407,824.049,187.758,571.570,19608.750,-12425.000,-2800.000,23.777,13509,3078,9370,2241,-1420,-320,-313,0,0
8019315813,858.148,174.582,616.954,24421.250,-9852.500,2170.000,23.762,14068,2862,10114,2791,-1126,248,-317,0,0
8019325228,831.796,208.437,488.793,29260.000,-8365.000,7087.500,23.762,13636,3417,8013,3344,-956,810,-317,0,0
8019334635,914.939,208.986,404.369,30870.000,-3841.250,12223.750,23.785,14999,3426,6629,3528,-439,1397,-311,0,0
8019344043,937.631,251.381,272.853,27046.250,-1846.250,14437.500,23.785,15371,4121,4473,3091,-211,1650,-311,0,0
8019353456,997.228,218.441,182.695,20676.250,1382.500,15723.750,23.785,16348,3581,2995,2363,158,1797,-311,0,0
8019362863,992.714,230.946,175.192,12328.750,6247.500,15321.250,23.785,16274,3786,2872,1409,714,1751,-311,0,0
8019372271,1036.268,212.524,188.978,7516.250,9283.750,16747.500,23.789,16988,3484,3098,859,1061,1914,-310,0,0
8019381678,1005.097,163.663,133.834,-1417.500,9336.250,10675.000,23.789,16477,2683,2194,-162,1067,1220,-310,0,0
8019391093,963.739,257.115,265.594,-5206.250,17727.500,8207.500,23.816,15799,4215,4354,-595,2026,938,-303,0,0
8019400499,934.093,293.044,404.003,-6125.000,18427.500,8260.000,23.816,15313,4804,6623,-700,2106,944,-303,0,0
8019409906,892.369,279.075,509.594,-11926.250,11987.500,8697.500,23.777,14629,4575,8354,-1363,1370,994,-313,0,0
8019419321,887.550,251.991,498.187,-15058.750,1286.250,8190.000,23.777,14550,4131,8167,-1721,147,936,-313,0,0
8019428727,826.245,146.888,558.089,-21201.250,-4068.750,3272.500,23.824,13545,2408,9149,-2423,-465,374,-301,0,0
8019438135,868.518,133.468,558.028,-23152.500,-9301.250,-4978.750,23.824,14238,2188,9148,-2646,-1063,-569,-301,0,0
8019447549,786.656,71.736,673.623,-15505.000,-10815.000,-9266.250,23.781,12896,1176,11043,-1772,-1236,-1059,-312,0,0
8019456956,905.728,144.448,581.025,-11095.000,-18497.500,-15767.500,23.781,14848,2368,9525,-1268,-2114,-1802,-312,0,0
8019466364,729.255,163.907,701.927,-1872.500,-15513.750,-13483.750,23.809,11955,2687,11507,-214,-1773,-1541,-305,0,0
8019475771,885.659,141.093,542.656,3290.000,-22680.000,-13238.750,23.809,14519,2313,8896,376,-2592,-1513,-305,0,0
8019485186,823.744,149.755,560.895,6982.500,-19775.000,-11270.000,23.793,13504,2455,9195,798,-2260,-1288,-309,0,0
8019494591,908.595,193.370,438.102,8487.500,-20702.500,-10535.000,23.793,14895,3170,7182,970,-2366,-1204,-309,0,0
8019504005,889.075,205.692,454.999,10045.000,-15067.500,-5652.500,23.789,14575,3372,7459,1148,-1722,-646,-310,0,0
8019513413,893.528,149.450,449.387,8172.500,-13702.500,-2178.750,23.789,14648,2450,7367,934,-1566,-249,-310,0,0
8019522820,918.538,104.554,395.280,6247.500,-12626.250,-2187.500,23.789,15058,1714,6480,714,-1443,-250,-310,0,0
8019532228,911.157,116.571,395.768,9030.000,-8653.750,-3841.250,23.789,14937,1911,6488,1032,-989,-439,-310,0,0
8019541643,918.599,159.637,335.683,11917.500,-4847.500,-4891.250,23.789,15059,2617,5503,1362,-554,-559,-310,0,0
8019551050,905.423,278.526,347.029,12503.750,4296.250,-1767.500,23.789,14843,4566,5689,1429,491,-202,-310,0,0
8019560456,906.399,316.956,414.251,14691.250,11690.000,10228.750,23.750,14859,5196,6791,1679,1336,1169,-320,0,0
8019569870,903.837,244.488,321.592,6728.750,14446.250,17491.250,23.750,14817,4008,5272,769,1651,1999,-320,0,0
8019579278,951.295,67.832,524.844,1321.250,17797.500,16922.500,23.785,15595,1112,8604,151,2034,1934,-311,0,0
8019588685,949.099,145.119,382.897,4445.000,9467.500,11427.500,23.785,15559,2379,6277,508,1082,1306,-311,0,0
8019598093,926.529,212.890,340.746,9275.000,7752.500,11795.000,23.781,15189,3490,5586,1060,886,1348,-312,0,0
8019607506,973.743,148.535,278.587,4558.750,9983.750,12985.000,23.781,15963,2435,4567,521,1141,1484,-312,0,0
8019616912,960.872,150.670,354.532,1006.250,13580.000,10482.500,23.781,15752,2470,5812,115,1552,1198,-312,0,0
8019626320,992.043,164.700,369.050,3281.250,10858.750,9555.000,23.781,16263,2700,6050,375,1241,1092,-312,0,0
8019635734,938.302,113.277,378.261,-1093.750,4182.500,6396.250,23.781,15382,1857,6201,-125,478,731,-312,0,0
8019645142,1025.471,45.994,335.378,-8767.500,-2992.500,-323.750,23.781,16811,754,5498,-1002,-342,-37,-312,0,0
8019654548,983.198,7.137,384.849,-14061.250,-5180.000,-10263.750,23.773,16118,117,6309,-1607,-592,-1173,-314,0,0
8019663963,1034.865,28.304,310.307,-13790.000,-8627.500,-20956.250,23.773,16965,464,5087,-1576,-986,-2395,-314,0,0
8019673370,1050.969,121.207,276.757,-17587.500,-2590.000,-31255.000,23.805,17229,1987,4537,-2010,-296,-3572,-306,0,0
8019682777,970.998,186.599,408.578,-21402.500,8137.500,-36338.750,23.805,15918,3059,6698,-2446,930,-4153,-306,0,0
8019692192,843.081,212.585,515.633,-23388.750,14446.250,-36067.500,23.816,13821,3485,8453,-2673,1651,-4122,-303,0,0
8019701598,731.512,227.042,633.607,-23178.750,17447.500,-31727.500,23.816,11992,3722,10387,-2649,1994,-3626,-303,0,0
8019711005,709.308,216.672,729.499,-17333.750,18593.750,-25077.500,23.793,11628,3552,11959,-1981,2125,-2866,-309,0,0
8019720420,726.693,174.887,747.738,-8032.500,18777.500,-19950.000,23.793,11913,2867,12258,-918,2146,-2280,-309,0,0
8019729828,707.539,173.545,731.756,1417.500,19643.750,-19083.750,23.766,11599,2845,11996,162,2245,-2181,-316,0,0
8019739236,696.742,194.529,777.750,9922.500,20650.000,-19110.000,23.766,11422,3189,12750,1134,2360,-2184,-316,0,0
8019748648,669.719,233.996,836.981,19731.250,17832.500,-17622.500,23.758,10979,3836,13721,2255,2038,-2014,-318,0,0
8019758053,682.712,238.754,839.421,24718.750,9301.250,-16677.500,23.758,11192,3914,13761,2825,1063,-1906,-318,0,0
8019767461,675.148,248.575,741.943,28113.750,-2310.000,-16170.000,23.723,11068,4075,12163,3213,-264,-1848,-327,0,0
8019776874,705.892,225.822,604.022,31832.500,-9940.000,-15855.000,23.723,11572,3702,9902,3638,-1136,-1812,-327,0,0
8019786280,751.215,222.406,595.238,36181.250,-10333.750,-16808.750,23.770,12315,3646,9758,4135,-1181,-1921,-315,0,0
8019795695,756.095,280.661,646.661,39602.500,-13982.500,-17683.750,23.770,12395,4601,10601,4526,-1598,-2021,-315,0,0
8019805102,787.632,260.653,568.947,41072.500,-23423.750,-15487.500,23.777,12912,4273,9327,4694,-2677,-1770,-313,0,0
8019814508,841.251,268.522,460.123,43137.500,-28533.750,-10920.000,23.777,13791,4402,7543,4930,-3261,-1248,-313,0,0
8019823921,889.502,243.207,399.977,41413.750,-27868.750,-7341.250,23.813,14582,3987,6557,4733,-3185,-839,-304,0,0
8019833328,942.633,204.533,369.050,41457.500,-25383.750,-5853.750,23.813,15453,3353,6050,4738,-2901,-669,-304,0,0
8019842741,1005.158,229.421,357.521,40267.500,-23292.500,-7175.000,23.793,16478,3761,5861,4602,-2662,-820,-309,0,0
8019852146,1040.538,182.878,314.211,31648.750,-21148.750,-11970.000,23.793,17058,2998,5151,3617,-2417,-1368,-309,0,0
8019861554,1042.368,159.454,268.949,28936.250,-16047.500,-18725.000,23.766,17088,2614,4409,3307,-1834,-2140,-316,0,0
8019870967,999.851,158.356,300.120,28525.000,-8268.750,-26521.250,23.766,16391,2596,4920,3260,-945,-3031,-316,0,0
8019880374,919.331,232.288,364.780,28148.750,-1566.250,-32007.500,23.754,15071,3808,5980,3217,-179,-3658,-319,0,0
8019889788,829.905,300.974,424.682,24535.000,1680.000,-32235.000,23.754,13605,4934,6962,2804,192,-3684,-319,0,0
8019899196,785.009,357.216,484.035,22767.500,1365.000,-27326.250,23.813,12869,5856,7935,2602,156,-3123,-304,0,0
8019908603,773.663,371.185,494.222,19110.000,-1846.250,-19600.000,23.813,12683,6085,8102,2184,-211,-2240,-304,0,0
8019918010,791.536,310.978,505.629,14551.250,-4751.250,-12687.500,23.742,12976,5098,8289,1663,-543,-1450,-322,0,0
8019927423,823.195,283.467,543.022,15995.000,-7953.750,-8172.500,23.742,13495,4647,8902,1828,-909,-934,-322,0,0
8019936831,851.621,253.455,537.593,17062.500,-13063.750,-7350.000,23.750,13961,4155,8813,1950,-1493,-840,-320,0,0
8019946238,875.106,248.941,479.155,17867.500,-17727.500,-8933.750,23.750,14346,4081,7855,2042,-2026,-1021,-320,0,0
8019955652,877.424,284.199,425.902,18733.750,-19783.750,-10797.500,23.770,14384,4659,6982,2141,-2261,-1234,-315,0,0
8019965059,860.283,333.731,371.124,16913.750,-20335.000,-9283.750,23.770,14103,5471,6084,1933,-2324,-1061,-315,0,0
8019974466,835.090,346.297,370.026,12985.000,-18812.500,-4821.250,23.770,13690,5677,6066,1484,-2150,-551,-315,0,0
8019983881,812.825,317.383,401.319,8601.250,-18663.750,148.750,23.770,13325,5203,6579,983,-2133,17,-315,0,0
8019993288,787.449,286.761,438.590,5836.250,-20772.500,4541.250,23.813,12909,4701,7190,667,-2374,519,-304,0,0
8020002695,774.700,278.770,470.249,4768.750,-24631.250,8417.500,23.813,12700,4570,7709,545,-2815,962,-304,0,0
8020012109,1257.515,186.538,390.278,5407.500,-28962.500,10605.000,23.758,20615,3058,6398,618,-3310,1212,-318,0,0
8020021516,851.865,225.639,371.612,-1855.000,-10316.250,-2677.500,23.758,13965,3699,6092,-212,-1179,-306,-318,0,0
8020030922,877.058,303.475,435.296,-3543.750,-11357.500,-4672.500,23.777,14378,4975,7136,-405,-1298,-534,-313,0,0
8020040335,950.807,305.610,245.952,-665.000,-14323.750,-1741.250,23.777,15587,5010,4032,-76,-1637,-199,-313,0,0
8020049741,943.975,253.089,281.027,-8487.500,-8741.250,-778.750,23.754,15475,4149,4607,-970,-999,-89,-319,0,0
8020059156,983.625,283.406,207.278,-11725.000,-6308.750,-131.250,23.754,16125,4646,3398,-1340,-721,-15,-319,0,0
8020068562,943.304,283.833,278.343,-16458.750,-35.000,761.250,23.789,15464,4653,4563,-1881,-4,87,-310,0,0
8020077969,934.703,287.188,296.948,-20903.750,3543.750,1732.500,23.789,15323,4708,4868,-2389,405,198,-310,0,0
8020087377,881.328,336.964,406.748,-23563.750,8312.500,5635.000,23.766,14448,5524,6668,-2693,950,644,-316,0,0
8020096789,846.436,298.046,467.626,-26215.000,10045.000,8933.750,23.766,13876,4886,7666,-2996,1148,1021,-316,0,0
8020106196,818.193,323.483,545.462,-25935.000,12915.000,12407.500,23.754,13413,5303,8942,-2964,1476,1418,-319,0,0
8020115611,783.728,257.054,674.538,-24981.250,13982.500,15645.000,23.754,12848,4214,11058,-2855,1598,1788,-319,0,0
8020125016,730.353,252.967,850.401,-18672.500,10928.750,17263.750,23.813,11973,4147,13941,-2134,1249,1973,-304,0,0
8020134430,730.353,175.314,885.293,-4952.500,787.500,20273.750,23.813,11973,2874,14513,-566,90,2317,-304,0,0
8020143838,759.328,175.436,788.181,11567.500,-8128.750,20921.250,23.770,12448,2876,12921,1322,-929,2391,-315,0,0
8020153244,731.329,220.698,577.060,26153.750,-12110.000,21682.500,23.770,11989,3618,9460,2989,-1384,2478,-315,0,0
8020162652,888.221,178.547,421.754,25795.000,-8321.250,19626.250,23.762,14561,2927,6914,2948,-951,2243,-317,0,0
8020172066,911.096,155.001,390.400,28008.750,-2721.250,16388.750,23.762,14936,2541,6400,3201,-311,1873,-317,0,0
8020181473,1000.156,152.927,301.950,28183.750,-4550.000,12425.000,23.785,16396,2507,4950,3221,-520,1420,-311,0,0
8020190881,1028.033,174.033,194.712,27466.250,-8225.000,9345.000,23.785,16853,2853,3192,3139,-940,1068,-311,0,0
8020200295,1024.861,114.497,-22.387,19153.750,-10648.750,2222.500,23.789,16801,1877,-367,2189,-1217,254,-310,0,0
8020209702,1054.690,184.525,-33.062,4760.000,2616.250,-7673.750,23.789,17290,3025,-542,544,299,-877,-310,0,0
8020219109,995.154,378.627,201.849,3281.250,20221.250,-6046.250,23.770,16314,6207,3309,375,2311,-691,-315,0,0
8020228522,964.532,387.472,328.546,-5442.500,24946.250,4576.250,23.770,15812,6352,5386,-622,2851,523,-315,0,0
8020237928,844.728,371.490,511.241,-20291.250,23135.000,12792.500,23.789,13848,6090,8381,-2319,2644,1462,-310,0,0
8020247342,894.809,353.739,455.121,-23240.000,15758.750,25025.000,23.789,14669,5799,7461,-2656,1801,2860,-310,0,0
8020256749,816.546,270.352,627.263,-34510.000,20755.000,31167.500,23.789,13386,4432,10283,-3944,2372,3562,-310,0,0
8020266156,752.252,252.845,801.479,-24911.250,22575.000,40626.250,23.789,12332,4145,13139,-2847,2580,4643,-310,0,0
8020275569,713.090,273.097,800.503,-12171.250,16712.500,50513.750,23.848,11690,4477,13123,-1391,1910,5773,-295,0,0
8020284976,689.178,238.632,728.950,-7612.500,13938.750,56735.000,23.848,11298,3912,11950,-870,1593,6484,-295,0,0
8020294385,727.608,191.601,806.481,630.000,16126.250,64408.750,23.766,11928,3141,13221,72,1843,7361,-316,0,0
8020303798,677.771,125.172,718.580,10753.750,15531.250,67611.250,23.766,11111,2052,11780,1229,1775,7727,-316,0,0
8020313206,821.792,39.711,732.366,16441.250,11891.250,64225.000,23.793,13472,651,12006,1879,1359,7340,-309,0,0
8020322612,911.462,-0.732,578.280,21892.500,3123.750,51135.000,23.793,14942,-12,9480,2502,357,5844,-309,0,0
8020332026,793.732,52.521,458.049,25427.500,1942.500,39060.000,23.809,13012,861,7509,2906,222,4464,-305,0,0
8020341434,955.748,81.252,443.348,29863.750,3928.750,30397.500,23.809,15668,1332,7268,3413,449,3474,-305,0,0
8020350841,875.411,91.134,364.597,32410.000,3745.000,20230.000,23.766,14351,1494,5977,3704,428,2312,-316,0,0
8020360248,890.417,152.317,315.248,31333.750,4278.750,11366.250,23.766,14597,2497,5168,3581,489,1299,-316,0,0
8020369662,1016.504,180.682,319.030,25917.500,3220.000,1916.250,23.816,16664,2962,5230,2962,368,219,-303,0,0
8020379069,1029.436,177.388,356.789,13676.250,-463.750,-8067.500,23.816,16876,2908,5849,1563,-53,-922,-303,0,0
8020388477,949.648,127.673,380.213,2467.500,-7455.000,-16073.750,23.750,15568,2093,6233,282,-852,-1837,-320,0,0
8020397890,911.767,-29.097,478.118,-9826.250,-15312.500,-28498.750,23.750,14947,-477,7838,-1123,-1750,-3257,-320,0,0
8020407298,1081.957,-78.141,352.458,-17438.750,-34072.500,-47250.000,23.805,17737,-1281,5778,-1993,-3894,-5400,-306,0,0
8020416705,1024.434,-62.952,312.747,-10710.000,-41335.000,-59395.000,23.805,16794,-1032,5127,-1224,-4724,-6788,-306,0,0
8020426113,983.320,56.730,310.795,-2205.000,-45640.000,-71925.000,23.773,16120,930,5095,-252,-5216,-8220,-314,0,0
8020435527,931.653,201.300,267.668,7411.250,-46077.500,-73333.750,23.773,15273,3300,4388,847,-5266,-8381,-314,0,0
8020444934,1029.314,298.717,154.025,113.750,-48615.000,-70927.500,23.801,16874,4897,2525,13,-5556,-8106,-307,0,0
8020454342,985.516,411.140,130.357,-13466.250,-38036.250,-61530.000,23.801,16156,6740,2137,-1539,-4347,-7032,-307,0,0
8020463756,891.698,393.633,324.032,-29662.500,-23310.000,-46401.250,23.785,14618,6453,5312,-3390,-2664,-5303,-311,0,0
8020473163,1032.913,284.443,294.813,-42078.750,-21105.000,-34308.750,23.785,16933,4663,4833,-4809,-2412,-3921,-311,0,0
8020482569,808.555,185.257,524.722,-46996.250,-8093.750,-25480.000,23.758,13255,3037,8602,-5371,-925,-2912,-318,0,0
8020491984,830.515,187.880,566.629,-44161.250,-8242.500,-19460.000,23.758,13615,3080,9289,-5047,-942,-2224,-318,0,0
8020501392,818.742,176.412,651.968,-32445.000,-2432.500,-11191.250,23.770,13422,2892,10688,-3708,-278,-1279,-315,0,0
8020510798,777.567,193.919,769.149,-22321.250,2152.500,-5573.750,23.770,12747,3179,12609,-2551,246,-637,-315,0,0
8020520206,905.850,198.616,629.398,-13720.000,2126.250,-1785.000,23.789,14850,3256,10318,-1568,243,-204,-310,0,0
8020529622,957.456,208.315,566.507,-10823.750,14210.000,-2187.500,23.789,15696,3415,9287,-1237,1624,-250,-310,0,0
8020539028,844.606,210.633,605.608,-6790.000,26328.750,-2161.250,23.797,13846,3453,9928,-776,3009,-247,-308,0,0
8020548434,709.613,238.693,604.083,-2266.250,26678.750,-647.500,23.797,11633,3913,9903,-259,3049,-74,-308,0,0
8020557848,633.302,253.272,588.284,-2966.250,17920.000,2353.750,23.766,10382,4152,9644,-339,2048,269,-316,0,0
8020567255,655.872,219.600,600.423,-1933.750,6650.000,6597.500,23.766,10752,3600,9843,-221,760,754,-316,0,0
8020576662,728.035,165.737,611.098,997.500,-5040.000,8058.750,23.785,11935,2717,10018,114,-576,921,-311,0,0
8020586076,793.305,159.027,566.202,4655.000,-15426.250,6002.500,23.785,13005,2607,9282,532,-1763,686,-311,0,0
8020595484,832.467,211.060,522.648,6798.750,-22601.250,2957.500,23.762,13647,3460,8568,777,-2583,338,-317,0,0
8020604891,862.479,216.184,475.678,4418.750,-27606.250,1067.500,23.762,14139,3544,7798,505,-3155,122,-317,0,0
8020614306,889.136,182.146,456.524,1890.000,-29610.000,-691.250,23.789,14576,2986,7484,216,-3384,-79,-310,0,0
8020623712,1114.836,156.221,427.732,840.000,-30598.750,-4243.750,23.789,18276,2561,7012,96,-3497,-485,-310,0,0
8020633120,1011.868,186.477,296.155,122.500,-17692.500,-9362.500,23.813,16588,3057,4855,14,-2022,-1070,-304,0,0
8020642534,870.226,197.091,461.892,-2135.000,-8531.250,-8758.750,23.813,14266,3231,7572,-244,-975,-1001,-304,0,0
8020651941,914.329,179.767,410.408,-2240.000,-10018.750,-6833.750,23.785,14989,2947,6728,-256,-1145,-781,-311,0,0
8020661348,893.406,169.824,453.291,-1548.750,-6238.750,-4068.750,23.785,14646,2784,7431,-177,-713,-465,-311,0,0
8020670755,879.803,156.587,503.677,2817.500,-2703.750,280.000,23.797,14423,2567,8257,322,-309,32,-308,0,0
8020680170,873.154,119.682,544.913,3981.250,-2117.500,2143.750,23.797,14314,1962,8933,455,-242,245,-308,0,0
8020689576,875.167,192.821,548.085,9336.250,-1837.500,5328.750,23.781,14347,3161,8985,1067,-210,609,-312,0,0
8020698983,855.586,174.399,572.912,14323.750,-2528.750,10421.250,23.781,14026,2859,9392,1637,-289,1191,-312,0,0
8020708398,866.993,245.342,488.610,15662.500,-3456.250,14700.000,23.820,14213,4022,8010,1790,-395,1680,-302,0,0
8020717805,894.931,216.428,425.963,18287.500,-857.500,19731.250,23.820,14671,3548,6983,2090,-98,2255,-302,0,0
8020727213,882.609,278.831,393.206,16598.750,2870.000,24587.500,23.762,14469,4571,6446,1897,328,2810,-317,0,0
8020736626,918.538,135.542,336.720,11681.250,5853.750,24237.500,23.762,15058,2222,5520,1335,669,2770,-317,0,0
8020746033,936.777,133.651,372.344,6606.250,11515.000,20492.500,23.777,15357,2191,6104,755,1316,2342,-313,0,0
8020755441,920.429,136.396,399.794,12486.250,13020.000,17001.250,23.777,15089,2236,6554,1427,1488,1943,-313,0,0
8020764848,929.457,84.851,453.657,10167.500,10902.500,10438.750,23.793,15237,1391,7437,1162,1246,1193,-309,0,0
8020774263,908.107,97.112,499.651,8907.500,5713.750,-962.500,23.793,14887,1592,8191,1018,653,-110,-309,0,0
8020783670,931.897,165.859,564.921,11716.250,-43.750,-9187.500,23.805,15277,2719,9261,1339,-5,-1050,-306,0,0
8020793078,1027.545,76.982,565.653,9415.000,-8041.250,-20431.250,23.805,16845,1262,9273,1076,-919,-2335,-306,0,0
8020802491,1084.885,46.116,469.761,6387.500,-9896.250,-37607.500,23.773,17785,756,7701,730,-1131,-4298,-314,0,0
8020811898,968.741,68.747,484.401,11550.000,-4392.500,-54153.750,23.773,15881,1127,7941,1320,-502,-6189,-314,0,0
8020821306,861.015,20.313,525.515,17841.250,-6072.500,-71277.500,23.805,14115,333,8615,2039,-694,-8146,-306,0,0
8020830719,738.100,20.435,524.905,23196.250,-18095.000,-91446.250,23.805,12100,335,8605,2651,-2068,-10451,-306,0,0
8020840127,619.699,220.210,381.006,34002.500,-31447.500,-93826.250,23.789,10159,3610,6246,3886,-3594,-10723,-310,0,0
8020849533,556.686,497.943,403.271,42813.750,-30555.000,-75643.750,23.789,9126,8163,6611,4893,-3492,-8645,-310,0,0
8020858948,512.888,616.893,601.338,37826.250,-30003.750,-49201.250,23.805,8408,10113,9858,4323,-3429,-5623,-306,0,0
8020868356,521.794,553.758,649.650,25007.500,-41877.500,-18882.500,23.805,8554,9078,10650,2858,-4786,-2158,-306,0,0
8020877764,563.457,374.906,642.818,13527.500,-54985.000,4786.250,23.785,9237,6146,10538,1546,-6284,547,-311,0,0
8020887171,904.081,221.918,656.726,14210.000,-66088.750,18865.000,23.785,14821,3638,10766,1624,-7553,2156,-311,0,0
8020896585,997.899,231.556,19.154,11751.250,-38753.750,5407.500,23.809,16359,3796,314,1343,-4429,618,-305,0,0
8020905991,838.933,205.997,508.374,-2065.000,-16791.250,-157.500,23.809,13753,3377,8334,-236,-1919,-18,-305,0,0
8020915399,1003.694,257.725,108.458,402.500,-27772.500,-1662.500,23.793,16454,4225,1778,46,-3174,-190,-309,0,0
8020924813,978.318,203.862,189.954,-5731.250,-11891.250,-61.250,23.793,16038,3342,3114,-655,-1359,-7,-309,0,0
8020934221,988.078,181.841,107.238,-5381.250,-2721.250,1968.750,23.777,16198,2981,1758,-615,-311,225,-313,0,0
8020943629,1037.244,247.538,76.311,-9047.500,11375.000,96.250,23.777,17004,4058,1251,-1034,1300,11,-313,0,0
8020953036,971.303,367.342,212.707,-10421.250,26670.000,5705.000,23.789,15923,6022,3487,-1191,3048,652,-310,0,0
8020962444,959.774,320.799,339.709,-18138.750,33608.750,15251.250,23.789,15734,5259,5569,-2073,3841,1743,-310,0,0
8020971858,888.709,228.079,512.583,-28245.000,32200.000,21035.000,23.781,14569,3739,8403,-3228,3680,2404,-312,0,0
8020981266,928.786,169.031,511.119,-25077.500,25305.000,24771.250,23.781,15226,2771,8379,-2866,2892,2831,-312,0,0
8020990674,1015.345,51.362,557.662,-24727.500,21988.750,18506.250,23.805,16645,842,9142,-2826,2513,2115,-306,0,0
8021000087,1169.858,65.209,469.456,-17526.250,25620.000,5398.750,23.805,19178,1069,7696,-2003,2928,617,-306,0,0
8021009494,985.577,195.810,478.057,-15058.750,37257.500,-6658.750,23.801,16157,3210,7837,-1721,4258,-761,-307,0,0
8021018901,759.511,279.624,495.930,-16633.750,40022.500,-10473.750,23.801,12451,4584,8130,-1901,4574,-1197,-307,0,0
8021028310,636.840,270.657,510.631,-15820.000,32830.000,-7245.000,23.738,10440,4437,8371,-1808,3752,-828,-323,0,0
8021037724,608.841,220.576,549.244,-13195.000,20588.750,-4261.250,23.738,9981,3616,9004,-1508,2353,-487,-323,0,0
8021047130,653.188,185.501,624.152,-12547.500,5845.000,-5582.500,23.770,10708,3041,10232,-1434,668,-638,-315,0,0
8021056537,726.205,210.206,631.045,-10963.750,-10281.250,-10132.500,23.770,11905,3446,10345,-1253,-1175,-1158,-315,0,0
8021065952,774.822,258.152,619.577,-6676.250,-22120.000,-12547.500,23.789,12702,4232,10157,-763,-2528,-1434,-310,0,0
8021075360,803.736,262.300,617.015,-5110.000,-30756.250,-13685.000,23.789,13176,4300,10115,-584,-3515,-1564,-310,0,0
8021084772,808.860,209.657,601.582,-5320.000,-37240.000,-15583.750,23.836,13260,3437,9862,-608,-4256,-1781,-298,0,0
8021094179,822.402,173.667,574.742,-490.000,-40530.000,-17648.750,23.836,13482,2847,9422,-56,-4632,-2017,-298,0,0
8021103587,818.864,169.214,564.555,6991.250,-42428.750,-20518.750,23.770,13424,2774,9255,799,-4849,-2345,-315,0,0
8021112993,817.827,207.949,509.472,12591.250,-45185.000,-21787.500,23.770,13407,3409,8352,1439,-5164,-2490,-315,0,0
8021122409,825.025,252.113,467.321,16135.000,-46908.750,-20641.250,23.797,13525,4133,7661,1844,-5361,-2359,-308,0,0
8021131816,825.818,282.003,437.065,16747.500,-48720.000,-17806.250,23.797,13538,4623,7165,1914,-5568,-2035,-308,0,0
8021141224,1251.659,255.163,310.246,14411.250,-50750.000,-15015.000,23.789,20519,4183,5086,1647,-5800,-1716,-310,0,0
8021150637,909.571,287.371,287.005,9143.750,-27501.250,-17771.250,23.789,14911,4711,4705,1045,-3143,-2031,-310,0,0
8021160044,906.826,234.911,361.730,2266.250,-21875.000,-14971.250,23.801,14866,3851,5930,259,-2500,-1711,-307,0,0
8021169451,944.524,203.557,290.116,1697.500,-19250.000,-12171.250,23.801,15484,3337,4756,194,-2200,-1391,-307,0,0
8021178859,910.974,238.693,386.740,2100.000,-7656.250,-6588.750,23.766,14934,3913,6340,240,-875,-753,-316,0,0
8021188274,904.264,240.584,418.338,3981.250,700.000,2292.500,23.766,14824,3944,6858,455,80,262,-316,0,0
8021197680,913.536,270.901,412.055,4051.250,8163.750,10745.000,23.813,14976,4441,6755,463,933,1228,-304,0,0
8021207086,882.975,390.583,380.030,11130.000,20895.000,28323.750,23.813,14475,6403,6230,1272,2388,3237,-304,0,0
8021216502,775.981,463.234,404.430,9108.750,34028.750,46252.500,23.813,12721,7594,6630,1041,3889,5286,-304,0,0
8021225908,851.316,300.425,459.086,3701.250,42428.750,61827.500,23.813,13956,4925,7526,423,4849,7066,-304,0,0
8021235316,935.618,131.943,602.375,2730.000,47810.000,70306.250,23.754,15338,2163,9875,312,5464,8035,-319,0,0
8021244729,798.246,192.882,552.843,11436.250,45412.500,69553.750,23.754,13086,3162,9063,1307,5190,7949,-319,0,0
8021254136,892.125,275.354,500.627,26958.750,45395.000,79283.750,23.816,14625,4514,8207,3081,5188,9061,-303,0,0
8021263543,911.584,140.727,381.494,20982.500,39646.250,74646.250,23.816,14944,2307,6254,2398,4531,8531,-303,0,0
8021272957,953.308,71.248,257.908,17351.250,35455.000,67567.500,23.809,15628,1168,4228,1983,4052,7722,-305,0,0
8021282363,957.761,53.985,226.249,12215.000,36015.000,54057.500,23.809,15701,885,3709,1396,4116,6178,-305,0,0
8021291777,981.673,51.850,328.729,10246.250,39375.000,42000.000,23.809,16093,850,5389,1171,4500,4800,-305,0,0
8021301184,904.569,22.997,441.640,8881.250,37817.500,27816.250,23.809,14829,377,7240,1015,4322,3179,-305,0,0
8021310590,873.459,60.939,615.734,10167.500,32865.000,13685.000,23.816,14319,999,10094,1162,3756,1564,-303,0,0
8021320005,963.983,48.312,668.682,18243.750,21796.250,2406.250,23.816,15803,792,10962,2085,2491,275,-303,0,0
8021329412,1255.441,-41.358,527.528,25033.750,17701.250,-12188.750,23.785,20581,-678,8648,2861,2023,-1393,-311,0,0
8021338819,1332.362,-43.920,389.180,31167.500,36820.000,-33223.750,23.785,21842,-720,6380,3562,4208,-3797,-311,0,0
8021348227,1288.259,0.061,379.847,38167.500,64706.250,-53978.750,23.797,21119,1,6227,4362,7395,-6169,-308,0,0
8021357642,1215.486,27.511,344.223,44511.250,84752.500,-75495.000,23.797,19926,451,5643,5087,9686,-8628,-308,0,0
8021367049,1121.607,27.206,345.748,46506.250,98078.750,-95961.250,23.828,18387,446,5668,5315,11209,-10967,-300,0,0
8021376455,974.536,70.943,432.246,43802.500,101587.500,-117127.500,23.828,15976,1163,7086,5006,11610,-13386,-300,0,0
8021385870,831.613,141.093,460.001,33188.750,96040.000,-136456.250,23.789,13633,2313,7541,3793,10976,-15595,-310,0,0
8021395277,627.385,291.214,220.210,17482.500,104221.250,-138818.750,23.789,10285,4774,3610,1998,11911,-15865,-310,0,0
8021404685,411.262,559.370,237.046,-7621.250,131407.500,-117013.750,23.805,6742,9170,3886,-871,15018,-13373,-306,0,0
8021414099,233.264,851.926,223.687,-42533.750,157946.250,-79388.750,23.805,3824,13966,3667,-4861,18051,-9073,-306,0,0
8021423504,-393.694,1043.100,1022.543,-81348.750,157202.500,-6361.250,23.797,-6454,17100,16763,-9297,17966,-727,-308,0,0
8021432912,775.127,279.258,1176.629,-92181.250,66421.250,42332.500,23.797,12707,4578,19289,-10535,7591,4838,-308,0,0
8021442326,764.940,25.254,316.834,-60655.000,47057.500,52430.000,23.805,12540,414,5194,-6932,5378,5992,-306,0,0
8021451734,690.276,54.900,181.475,-68372.500,84236.250,45053.750,23.805,11316,900,2975,-7814,9627,5149,-306,0,0
8021461141,812.520,155.794,640.317,-116838.750,109567.500,10316.250,23.855,13320,2554,10497,-13353,12522,1179,-293,0,0
8021470554,699.487,-33.977,891.759,-146921.250,95532.500,-7656.250,23.855,11467,-557,14619,-16791,10918,-875,-293,0,0
8021479962,639.707,27.755,857.111,-97886.250,73780.000,-10736.250,23.844,10487,455,14051,-11187,8432,-1227,-296,0,0
8021489368,609.573,40.565,750.361,-78863.750,56166.250,-14183.750,23.844,9993,665,12301,-9013,6419,-1621,-296,0,0
8021498777,739.991,44.347,504.226,-76860.000,47381.250,-13772.500,23.797,12131,727,8266,-8784,5415,-1574,-308,0,0
8021508191,588.711,199.348,308.477,-75127.500,87255.000,1417.500,23.797,9651,3268,5057,-8586,9972,162,-308,0,0
8021517597,468.663,204.838,551.928,-96153.750,131285.000,16091.250,23.813,7683,3358,9048,-10989,15004,1839,-304,0,0
8021527005,627.873,121.878,797.758,-112892.500,148890.000,27956.250,23.813,10293,1998,13078,-12902,17016,3195,-304,0,0
8021536417,713.212,45.628,921.405,-112481.250,155085.000,38220.000,23.785,11692,748,15105,-12855,17724,4368,-311,0,0
8021545823,783.606,18.483,779.702,-99470.000,156975.000,47215.000,23.785,12846,303,12782,-11368,17940,5396,-311,0,0
8021555238,682.590,10.370,520.147,-92356.250,171071.250,48877.500,23.836,11190,170,8527,-10555,19551,5586,-298,0,0
8021564645,533.567,8.235,482.022,-100065.000,195632.500,47740.000,23.836,8747,135,7902,-11436,22358,5456,-298,0,0
8021574052,458.598,-34.038,542.412,-119210.000,215521.250,46331.250,23.820,7518,-558,8892,-13624,24631,5295,-302,0,0
8021583466,230.397,54.229,533.079,-135922.500,222083.750,45578.750,23.820,3777,889,8739,-15534,25381,5209,-302,0,0
8021592871,515.267,73.444,507.581,-161183.750,223291.250,52123.750,23.797,8447,1204,8321,-18421,25519,5957,-308,0,0
8021602283,363.072,-62.647,492.514,-173057.500,243433.750,58660.000,23.797,5952,-1027,8074,-19778,27821,6704,-308,0,0
8021611689,161.711,-192.577,679.174,-182997.500,261773.750,61958.750,23.797,2651,-3157,11134,-20914,29917,7081,-308,0,0
8021621103,52.948,-289.994,860.283,-179532.500,269526.250,63988.750,23.797,868,-4754,14103,-20518,30803,7313,-308,0,0
8021630510,-65.575,-341.356,1031.754,-154533.750,269517.500,66806.250,23.801,-1075,-5596,16914,-17661,30802,7635,-307,0,0
8021639917,-162.809,-401.258,1192.001,-125615.000,259175.000,66386.250,23.801,-2669,-6578,19541,-14356,29620,7587,-307,0,0
8021649331,-215.879,-471.164,1283.196,-102541.250,237527.500,59937.500,23.797,-3539,-7724,21036,-11719,27146,6850,-308,0,0
8021658738,-154.574,-510.021,1257.820,-78356.250,210035.000,48632.500,23.797,-2534,-8361,20620,-8955,24004,5558,-308,0,0
8021668146,-14.701,-523.624,1193.587,-57321.250,188746.250,33512.500,23.762,-241,-8584,19567,-6551,21571,3830,-317,0,0
8021677559,170.251,-514.047,1110.017,-39908.750,178570.000,15443.750,23.762,2791,-8427,18197,-4561,20408,1765,-317,0,0
8021686963,217.343,-461.282,1053.470,-25620.000,176198.750,-4856.250,23.805,3563,-7562,17270,-2928,20137,-555,-306,0,0
8021696375,114.070,-389.241,1077.687,-20833.750,173748.750,-25401.250,23.805,1870,-6381,17667,-2381,19857,-2903,-306,0,0
8021705783,-88.938,-280.722,1175.226,-23703.750,163450.000,-42087.500,23.797,-1458,-4602,19266,-2709,18680,-4810,-308,0,0
8021715197,-278.587,-168.665,1260.809,-29365.000,141207.500,-50356.250,23.797,-4567,-2765,20669,-3356,16138,-5755,-308,0,0
8021724603,-338.977,-96.319,1265.323,-30143.750,113382.500,-48405.000,23.816,-5557,-1579,20743,-3445,12958,-5532,-303,0,0
8021734015,-285.236,-97.722,1180.045,-24132.500,90072.500,-39375.000,23.816,-4676,-1602,19345,-2758,10294,-4500,-303,0,0
8021743423,-149.145,-139.446,1031.327,-18865.000,76868.750,-30817.500,23.828,-2445,-2286,16907,-2156,8785,-3522,-300,0,0
8021752829,-36.722,-160.125,900.787,-9992.500,78715.000,-23730.000,23.828,-602,-2625,14767,-1142,8996,-2712,-300,0,0
8021762243,36.966,-221.613,848.144,-9773.750,91052.500,-21376.250,23.809,606,-3633,13904,-1117,10406,-2443,-305,0,0
8021771650,83.936,-247.294,850.279,-14218.750,106347.500,-25593.750,23.809,1376,-4054,13939,-1625,12154,-2925,-305,0,0
8021781056,67.405,-196.542,834.053,-17613.750,122640.000,-29408.750,23.797,1105,-3222,13673,-2013,14016,-3361,-308,0,0
8021790469,18.971,-169.702,818.803,-17071.250,140183.750,-27982.500,23.797,311,-2782,13423,-1951,16021,-3198,-308,0,0
8021799877,-116.632,-162.931,849.303,-24001.250,153011.250,-25348.750,23.781,-1912,-2671,13923,-2743,17487,-2897,-312,0,0
8021809290,-459.269,-141.886,1002.474,-30161.250,160798.750,-23327.500,23.781,-7529,-2326,16434,-3447,18377,-2666,-312,0,0
8021818697,-640.378,-176.778,1200.602,-39357.500,147883.750,-17123.750,23.797,-10498,-2898,19682,-4498,16901,-1957,-308,0,0
8021828104,-609.878,-232.349,1313.940,-37502.500,121257.500,-8968.750,23.797,-9998,-3809,21540,-4286,13858,-1025,-308,0,0
8021837517,-460.855,-275.049,1239.520,-21350.000,91455.000,-1478.750,23.840,-7555,-4509,20320,-2440,10452,-169,-297,0,0
8021846926,-342.271,-297.558,1072.197,-4961.250,71767.500,2905.000,23.840,-5611,-4878,17577,-567,8202,332,-297,0,0
8021856332,-258.030,-289.811,972.645,2546.250,66176.250,3263.750,23.816,-4230,-4751,15945,291,7563,373,-303,0,0
8021865746,-200.385,-281.393,932.385,5320.000,68748.750,2222.500,23.816,-3285,-4613,15285,608,7857,254,-303,0,0
8021875153,-174.399,-264.130,917.074,6833.750,71828.750,1155.000,23.766,-2859,-4330,15034,781,8209,132,-316,0,0
8021884558,-230.031,-245.342,886.452,7673.750,72826.250,1426.250,23.766,-3771,-4022,14532,877,8323,163,-316,0,0
8021893971,-303.658,-225.944,849.486,12153.750,74060.000,5451.250,23.789,-4978,-3704,13926,1389,8464,623,-310,0,0
8021903382,-331.962,-236.192,820.816,14752.500,75083.750,9537.500,23.789,-5442,-3872,13456,1686,8581,1090,-310,0,0
8021912789,-308.965,-252.479,811.910,14376.250,75862.500,10902.500,23.855,-5065,-4139,13310,1643,8670,1246,-293,0,0
8021922196,-265.899,-245.037,767.746,15391.250,76256.250,10193.750,23.855,-4359,-4017,12586,1759,8715,1165,-293,0,0
8021931609,-302.682,-256.261,715.225,13527.500,78400.000,9362.500,23.816,-4962,-4201,11725,1546,8960,1070,-303,0,0
8021941014,-604.998,-480.192,1051.579,6090.000,80237.500,6562.500,23.816,-9918,-7872,17239,696,9170,750,-303,0,0
8021950430,-248.026,-669.475,1080.005,18208.750,-4838.750,-17447.500,23.789,-4066,-10975,17705,2081,-553,-1994,-310,0,0
8021959835,-353.129,-367.037,966.179,78925.000,-26617.500,-20440.000,23.789,-5789,-6017,15839,9020,-3042,-2336,-310,0,0
8021969247,-511.546,-290.604,796.416,88375.000,-26670.000,-20973.750,23.797,-8386,-4764,13056,10100,-3048,-2397,-308,0,0
8021978653,-506.178,-314.577,776.469,85295.000,-17990.000,-16493.750,23.797,-8298,-5157,12729,9748,-2056,-1885,-308,0,0
8021988066,-504.775,-326.838,859.002,87290.000,-13186.250,-15758.750,23.793,-8275,-5358,14082,9976,-1507,-1801,-309,0,0
8021997473,-415.288,-325.435,863.150,91542.500,-7017.500,-16905.000,23.793,-6808,-5335,14150,10462,-802,-1932,-309,0,0
8022006885,-453.718,-285.785,851.865,95007.500,-1155.000,-18427.500,23.789,-7438,-4685,13965,10858,-132,-2106,-310,0,0
8022016289,-391.498,-277.306,878.461,94193.750,840.000,-16493.750,23.789,-6418,-4546,14401,10765,96,-1885,-310,0,0
8022025700,-389.973,-207.522,899.567,98393.750,2450.000,-17062.500,23.773,-6393,-3402,14747,11245,280,-1950,-314,0,0
8022035113,-473.787,-130.357,886.818,102331.250,3272.500,-16205.000,23.773,-7767,-2137,14538,11695,374,-1852,-314,0,0
8022044518,-525.393,-28.121,827.709,102401.250,743.750,-11917.500,23.809,-8613,-461,13569,11703,85,-1362,-305,0,0
8022053926,-536.312,11.590,829.661,88445.000,-7052.500,-7883.750,23.809,-8792,190,13601,10108,-806,-901,-305,0,0
8022063339,-507.093,27.755,869.494,69308.750,-15802.500,-1356.250,23.789,-8313,455,14254,7921,-1806,-155,-310,0,0
8022072748,-280.051,-18.056,787.632,52692.500,-45535.000,18322.500,23.789,-4591,-296,12912,6022,-5204,2094,-310,0,0
8022082154,-336.293,-238.083,846.009,31403.750,-88340.000,27798.750,23.762,-5513,-3903,13869,3589,-10096,3177,-317,0,0
8022091567,-408.151,-228.079,798.185,36347.500,-115202.500,20291.250,23.762,-6691,-3739,13085,4154,-13166,2319,-317,0,0
8022100975,-449.387,-332.694,862.906,62238.750,-137786.250,25786.250,23.809,-7367,-5454,14146,7113,-15747,2947,-305,0,0
8022110388,-392.535,-301.523,933.422,83798.750,-133577.500,19031.250,23.809,-6435,-4943,15302,9577,-15266,2175,-305,0,0
8022119792,-342.088,-130.601,969.961,98070.000,-116453.750,6763.750,23.789,-5608,-2141,15901,11208,-13309,773,-310,0,0
8022129204,-312.259,-96.868,966.789,111072.500,-103635.000,11322.500,23.789,-5119,-1588,15849,12694,-11844,1294,-310,0,0
8022138616,-265.960,-96.685,1003.145,117556.250,-92995.000,17832.500,23.820,-4360,-1585,16445,13435,-10628,2038,-302,0,0
8022148020,-256.200,87.962,994.666,119726.250,-76475.000,20308.750,23.820,-4200,1442,16306,13683,-8740,2321,-302,0,0
8022157432,-288.042,226.066,989.908,64610.000,-57706.250,15032.500,23.789,-4722,3706,16228,7384,-6595,1718,-310,0,0
8022166840,-270.596,157.868,987.529,6597.500,-45202.500,15688.750,23.789,-4436,2588,16189,754,-5166,1793,-310,0,0
8022176253,-235.948,94.855,972.523,-16415.000,-42568.750,18856.250,23.789,-3868,1555,15943,-1876,-4865,2155,-310,0,0
8022185659,-207.339,-3.416,943.670,-20982.500,-49857.500,25086.250,23.789,-3399,-56,15470,-2398,-5698,2867,-310,0,0
8022195070,-148.840,-9.028,952.637,-11357.500,-58878.750,28980.000,23.813,-2440,-148,15617,-1298,-6729,3312,-304,0,0
8022204475,-111.447,-40.077,969.107,-12066.250,-67182.500,28971.250,23.813,-1827,-657,15887,-1379,-7678,3311,-304,0,0
8022213891,-92.354,-98.698,970.327,-15802.500,-77070.000,26127.500,23.813,-1514,-1618,15907,-1806,-8808,2986,-304,0,0
8022223296,-77.775,-102.968,1002.718,-12678.750,-82757.500,16835.000,23.813,-1275,-1688,16438,-1449,-9458,1924,-304,0,0
8022232707,-12.993,-79.666,1023.519,-8513.750,-81060.000,10150.000,23.773,-213,-1306,16779,-973,-9264,1160,-314,0,0
8022242119,20.252,-80.032,980.758,-6160.000,-81313.750,5057.500,23.773,332,-1312,16078,-704,-9293,578,-314,0,0
8022251523,-43.920,-63.562,1078.846,-6230.000,-80062.500,-1610.000,23.785,-720,-1042,17686,-712,-9150,-184,-311,0,0
8022260934,-99.552,-58.316,1013.820,-7078.750,-69063.750,1347.500,23.785,-1632,-956,16620,-809,-7893,154,-311,0,0
8022270346,-125.233,-72.895,972.279,-10946.250,-66517.500,8688.750,23.727,-2053,-1195,15939,-1251,-7602,993,-326,0,0
8022279752,-71.309,-59.231,1020.408,-8995.000,-68468.750,10797.500,23.727,-1169,-971,16728,-1028,-7825,1234,-326,0,0
8022289160,-51.606,-42.517,1022.970,-6825.000,-65056.250,9030.000,23.750,-846,-697,16770,-780,-7435,1032,-320,0,0
8022298573,-26.779,-44.896,1039.806,-5346.250,-59325.000,5880.000,23.750,-439,-736,17046,-611,-6780,672,-320,0,0
8022307984,-24.888,-37.942,1052.372,-2616.250,-50907.500,857.500,23.781,-408,-622,17252,-299,-5818,98,-312,0,0
8022317388,-154.879,-8.601,922.442,-2957.500,-48011.250,-3587.500,23.781,-2539,-141,15122,-338,-5487,-410,-312,0,0
8022326799,-229.543,-7.076,840.336,-9170.000,-65878.750,-5678.750,23.805,-3763,-116,13776,-1048,-7529,-649,-306,0,0
8022336211,-237.473,39.345,702.049,-16817.500,-102908.750,-6343.750,23.805,-3893,645,11509,-1922,-11761,-725,-306,0,0
8022345617,-354.410,80.825,757.864,-28035.000,-171080.000,5643.750,23.797,-5810,1325,12424,-3204,-19552,645,-308,0,0
8022355025,-131.089,-345.504,630.862,-15662.500,-153160.000,6895.000,23.797,-2149,-5664,10342,-1790,-17504,788,-308,0,0
8022364438,129.564,192.882,74.054,36531.250,-19810.000,-2948.750,23.801,2124,3162,1214,4175,-2264,-337,-307,0,0
8022373849,-6.649,-173.911,864.736,10491.250,9800.000,18156.250,23.801,-109,-2851,14176,1199,1120,2075,-307,0,0
8022383254,-32.513,-71.797,936.045,2301.250,-507.500,2826.250,23.836,-533,-1177,15345,263,-58,323,-298,0,0
8022392667,19.398,-101.260,1019.554,9992.500,-3762.500,175.000,23.836,318,-1660,16714,1142,-430,20,-298,0,0
8022402075,28.487,-57.462,1001.010,7236.250,-3570.000,-2205.000,23.844,467,-942,16410,827,-408,-252,-296,0,0
8022411480,9.699,-67.710,995.520,7665.000,-3648.750,-2353.750,23.844,159,-1110,16320,876,-417,-269,-296,0,0
8022420892,20.313,-74.969,1039.440,8636.250,-3823.750,-2511.250,23.820,333,-1229,17040,987,-437,-287,-302,0,0
8022430303,17.141,-35.319,968.253,9432.500,-3666.250,-2380.000,23.820,281,-579,15873,1078,-419,-272,-302,0,0
8022439709,16.165,-63.562,1045.723,6265.000,-3876.250,-2467.500,23.789,265,-1042,17143,716,-443,-282,-310,0,0
8022449117,18.300,-56.852,982.161,6116.250,-3850.000,-2380.000,23.789,300,-932,16101,699,-440,-272,-310,0,0
8022458530,17.202,-64.599,1021.018,5818.750,-3937.500,-2520.000,23.824,282,-1059,16738,665,-450,-288,-301,0,0
8022467941,17.507,-59.597,1001.742,6326.250,-3823.750,-2467.500,23.824,287,-977,16422,723,-437,-282,-301,0,0
8022477345,19.337,-60.085,1012.478,6160.000,-3990.000,-2485.000,23.801,317,-985,16598,704,-456,-284,-307,0,0
8022486759,17.629,-57.523,1004.121,6090.000,-3806.250,-2397.500,23.801,289,-943,16461,696,-435,-274,-307,0,0
8022496164,20.496,-61.000,1006.683,5801.250,-3928.750,-2415.000,23.824,336,-1000,16503,663,-449,-276,-301,0,0
8022505578,15.799,-64.111,1014.186,6002.500,-3780.000,-2485.000,23.824,259,-1051,16626,686,-432,-284,-301,0,0
8022514984,19.093,-65.453,1002.230,6746.250,-3946.250,-2502.500,23.762,313,-1073,16430,771,-451,-286,-317,0,0
8022524395,15.860,-53.985,1013.515,7700.000,-3753.750,-2485.000,23.762,260,-885,16615,880,-429,-284,-317,0,0
8022533806,17.629,-47.946,1003.267,6790.000,-3920.000,-2502.500,23.789,289,-786,16447,776,-448,-286,-310,0,0
8022543218,17.202,-61.183,1014.796,5495.000,-3937.500,-2493.750,23.789,282,-1003,16636,628,-450,-285,-310,0,0
8022552622,17.629,-59.231,1001.315,5792.500,-4007.500,-2458.750,23.820,289,-971,16415,662,-458,-281,-302,0,0
8022562033,17.324,-57.157,1011.258,5958.750,-3963.750,-2493.750,23.820,284,-937,16578,681,-453,-285,-302,0,0
8022571445,18.910,-55.388,1006.012,5827.500,-3920.000,-2485.000,23.789,310,-908,16492,666,-448,-284,-310,0,0
8022580849,18.056,-58.255,1013.454,5748.750,-3981.250,-2485.000,23.789,296,-955,16614,657,-455,-284,-310,0,0
8022590261,17.263,-58.011,1003.328,5740.000,-3920.000,-2467.500,23.789,283,-951,16448,656,-448,-282,-310,0,0
8022599672,17.507,-58.011,1010.221,5853.750,-3937.500,-2467.500,23.789,287,-951,16561,669,-450,-282,-310,0,0
8022609079,18.056,-59.048,1008.269,6081.250,-3920.000,-2493.750,23.797,296,-968,16529,695,-448,-285,-308,0,0
8022618487,17.324,-55.815,1009.977,6632.500,-3867.500,-2493.750,23.797,284,-915,16557,758,-442,-285,-308,0,0
8022627899,16.531,-52.704,1005.341,6413.750,-3788.750,-2476.250,23.773,271,-864,16481,733,-433,-283,-314,0,0
8022637310,16.714,-55.510,1009.001,6055.000,-3858.750,-2502.500,23.773,274,-910,16541,692,-441,-286,-314,0,0
8022646716,18.788,-53.497,1008.208,6072.500,-3946.250,-2485.000,23.816,308,-877,16528,694,-451,-284,-303,0,0
8022656127,18.056,-53.985,1007.171,5661.250,-4042.500,-2476.250,23.816,296,-885,16511,647,-462,-283,-303,0,0
8022665532,17.934,-56.669,1004.548,5433.750,-3972.500,-2485.000,23.840,294,-929,16468,621,-454,-284,-297,0,0
8022674947,19.520,-57.218,1008.147,5600.000,-3946.250,-2467.500,23.840,320,-938,16527,640,-451,-282,-297,0,0
8022684352,18.361,-55.937,1009.245,5853.750,-3893.750,-2450.000,23.777,301,-917,16545,669,-445,-280,-313,0,0
8022693765,16.958,-55.205,1006.866,5958.750,-3920.000,-2476.250,23.777,278,-905,16506,681,-448,-283,-313,0,0
8022703172,16.592,-52.277,1007.232,5976.250,-3885.000,-2511.250,23.801,272,-857,16512,683,-444,-287,-307,0,0
8022712579,16.836,-52.399,1008.208,5503.750,-3928.750,-2511.250,23.801,276,-859,16528,629,-449,-287,-307,0,0
8022721991,17.568,-54.961,1008.391,5460.000,-3920.000,-2476.250,23.820,288,-901,16531,624,-448,-283,-302,0,0
8022731402,18.117,-55.205,1007.293,5573.750,-3920.000,-2467.500,23.820,297,-905,16513,637,-448,-282,-302,0,0
8022740813,17.507,-55.449,1008.940,5661.250,-3937.500,-2467.500,23.805,287,-909,16540,647,-450,-282,-306,0,0
8022750218,17.690,-55.632,1007.110,5547.500,-3920.000,-2467.500,23.805,290,-912,16510,634,-448,-282,-306,0,0
8022759629,18.056,-54.900,1007.171,5748.750,-3981.250,-2485.000,23.789,296,-900,16511,657,-455,-284,-310,0,0
8022769041,17.873,-54.168,1007.720,5915.000,-3981.250,-2485.000,23.789,293,-888,16520,676,-455,-284,-310,0,0
8022778445,17.995,-52.399,1008.879,5923.750,-3920.000,-2485.000,23.781,295,-859,16539,677,-448,-284,-312,0,0
8022787856,17.324,-51.545,1006.622,5740.000,-3893.750,-2502.500,23.781,284,-845,16502,656,-445,-286,-312,0,0
8022797267,17.690,-53.680,1007.415,5381.250,-3885.000,-2458.750,23.813,290,-880,16515,615,-444,-281,-304,0,0
8022806672,16.653,-54.046,1009.062,5416.250,-3867.500,-2458.750,23.813,273,-886,16542,619,-442,-281,-304,0,0
8022816083,17.507,-52.094,1008.818,5591.250,-3928.750,-2476.250,23.793,287,-854,16538,639,-449,-283,-309,0,0
8022825494,17.629,-53.375,1007.171,5433.750,-3893.750,-2485.000,23.793,289,-875,16511,621,-445,-284,-309,0,0
8022834906,18.056,-55.205,1004.914,5503.750,-3928.750,-2528.750,23.813,296,-905,16474,629,-449,-289,-304,0,0
8022844310,19.093,-55.571,1008.025,6055.000,-3920.000,-2485.000,23.813,313,-911,16525,692,-448,-284,-304,0,0
8022853723,17.873,-52.033,1009.001,6361.250,-3876.250,-2502.500,23.797,293,-853,16541,727,-443,-286,-308,0,0
8022863132,17.324,-53.131,1007.110,6282.500,-3893.750,-2485.000,23.797,284,-871,16510,718,-445,-284,-308,0,0
8022872544,17.568,-52.277,1006.317,6361.250,-3885.000,-2485.000,23.816,288,-857,16497,727,-444,-284,-303,0,0
8022881948,17.446,-51.911,1007.781,6527.500,-3885.000,-2485.000,23.816,286,-851,16521,746,-444,-284,-303,0,0
8022891361,17.324,-58.438,1008.818,6798.750,-3850.000,-2493.750,23.855,284,-958,16538,777,-440,-285,-293,0,0
8022900769,15.799,-42.334,1008.696,7665.000,-3841.250,-2502.500,23.855,259,-694,16536,876,-439,-286,-293,0,0
8022910175,17.751,-45.201,1008.391,6860.000,-3893.750,-2476.250,23.781,291,-741,16531,784,-445,-283,-312,0,0
8022919587,17.690,-47.824,1007.720,5862.500,-3902.500,-2467.500,23.781,290,-784,16520,670,-446,-282,-312,0,0
8022928998,18.056,-48.861,1007.110,5582.500,-3937.500,-2450.000,23.809,296,-801,16510,638,-450,-280,-305,0,0
8022938407,19.337,-51.301,1008.391,5468.750,-3998.750,-2458.750,23.809,317,-841,16531,625,-457,-281,-305,0,0
8022947813,18.178,-49.654,1008.757,5582.500,-3972.500,-2502.500,23.824,298,-814,16537,638,-454,-286,-301,0,0
8022957225,17.263,-49.532,1007.354,5600.000,-3920.000,-2485.000,23.824,283,-812,16514,640,-448,-284,-301,0,0
8022966636,16.531,-49.898,1008.757,5705.000,-3928.750,-2406.250,23.805,271,-818,16537,652,-449,-275,-306,0,0
8022976041,16.897,-51.179,1010.038,5801.250,-3911.250,-2301.250,23.805,277,-839,16558,663,-447,-263,-306,0,0
8022985450,17.934,-59.902,1009.184,6378.750,-4033.750,-2292.500,23.793,294,-982,16544,729,-461,-262,-309,0,0
8022994863,19.520,-63.684,1009.306,8741.250,-3858.750,-2292.500,23.793,320,-1044,16546,999,-441,-262,-309,0,0
8023004274,16.104,-29.341,1007.110,10351.250,-3683.750,-2327.500,23.867,264,-481,16510,1183,-421,-266,-290,0,0
8023013679,16.226,-32.025,1009.428,7752.500,-3797.500,-2380.000,23.867,266,-525,16548,886,-434,-272,-290,0,0
8023023090,16.897,-46.116,1009.001,5556.250,-3902.500,-2397.500,23.797,277,-756,16541,635,-446,-274,-308,0,0
8023032502,18.300,-51.606,1007.293,5608.750,-3893.750,-2423.750,23.797,300,-846,16513,641,-445,-277,-308,0,0
8023041906,18.178,-47.336,1006.866,6265.000,-3876.250,-2362.500,23.793,298,-776,16506,716,-443,-270,-309,0,0
8023051317,20.374,-43.371,1007.781,6282.500,-3963.750,-2266.250,23.793,334,-711,16521,718,-453,-259,-309,0,0
8023060724,17.568,-46.665,1009.245,5678.750,-4033.750,-2187.500,23.793,288,-765,16545,649,-461,-250,-309,0,0
8023070139,19.581,-46.787,1007.964,5547.500,-3963.750,-2091.250,23.793,321,-767,16524,634,-453,-239,-309,0,0
8023079544,17.202,-49.044,1008.696,5818.750,-3893.750,-2003.750,23.793,282,-804,16536,665,-445,-229,-309,0,0
8023088957,16.958,-48.495,1010.038,6571.250,-3955.000,-2065.000,23.793,278,-795,16558,751,-452,-236,-309,0,0
8023098366,14.579,-32.391,1006.683,6606.250,-3850.000,-2065.000,23.785,239,-531,16503,755,-440,-236,-311,0,0
8023107770,17.263,-42.822,1007.903,4908.750,-3920.000,-2108.750,23.785,283,-702,16523,561,-448,-241,-311,0,0
8023117182,16.592,-49.898,1008.513,4917.500,-3981.250,-2126.250,23.797,272,-818,16533,562,-455,-243,-308,0,0
8023126594,17.995,-46.116,1006.866,5705.000,-3946.250,-2170.000,23.797,295,-756,16506,652,-451,-248,-308,0,0
8023135999,15.616,-41.297,1006.927,5888.750,-3946.250,-2170.000,23.789,256,-677,16507,673,-451,-248,-310,0,0
8023145408,17.263,-41.846,1006.012,5398.750,-3981.250,-2178.750,23.789,283,-686,16492,617,-455,-249,-310,0,0
8023154820,19.581,-46.055,1008.025,5040.000,-4025.000,-2135.000,23.793,321,-755,16525,576,-460,-244,-309,0,0
8023164232,17.568,-46.726,1007.720,5433.750,-4016.250,-1986.250,23.793,288,-766,16520,621,-459,-227,-309,0,0
8023173637,18.727,-46.726,1009.123,6011.250,-3937.500,-1846.250,23.840,307,-766,16543,687,-450,-211,-297,0,0
8023183050,14.823,-39.406,1008.086,6160.000,-3928.750,-1706.250,23.840,243,-646,16526,704,-449,-195,-297,0,0
8023192458,13.725,-39.467,1007.232,5731.250,-3990.000,-1881.250,23.770,225,-647,16512,655,-456,-215,-315,0,0
8023201870,15.555,-41.968,1008.208,5311.250,-4042.500,-2152.500,23.770,255,-688,16528,607,-462,-246,-315,0,0
8023211274,16.287,-45.384,1009.916,5267.500,-3928.750,-2336.250,23.789,267,-744,16556,602,-449,-267,-310,0,0
8023220687,16.409,-45.018,1009.367,5556.250,-3867.500,-2397.500,23.789,269,-738,16547,635,-442,-274,-310,0,0
8023230095,17.751,-45.750,1007.659,6265.000,-3867.500,-2450.000,23.785,291,-750,16519,716,-442,-280,-311,0,0
8023239501,16.897,-31.171,1007.598,6352.500,-3867.500,-2432.500,23.785,277,-511,16518,726,-442,-278,-311,0,0
8023248914,17.873,-42.151,1009.062,4952.500,-3972.500,-2397.500,23.781,293,-691,16542,566,-454,-274,-312,0,0
8023258322,17.446,-46.177,1008.940,4856.250,-3963.750,-2318.750,23.781,286,-757,16540,555,-453,-265,-312,0,0
8023267735,19.337,-44.469,1007.781,5320.000,-3955.000,-2275.000,23.762,317,-729,16521,608,-452,-260,-317,0,0
8023277140,16.165,-50.386,1010.343,5862.500,-3937.500,-2196.250,23.762,265,-826,16563,670,-450,-251,-317,0,0
8023286551,17.324,-32.330,1007.781,6632.500,-3920.000,-2126.250,23.750,284,-530,16521,758,-448,-243,-320,0,0
8023295957,16.165,-38.979,1007.598,4996.250,-3955.000,-1977.500,23.750,265,-639,16518,571,-452,-226,-320,0,0
8023305372,15.189,-47.031,1008.574,4646.250,-4042.500,-1890.000,23.750,249,-771,16534,531,-462,-216,-320,0,0
8023314777,15.250,-42.517,1009.916,5355.000,-3972.500,-1758.750,23.750,250,-697,16556,612,-454,-201,-320,0,0
8023324190,16.104,-38.247,1008.208,5652.500,-3981.250,-1645.000,23.789,264,-627,16528,646,-455,-188,-310,0,0
8023333595,16.714,-43.859,1008.330,5320.000,-4051.250,-1618.750,23.789,274,-719,16530,608,-463,-185,-310,0,0
8023343006,15.921,-41.907,1007.964,5635.000,-4025.000,-1575.000,23.750,261,-687,16524,644,-460,-180,-320,0,0
8023352415,17.385,-39.894,1010.099,5775.000,-4051.250,-1408.750,23.750,285,-654,16559,660,-463,-161,-320,0,0
8023361827,17.202,-39.284,1008.147,5293.750,-4025.000,-1067.500,23.801,282,-644,16527,605,-460,-122,-307,0,0
8023371231,15.311,-41.968,1007.476,5031.250,-4007.500,-910.000,23.801,251,-688,16516,575,-458,-104,-307,0,0
8023380644,15.006,-41.785,1009.062,5241.250,-4007.500,-1190.000,23.738,246,-685,16542,599,-458,-136,-323,0,0
8023390050,15.738,-41.785,1010.404,5293.750,-3990.000,-1207.500,23.738,258,-685,16564,605,-456,-138,-323,0,0
8023399465,16.043,-41.968,1007.598,5363.750,-4025.000,-1303.750,23.785,263,-688,16518,613,-460,-149,-311,0,0
8023408870,15.616,-37.210,1007.964,5608.750,-4025.000,-1741.250,23.785,256,-610,16524,641,-460,-199,-311,0,0
8023418277,17.934,-39.284,1010.587,5197.500,-4033.750,-1881.250,23.793,294,-644,16567,594,-461,-215,-309,0,0
8023427692,16.470,-41.968,1009.916,5040.000,-4025.000,-2170.000,23.793,270,-688,16556,576,-460,-248,-309,0,0
8023437098,17.019,-39.894,1006.805,5285.000,-3963.750,-2397.500,23.785,279,-654,16505,604,-453,-274,-311,0,0
8023446509,16.348,-40.382,1007.659,5188.750,-3911.250,-2458.750,23.785,268,-662,16519,593,-447,-281,-311,0,0
8023455917,16.409,-41.358,1010.343,5136.250,-4016.250,-2467.500,23.809,269,-678,16563,587,-459,-282,-305,0,0
8023465331,17.019,-40.809,1007.232,5215.000,-4042.500,-2493.750,23.809,279,-669,16512,596,-462,-285,-305,0,0
8023474737,17.202,-42.517,1008.391,5293.750,-3981.250,-2502.500,23.730,282,-697,16531,605,-455,-286,-325,0,0
8023484145,16.836,-42.700,1010.404,5652.500,-3963.750,-2493.750,23.730,276,-700,16564,646,-453,-285,-325,0,0
8023493558,16.836,-40.565,1009.672,6212.500,-3981.250,-2502.500,23.746,276,-665,16552,710,-455,-286,-321,0,0
8023502963,17.080,-31.720,1007.110,5766.250,-3981.250,-2458.750,23.746,280,-520,16510,659,-455,-281,-321,0,0
8023512374,16.897,-41.480,1008.452,4751.250,-4025.000,-2441.250,23.742,277,-680,16532,543,-460,-279,-322,0,0
8023521781,17.690,-41.968,1009.428,5013.750,-4007.500,-2467.500,23.742,290,-688,16548,573,-458,-282,-322,0,0
8023531195,17.324,-36.295,1009.550,5372.500,-4007.500,-2450.000,23.785,284,-595,16550,614,-458,-280,-311,0,0
8023540602,15.799,-39.650,1010.221,4970.000,-4033.750,-2450.000,23.785,259,-650,16561,568,-461,-280,-311,0,0
8023550013,16.409,-40.199,1008.635,4943.750,-3937.500,-2485.000,23.773,269,-659,16535,565,-450,-284,-314,0,0
8023559422,17.141,-39.711,1008.208,5136.250,-3963.750,-2485.000,23.773,281,-651,16528,587,-453,-284,-314,0,0
8023568827,15.311,-38.125,1008.513,5188.750,-4033.750,-2493.750,23.785,251,-625,16533,593,-461,-285,-311,0,0
8023578241,16.958,-40.077,1009.489,5066.250,-4051.250,-2493.750,23.785,278,-657,16549,579,-463,-285,-311,0,0
8023587649,16.104,-39.162,1009.550,5022.500,-3972.500,-2467.500,23.777,264,-642,16550,574,-454,-282,-313,0,0
8023597055,17.385,-38.125,1008.574,5110.000,-3972.500,-2467.500,23.777,285,-625,16534,584,-454,-282,-313,0,0
8023606467,16.897,-38.674,1008.025,5075.000,-3981.250,-2476.250,23.813,277,-634,16525,580,-455,-283,-304,0,0
8023615876,17.019,-41.114,1008.391,5110.000,-3990.000,-2476.250,23.813,279,-674,16531,584,-456,-283,-304,0,0
8023625288,17.385,-47.275,1009.245,5766.250,-3972.500,-2467.500,23.766,285,-775,16545,659,-454,-282,-316,0,0
8023634694,16.897,-36.417,1008.025,7078.750,-3928.750,-2476.250,23.766,277,-597,16525,809,-449,-283,-316,0,0
8023644102,16.470,-24.339,1007.781,6448.750,-3885.000,-2467.500,23.781,270,-399,16521,737,-444,-282,-312,0,0
8023653515,17.202,-41.480,1008.574,4742.500,-4016.250,-2467.500,23.781,282,-680,16534,542,-459,-282,-312,0,0
8023662921,16.104,-39.711,1009.977,4996.250,-4007.500,-2476.250,23.762,264,-651,16557,571,-458,-283,-317,0,0
8023672330,16.226,-38.247,1008.757,5136.250,-4025.000,-2467.500,23.762,266,-627,16537,587,-460,-282,-317,0,0
8023681742,15.982,-38.003,1008.391,5048.750,-3946.250,-2432.500,23.750,262,-623,16531,577,-451,-278,-320,0,0
8023691148,17.324,-39.162,1008.269,5057.500,-3990.000,-2441.250,23.750,284,-642,16529,578,-456,-279,-320,0,0
8023700557,16.043,-39.223,1009.245,5162.500,-3893.750,-2476.250,23.762,263,-643,16545,590,-445,-283,-317,0,0
8023709970,17.690,-41.053,1008.635,5495.000,-3946.250,-2528.750,23.762,290,-673,16535,628,-451,-289,-317,0,0
8023719382,16.714,-32.940,1009.672,5836.250,-3990.000,-2485.000,23.750,274,-540,16552,667,-456,-284,-320,0,0
8023728786,17.385,-35.563,1009.672,5180.000,-3990.000,-2467.500,23.750,285,-583,16552,592,-456,-282,-320,0,0
8023738195,16.775,-39.711,1009.245,4987.500,-4033.750,-2493.750,23.762,275,-651,16545,570,-461,-285,-317,0,0
8023747607,15.616,-38.552,1010.160,5188.750,-3946.250,-2476.250,23.762,256,-632,16560,593,-451,-283,-317,0,0
8023757013,16.287,-38.125,1008.086,5215.000,-3955.000,-2485.000,23.785,267,-625,16526,596,-452,-284,-311,0,0
8023766429,16.409,-38.918,1008.208,5258.750,-3998.750,-2467.500,23.785,269,-638,16528,601,-457,-282,-311,0,0
8023775834,15.738,-35.136,1009.916,5363.750,-3946.250,-2485.000,23.738,258,-576,16556,613,-451,-284,-323,0,0
8023785241,16.409,-36.966,1010.282,5206.250,-3937.500,-2450.000,23.738,269,-606,16562,595,-450,-280,-323,0,0
8023794656,17.690,-41.297,1008.757,5346.250,-3998.750,-2476.250,23.742,290,-677,16537,611,-457,-283,-322,0,0
8023804062,15.250,-32.025,1008.452,5608.750,-3981.250,-2458.750,23.742,250,-525,16532,641,-455,-281,-322,0,0
8023813475,15.494,-36.234,1010.892,5083.750,-3955.000,-2441.250,23.719,254,-594,16572,581,-452,-279,-328,0,0
8023822883,17.202,-37.515,1010.038,5083.750,-3955.000,-2441.250,23.719,282,-615,16558,581,-452,-279,-328,0,0
8023832288,16.104,-37.820,1007.659,5407.500,-3981.250,-2485.000,23.723,264,-620,16519,618,-455,-284,-327,0,0
8023841701,16.104,-31.903,1008.025,5512.500,-3981.250,-2476.250,23.723,264,-523,16525,630,-455,-283,-327,0,0
8023851109,16.409,-37.759,1009.367,4891.250,-3981.250,-2458.750,23.746,269,-619,16547,559,-455,-281,-321,0,0
8023860522,15.799,-37.637,1009.367,4908.750,-3972.500,-2467.500,23.746,259,-617,16547,561,-454,-282,-321,0,0
8023869926,16.897,-36.295,1007.720,5145.000,-3990.000,-2485.000,23.777,277,-595,16520,588,-456,-284,-313,0,0
8023879339,15.616,-36.112,1008.574,5162.500,-3981.250,-2467.500,23.777,256,-592,16534,590,-455,-282,-313,0,0
8023888747,16.165,-36.112,1010.343,5057.500,-3893.750,-2441.250,23.789,265,-592,16563,578,-445,-279,-310,0,0
8023898157,16.775,-35.258,1009.306,5066.250,-3937.500,-2423.750,23.789,275,-578,16546,579,-450,-277,-310,0,0
8023907564,16.409,-35.136,1008.086,5048.750,-3998.750,-2467.500,23.746,269,-576,16526,577,-457,-282,-321,0,0
8023916977,15.555,-36.051,1010.831,4987.500,-4016.250,-2476.250,23.746,255,-591,16571,570,-459,-283,-321,0,0
8023926386,16.897,-36.417,1012.844,5127.500,-3955.000,-2441.250,23.770,277,-597,16604,586,-452,-279,-315,0,0
8023935792,17.080,-35.319,1008.818,5101.250,-3998.750,-2450.000,23.770,280,-579,16538,583,-457,-280,-315,0,0
8023945205,15.494,-35.319,1006.561,5048.750,-4033.750,-2423.750,23.785,254,-579,16501,577,-461,-277,-311,0,0
8023954613,16.470,-36.539,1010.770,4996.250,-3981.250,-2432.500,23.785,270,-599,16570,571,-455,-278,-311,0,0
8023964018,16.409,-36.417,1012.844,4996.250,-3998.750,-2441.250,23.758,269,-597,16604,571,-457,-279,-318,0,0
8023973431,16.348,-35.624,1008.879,5075.000,-3928.750,-2441.250,23.758,268,-584,16539,580,-449,-279,-318,0,0
8023982840,16.287,-35.136,1007.781,5215.000,-4033.750,-2467.500,23.746,267,-576,16521,596,-461,-282,-321,0,0
8023992245,16.653,-33.672,1010.709,5250.000,-4033.750,-2485.000,23.746,273,-552,16569,600,-461,-284,-321,0,0
8024001659,17.019,-35.563,1010.282,5110.000,-4025.000,-2476.250,23.770,279,-583,16562,584,-460,-283,-315,0,0
8024011067,16.897,-35.319,1007.171,5101.250,-3981.250,-2423.750,23.770,277,-579,16511,583,-455,-277,-315,0,0
8024020474,16.775,-35.502,1009.672,5171.250,-3998.750,-2432.500,23.754,275,-582,16552,591,-457,-278,-319,0,0
8024029889,16.714,-35.136,1009.794,5223.750,-4016.250,-2476.250,23.754,274,-576,16554,597,-459,-283,-319,0,0
8024039295,17.019,-34.648,1008.330,5118.750,-3946.250,-2450.000,23.754,279,-568,16530,585,-451,-280,-319,0,0
8024048707,16.958,-35.746,1007.781,5057.500,-3963.750,-2467.500,23.754,278,-586,16521,578,-453,-282,-319,0,0
8024058113,17.385,-35.563,1009.245,5223.750,-3928.750,-2467.500,23.789,285,-583,16545,597,-449,-282,-310,0,0
8024067521,16.653,-39.223,1011.319,5285.000,-3911.250,-2485.000,23.789,273,-643,16579,604,-447,-284,-310,0,0
8024076934,16.531,-30.500,1010.221,5792.500,-3928.750,-2458.750,23.754,271,-500,16561,662,-449,-281,-319,0,0
8024086342,16.531,-31.781,1008.452,5232.500,-3990.000,-2458.750,23.754,271,-521,16532,598,-456,-281,-319,0,0
8024095749,17.568,-36.478,1009.794,4882.500,-3990.000,-2432.500,23.789,288,-598,16554,558,-456,-278,-310,0,0
8024105163,16.531,-34.709,1009.916,5075.000,-3963.750,-2450.000,23.789,271,-569,16556,580,-453,-280,-310,0,0
8024114571,16.104,-34.587,1008.696,5136.250,-3928.750,-2502.500,23.746,264,-567,16536,587,-449,-286,-321,0,0
8024123977,16.653,-33.794,1008.452,5171.250,-3963.750,-2485.000,23.746,273,-554,16532,591,-453,-284,-321,0,0
8024133386,14.213,-36.295,1009.977,5276.250,-4016.250,-2467.500,23.762,233,-595,16557,603,-459,-282,-317,0,0
8024142800,15.311,-36.295,1009.794,5608.750,-3955.000,-2458.750,23.762,251,-595,16554,641,-452,-281,-317,0,0
8024152208,15.982,-29.646,1008.330,5783.750,-3972.500,-2476.250,23.785,262,-486,16530,661,-454,-283,-311,0,0
8024161615,16.287,-32.818,1009.306,4987.500,-4060.000,-2467.500,23.785,267,-538,16546,570,-464,-282,-311,0,0
8024171024,15.860,-36.173,1010.160,4891.250,-3990.000,-2467.500,23.742,260,-593,16560,559,-456,-282,-322,0,0
8024180438,16.714,-33.916,1009.916,5075.000,-4016.250,-2493.750,23.742,274,-556,16556,580,-459,-285,-322,0,0
8024189843,17.019,-34.038,1008.818,5101.250,-4042.500,-2485.000,23.754,279,-558,16538,583,-462,-284,-319,0,0
8024199251,16.775,-33.550,1010.160,5136.250,-4033.750,-2485.000,23.754,275,-550,16560,587,-461,-284,-319,0,0
8024208664,17.629,-34.709,1010.892,5013.750,-4025.000,-2476.250,23.762,289,-569,16572,573,-460,-283,-317,0,0
8024218070,16.348,-34.038,1009.001,5188.750,-3955.000,-2476.250,23.762,268,-558,16541,593,-452,-283,-317,0,0
8024227485,16.104,-33.367,1007.781,5206.250,-3972.500,-2476.250,23.750,264,-547,16521,595,-454,-283,-320,0,0
8024236891,15.250,-33.916,1010.099,5258.750,-3990.000,-2476.250,23.750,250,-556,16559,601,-456,-283,-320,0,0
8024246300,15.616,-32.940,1010.831,5092.500,-3955.000,-2485.000,23.801,256,-540,16571,582,-452,-284,-307,0,0
8024255713,16.287,-33.306,1008.513,5101.250,-4033.750,-2476.250,23.801,267,-546,16533,583,-461,-283,-307,0,0
8024265120,16.897,-34.099,1007.598,4900.000,-3998.750,-2458.750,23.746,277,-559,16518,560,-457,-281,-321,0,0
8024274528,17.385,-34.404,1010.404,5005.000,-4051.250,-2493.750,23.746,285,-564,16564,572,-463,-285,-321,0,0
8024283941,15.738,-32.940,1010.648,5031.250,-4025.000,-2476.250,23.746,258,-540,16568,575,-460,-283,-321,0,0
8024293350,16.531,-31.354,1008.879,4935.000,-3998.750,-2511.250,23.746,271,-514,16539,564,-457,-287,-321,0,0
8024302756,15.982,-32.757,1007.415,5013.750,-3998.750,-2485.000,23.742,262,-537,16515,573,-457,-284,-322,0,0
8024312163,16.531,-33.245,1009.428,5040.000,-4025.000,-2493.750,23.742,271,-545,16548,576,-460,-285,-322,0,0
8024321577,15.799,-31.476,1010.221,5075.000,-3998.750,-2493.750,23.773,259,-516,16561,580,-457,-285,-314,0,0
8024330983,15.616,-32.879,1009.855,5013.750,-4016.250,-2511.250,23.773,256,-539,16555,573,-459,-287,-314,0,0
8024340397,16.409,-32.879,1009.123,4935.000,-4051.250,-2485.000,23.750,269,-539,16543,564,-463,-284,-320,0,0
8024349805,16.470,-33.855,1009.855,4978.750,-4025.000,-2450.000,23.750,270,-555,16555,569,-460,-280,-320,0,0
8024359210,16.714,-32.757,1009.367,5031.250,-3963.750,-2476.250,23.773,274,-537,16547,575,-453,-283,-314,0,0
8024368618,15.799,-32.208,1008.025,5127.500,-3972.500,-2502.500,23.773,259,-528,16525,586,-454,-286,-314,0,0
8024378032,15.799,-33.672,1008.940,5171.250,-3963.750,-2467.500,23.789,259,-552,16540,591,-453,-282,-310,0,0
8024387438,16.043,-33.367,1011.929,5127.500,-3946.250,-2458.750,23.789,263,-547,16589,586,-451,-281,-310,0,0
8024396847,16.653,-36.539,1010.282,5215.000,-3946.250,-2450.000,23.770,273,-599,16562,596,-451,-280,-315,0,0
8024406259,16.409,-34.038,1007.171,5880.000,-3902.500,-2467.500,23.770,269,-558,16511,672,-446,-282,-315,0,0
8024415666,15.982,-25.864,1009.550,6291.250,-3963.750,-2493.750,23.773,262,-424,16550,719,-453,-285,-314,0,0
8024425081,17.385,-29.585,1009.977,5197.500,-3955.000,-2450.000,23.773,285,-485,16557,594,-452,-280,-314,0,0
8024434488,17.202,-34.648,1009.855,4751.250,-3946.250,-2467.500,23.758,282,-568,16555,543,-451,-282,-318,0,0
8024443896,15.555,-32.818,1009.611,5057.500,-3981.250,-2502.500,23.758,255,-538,16551,578,-455,-286,-318,0,0
8024453303,15.921,-31.781,1008.391,5188.750,-3972.500,-2467.500,23.734,261,-521,16531,593,-454,-282,-324,0,0
8024462718,15.311,-30.500,1009.306,5188.750,-3981.250,-2493.750,23.734,251,-500,16546,593,-455,-285,-324,0,0
8024472124,15.555,-32.452,1009.489,5040.000,-4016.250,-2485.000,23.727,255,-532,16549,576,-459,-284,-326,0,0
8024481530,16.043,-30.927,1006.866,5180.000,-4016.250,-2458.750,23.727,263,-507,16506,592,-459,-281,-326,0,0
8024490942,16.226,-32.208,1011.136,5162.500,-3990.000,-2467.500,23.793,266,-528,16576,590,-456,-282,-309,0,0
8024500350,16.531,-32.086,1011.746,5293.750,-3998.750,-2467.500,23.793,271,-526,16586,605,-457,-282,-309,0,0
8024509763,15.616,-31.964,1009.611,5442.500,-3998.750,-2467.500,23.766,256,-524,16551,622,-457,-282,-316,0,0
8024519170,16.409,-27.755,1008.147,5355.000,-3963.750,-2441.250,23.766,269,-455,16527,612,-453,-279,-316,0,0
8024528578,16.470,-30.622,1009.611,4882.500,-4016.250,-2467.500,23.789,270,-502,16551,558,-459,-282,-310,0,0
8024537990,16.653,-32.635,1010.648,4882.500,-3998.750,-2476.250,23.789,273,-535,16568,558,-457,-283,-310,0,0
8024547398,15.189,-31.964,1010.465,4978.750,-3963.750,-2485.000,23.773,249,-524,16565,569,-453,-284,-314,0,0
8024556805,16.287,-31.659,1010.404,4996.250,-3990.000,-2502.500,23.773,267,-519,16564,571,-456,-286,-314,0,0
8024566217,15.982,-31.659,1009.611,4996.250,-3998.750,-2493.750,23.770,262,-519,16551,571,-457,-285,-315,0,0
8024575625,16.836,-31.537,1009.306,4952.500,-3990.000,-2502.500,23.770,276,-517,16546,566,-456,-286,-315,0,0
8024585039,16.653,-31.354,1007.537,4917.500,-4025.000,-2485.000,23.809,273,-514,16517,562,-460,-284,-305,0,0
8024594445,16.348,-31.476,1010.038,4996.250,-4033.750,-2476.250,23.809,268,-516,16558,571,-461,-283,-305,0,0
8024603853,16.409,-31.171,1012.966,5013.750,-4042.500,-2467.500,23.785,269,-511,16606,573,-462,-282,-311,0,0
8024613266,15.860,-30.317,1010.587,5057.500,-4025.000,-2458.750,23.785,260,-497,16567,578,-460,-281,-311,0,0
8024622675,15.555,-30.561,1008.696,5022.500,-3990.000,-2476.250,23.754,255,-501,16536,574,-456,-283,-319,0,0
8024632082,16.104,-30.866,1010.282,4952.500,-4016.250,-2467.500,23.754,264,-506,16562,566,-459,-282,-319,0,0
8024641490,15.738,-30.988,1010.282,5013.750,-4025.000,-2450.000,23.754,258,-508,16562,573,-460,-280,-319,0,0
8024650903,15.921,-32.086,1008.940,5083.750,-4016.250,-2467.500,23.754,261,-526,16540,581,-459,-282,-319,0,0
8024660309,15.982,-30.988,1008.208,5171.250,-3990.000,-2493.750,23.762,262,-508,16528,591,-456,-285,-317,0,0
8024669717,16.348,-30.622,1008.086,5206.250,-3981.250,-2476.250,23.762,268,-502,16526,595,-455,-283,-317,0,0
8024679131,15.677,-30.195,1008.879,5013.750,-3963.750,-2467.500,23.789,257,-495,16539,573,-453,-282,-310,0,0
8024688537,16.409,-31.171,1011.868,5075.000,-3998.750,-2467.500,23.789,269,-511,16588,580,-457,-282,-310,0,0
8024697946,16.714,-31.476,1010.404,5145.000,-3981.250,-2467.500,23.777,274,-516,16564,588,-455,-282,-313,0,0
8024707359,17.446,-42.883,1010.465,5337.500,-3937.500,-2450.000,23.777,286,-703,16565,610,-450,-280,-313,0,0
8024716767,15.372,-28.487,1009.245,6903.750,-3902.500,-2520.000,23.730,252,-467,16545,789,-446,-288,-325,0,0
8024726174,15.006,-18.788,1009.306,6632.500,-3920.000,-2476.250,23.730,246,-308,16546,758,-448,-283,-325,0,0
8024735587,15.555,-27.572,1009.062,5040.000,-4007.500,-2450.000,23.773,255,-452,16542,576,-458,-280,-314,0,0
8024744993,16.897,-34.282,1009.794,4698.750,-3990.000,-2441.250,23.773,277,-562,16554,537,-456,-279,-314,0,0
8024754400,14.945,-31.171,1009.184,5136.250,-3963.750,-2493.750,23.750,245,-511,16544,587,-453,-285,-320,0,0
8024763813,14.701,-28.975,1009.489,5346.250,-3928.750,-2485.000,23.750,241,-475,16549,611,-449,-284,-320,0,0
8024773221,16.409,-29.463,1008.940,5425.000,-3955.000,-2476.250,23.801,269,-483,16540,620,-452,-283,-307,0,0
8024782635,14.335,-31.171,1010.953,5521.250,-3972.500,-2458.750,23.801,235,-511,16573,631,-454,-281,-307,0,0
8024792041,16.287,-33.489,1010.526,5827.500,-3937.500,-2450.000,23.766,267,-549,16566,666,-450,-280,-316,0,0
8024801449,16.470,-30.012,1008.818,6440.000,-3867.500,-2493.750,23.766,270,-492,16538,736,-442,-285,-316,0,0
8024810863,16.104,-21.960,1009.794,6746.250,-3928.750,-2511.250,23.750,264,-360,16554,771,-449,-287,-320,0,0
8024820271,15.921,-21.167,1010.221,5512.500,-3998.750,-2467.500,23.750,261,-347,16561,630,-457,-282,-320,0,0
8024829677,15.555,-32.940,1009.977,4567.500,-4033.750,-2458.750,23.820,255,-540,16557,522,-461,-281,-302,0,0
8024839090,15.921,-27.816,1009.550,5110.000,-4042.500,-2476.250,23.820,261,-456,16550,584,-462,-283,-302,0,0
8024848499,16.897,-28.548,1009.672,5127.500,-3990.000,-2441.250,23.789,277,-468,16552,586,-456,-279,-310,0,0
8024857905,16.165,-26.535,1009.855,5188.750,-4060.000,-2441.250,23.789,265,-435,16555,593,-464,-279,-310,0,0
8024867314,16.409,-28.487,1010.587,5040.000,-4051.250,-2476.250,23.797,269,-467,16567,576,-463,-283,-308,0,0
8024876727,15.677,-27.755,1009.367,4987.500,-3963.750,-2450.000,23.797,257,-455,16547,570,-453,-280,-308,0,0
8024886133,15.677,-28.670,1008.269,5005.000,-4068.750,-2493.750,23.789,257,-470,16529,572,-465,-285,-310,0,0
8024895541,17.019,-28.182,1010.831,4987.500,-3998.750,-2467.500,23.789,279,-462,16571,570,-457,-282,-310,0,0
8024904954,16.104,-28.182,1010.099,4952.500,-3946.250,-2467.500,23.754,264,-462,16559,566,-451,-282,-319,0,0
8024914360,16.409,-28.670,1010.038,4978.750,-3963.750,-2458.750,23.754,269,-470,16558,569,-453,-281,-319,0,0
8024923775,16.714,-29.036,1009.123,5075.000,-3946.250,-2476.250,23.805,274,-476,16543,580,-451,-283,-306,0,0
8024933181,16.043,-29.951,1009.001,5337.500,-3937.500,-2458.750,23.805,263,-491,16541,610,-450,-281,-306,0,0
8024942587,16.287,-27.572,1009.062,5740.000,-4025.000,-2467.500,23.754,267,-452,16542,656,-460,-282,-319,0,0
8024952000,16.165,-27.328,1010.587,5792.500,-4051.250,-2520.000,23.754,265,-448,16567,662,-463,-288,-319,0,0
8024961407,17.324,-30.256,1010.221,5766.250,-3937.500,-2502.500,23.719,284,-496,16561,659,-450,-286,-328,0,0
8024970819,16.897,-24.583,1010.221,6072.500,-3920.000,-2476.250,23.719,277,-403,16561,694,-448,-283,-328,0,0
8024980231,15.677,-21.289,1009.855,5425.000,-4016.250,-2485.000,23.813,257,-349,16555,620,-459,-284,-304,0,0
8024989636,16.165,-28.975,1010.343,4926.250,-4121.250,-2476.250,23.813,265,-475,16563,563,-471,-283,-304,0,0
8024999043,15.860,-27.267,1009.794,5118.750,-3998.750,-2467.500,23.762,260,-447,16554,585,-457,-282,-317,0,0
8025008457,15.494,-27.145,1009.184,5101.250,-3998.750,-2467.500,23.762,254,-445,16544,583,-457,-282,-317,0,0
8025017862,16.287,-28.426,1011.136,5188.750,-3998.750,-2467.500,23.754,267,-466,16576,593,-457,-282,-319,0,0
8025027276,15.921,-28.731,1010.526,5512.500,-3972.500,-2450.000,23.754,261,-471,16566,630,-454,-280,-319,0,0
8025036684,14.762,-21.045,1010.038,5495.000,-3955.000,-2467.500,23.719,242,-345,16558,628,-452,-282,-328,0,0
8025046090,15.616,-26.230,1008.208,4812.500,-3998.750,-2450.000,23.719,256,-430,16528,550,-457,-280,-328,0,0
8025055498,17.446,-28.243,1009.367,4838.750,-4016.250,-2476.250,23.805,286,-463,16547,553,-459,-283,-306,0,0
8025064911,15.799,-26.962,1011.441,5040.000,-3937.500,-2441.250,23.805,259,-442,16581,576,-450,-279,-306,0,0
8025074323,14.945,-27.206,1009.489,5022.500,-4042.500,-2467.500,23.746,245,-446,16549,574,-462,-282,-321,0,0
8025083731,15.311,-26.962,1009.184,5145.000,-4016.250,-2485.000,23.746,251,-442,16544,588,-459,-284,-321,0,0
8025093138,15.433,-29.097,1010.831,5337.500,-4033.750,-2476.250,23.809,253,-477,16571,610,-461,-283,-305,0,0
8025102551,16.165,-24.034,1010.465,5608.750,-3963.750,-2493.750,23.809,265,-394,16565,641,-453,-285,-305,0,0
8025111955,16.043,-24.766,1009.855,5451.250,-3972.500,-2450.000,23.746,263,-406,16555,623,-454,-280,-321,0,0
8025121370,15.921,-33.977,1010.160,5652.500,-3963.750,-2458.750,23.746,261,-557,16560,646,-453,-281,-321,0,0
8025130776,15.494,-20.923,1009.977,6833.750,-3911.250,-2520.000,23.762,254,-343,16557,781,-447,-288,-317,0,0
8025140188,15.189,-17.690,1009.306,6002.500,-3981.250,-2485.000,23.762,249,-290,16546,686,-455,-284,-317,0,0
8025149593,15.921,-28.914,1009.489,5127.500,-3998.750,-2476.250,23.750,261,-474,16549,586,-457,-283,-320,0,0
8025159005,16.653,-30.744,1010.709,5748.750,-3902.500,-2502.500,23.750,273,-504,16569,657,-446,-286,-320,0,0
8025168413,15.372,-14.884,1009.428,6352.500,-3928.750,-2493.750,23.770,252,-244,16548,726,-449,-285,-315,0,0
8025177826,14.030,-21.960,1008.086,5180.000,-3972.500,-2476.250,23.770,230,-360,16526,592,-454,-283,-315,0,0
8025187230,15.189,-25.864,1010.038,4803.750,-4025.000,-2476.250,23.734,249,-424,16558,549,-460,-283,-324,0,0
8025196643,15.799,-25.864,1010.953,5250.000,-4007.500,-2485.000,23.734,259,-424,16573,600,-458,-284,-324,0,0
8025206050,15.128,-22.692,1008.513,5407.500,-3928.750,-2450.000,23.809,248,-372,16533,618,-449,-280,-305,0,0
8025215457,16.531,-20.252,1006.012,5215.000,-4025.000,-2493.750,23.809,271,-332,16492,596,-460,-285,-305,0,0
8025224868,15.494,-23.912,1009.428,4970.000,-3981.250,-2467.500,23.746,254,-392,16548,568,-455,-282,-321,0,0
8025234280,15.738,-25.742,1010.831,4987.500,-3902.500,-2450.000,23.746,258,-422,16571,570,-446,-280,-321,0,0
8025243691,15.067,-24.522,1008.330,5232.500,-3998.750,-2458.750,23.750,247,-402,16530,598,-457,-281,-320,0,0
8025253097,15.128,-27.389,1007.781,5381.250,-3963.750,-2467.500,23.750,248,-449,16521,615,-453,-282,-320,0,0
8025262505,15.616,-26.474,1009.001,5993.750,-3920.000,-2511.250,23.754,256,-434,16541,685,-448,-287,-319,0,0
8025271918,15.372,-18.971,1010.526,6370.000,-3885.000,-2493.750,23.754,252,-311,16566,728,-444,-285,-319,0,0
8025281324,15.433,-17.446,1007.964,5398.750,-3955.000,-2467.500,23.793,253,-286,16524,617,-452,-282,-309,0,0
8025290731,15.860,-26.230,1009.733,4725.000,-4033.750,-2458.750,23.793,260,-430,16553,540,-461,-281,-309,0,0
8025300145,15.616,-25.864,1012.539,5145.000,-4042.500,-2458.750,23.766,256,-424,16599,588,-462,-281,-316,0,0
8025309550,15.860,-24.583,1010.099,5425.000,-4025.000,-2458.750,23.766,260,-403,16559,620,-460,-281,-316,0,0
8025318962,15.616,-21.228,1008.391,5652.500,-4033.750,-2493.750,23.816,256,-348,16531,646,-461,-285,-303,0,0
8025328375,16.104,-19.642,1008.452,5363.750,-3990.000,-2485.000,23.816,264,-322,16532,613,-456,-284,-303,0,0
8025337782,15.799,-22.814,1011.929,5022.500,-4060.000,-2493.750,23.793,259,-374,16589,574,-464,-285,-309,0,0
8025347187,15.433,-24.034,1010.831,4996.250,-4033.750,-2485.000,23.793,253,-394,16571,571,-461,-284,-309,0,0
8025356600,15.677,-23.424,1008.391,5223.750,-4060.000,-2520.000,23.773,257,-384,16531,597,-464,-288,-314,0,0
8025366012,15.311,-23.363,1009.855,5433.750,-3998.750,-2458.750,23.773,251,-383,16555,621,-457,-281,-314,0,0
8025375420,15.311,-20.923,1011.197,5390.000,-3955.000,-2476.250,23.777,251,-343,16577,616,-452,-283,-313,0,0
8025384825,15.982,-22.326,1009.184,4943.750,-3963.750,-2467.500,23.777,262,-366,16544,565,-453,-282,-313,0,0
8025394237,15.372,-23.668,1009.184,4830.000,-4007.500,-2476.250,23.754,252,-388,16544,552,-458,-283,-319,0,0
8025403649,15.067,-21.899,1009.367,5083.750,-3955.000,-2432.500,23.754,247,-359,16547,581,-452,-278,-319,0,0
8025413057,15.189,-22.204,1011.136,5136.250,-3963.750,-2458.750,23.789,249,-364,16576,587,-453,-281,-310,0,0
8025422463,15.372,-23.485,1009.245,5258.750,-3981.250,-2476.250,23.789,252,-385,16545,601,-455,-283,-310,0,0
8025431875,15.555,-21.167,1009.184,5363.750,-3972.500,-2458.750,23.785,255,-347,16544,613,-454,-281,-311,0,0
8025441287,15.494,-21.350,1011.502,5293.750,-3981.250,-2485.000,23.785,254,-350,16582,605,-455,-284,-311,0,0
8025450691,15.494,-23.180,1011.441,5110.000,-3902.500,-2485.000,23.742,254,-380,16581,584,-446,-284,-322,0,0
8025460103,16.104,-20.679,1007.293,5153.750,-3928.750,-2458.750,23.742,264,-339,16513,589,-449,-281,-322,0,0
8025469509,15.555,-24.095,1009.733,5355.000,-3998.750,-2458.750,23.738,255,-395,16553,612,-457,-281,-323,0,0
8025478923,15.006,-18.727,1009.245,5460.000,-4042.500,-2458.750,23.738,246,-307,16545,624,-462,-281,-323,0,0
8025488329,16.165,-21.289,1009.916,5136.250,-4051.250,-2511.250,23.746,265,-349,16556,587,-463,-287,-321,0,0
8025497743,15.616,-22.509,1009.794,5057.500,-4051.250,-2537.500,23.746,256,-369,16554,578,-463,-290,-321,0,0
8025507150,15.555,-22.326,1008.757,5005.000,-3981.250,-2485.000,23.766,255,-366,16537,572,-455,-284,-316,0,0
8025516556,15.982,-20.496,1008.513,5040.000,-3963.750,-2493.750,23.766,262,-336,16533,576,-453,-285,-316,0,0
8025525968,14.823,-21.228,1010.587,5101.250,-4042.500,-2458.750,23.777,243,-348,16567,583,-462,-281,-313,0,0
8025535380,14.335,-20.679,1009.733,5118.750,-4025.000,-2476.250,23.777,235,-339,16553,585,-460,-283,-313,0,0
8025544787,15.982,-21.350,1010.221,4970.000,-3963.750,-2450.000,23.785,262,-350,16561,568,-453,-280,-311,0,0
8025554194,15.311,-20.557,1009.794,4935.000,-3946.250,-2485.000,23.785,251,-337,16554,564,-451,-284,-311,0,0
8025563607,15.738,-19.947,1010.953,5013.750,-4016.250,-2485.000,23.770,258,-327,16573,573,-459,-284,-315,0,0
8025573017,16.592,-20.374,1007.964,4961.250,-4007.500,-2476.250,23.770,272,-334,16524,567,-458,-283,-315,0,0
8025582421,15.494,-21.350,1008.879,4943.750,-3937.500,-2450.000,23.773,254,-350,16539,565,-450,-280,-314,0,0
8025591833,16.104,-22.509,1010.160,4978.750,-4016.250,-2476.250,23.773,264,-369,16560,569,-459,-283,-314,0,0
8025601244,15.921,-25.681,1010.526,5276.250,-4016.250,-2467.500,23.789,261,-421,16566,603,-459,-282,-310,0,0
8025610650,14.640,-16.592,1008.879,5643.750,-3981.250,-2485.000,23.789,240,-272,16539,645,-455,-284,-310,0,0
8025620064,14.518,-19.459,1008.574,4952.500,-4051.250,-2467.500,23.797,238,-319,16534,566,-463,-282,-308,0,0
8025629470,15.067,-21.655,1010.038,4838.750,-4060.000,-2458.750,23.797,247,-355,16558,553,-464,-281,-308,0,0
8025638882,14.701,-20.313,1009.977,5048.750,-4007.500,-2476.250,23.789,241,-333,16557,577,-458,-283,-310,0,0
8025648286,14.945,-20.252,1008.818,4935.000,-4025.000,-2458.750,23.789,245,-332,16538,564,-460,-281,-310,0,0
8025657698,15.433,-20.557,1010.526,4970.000,-4025.000,-2485.000,23.789,253,-337,16566,568,-460,-284,-310,0,0
8025667109,15.494,-20.191,1011.197,5013.750,-3981.250,-2458.750,23.789,254,-331,16577,573,-455,-281,-310,0,0
8025676515,14.762,-20.313,1009.611,5013.750,-3998.750,-2432.500,23.777,242,-333,16551,573,-457,-278,-313,0,0
8025685929,15.616,-20.374,1008.208,4926.250,-4007.500,-2458.750,23.777,256,-334,16528,563,-458,-281,-313,0,0
8025695335,16.104,-21.472,1011.868,4891.250,-3963.750,-2450.000,23.734,264,-352,16588,559,-453,-280,-324,0,0
8025704747,14.945,-20.130,1010.709,5057.500,-4007.500,-2458.750,23.734,245,-330,16569,578,-458,-281,-324,0,0
8025714152,15.494,-19.093,1007.537,5031.250,-3990.000,-2476.250,23.766,254,-313,16517,575,-456,-283,-316,0,0
8025723563,15.372,-19.886,1009.001,4935.000,-4025.000,-2458.750,23.766,252,-326,16541,564,-460,-281,-316,0,0
8025732974,15.555,-20.557,1011.319,4987.500,-3963.750,-2450.000,23.762,255,-337,16579,570,-453,-280,-317,0,0
8025742379,15.921,-20.069,1009.977,4987.500,-3920.000,-2441.250,23.762,261,-329,16557,570,-448,-279,-317,0,0
8025751790,17.202,-25.498,1007.293,5337.500,-3998.750,-2467.500,23.793,282,-418,16513,610,-457,-282,-309,0,0
8025761201,16.043,-18.544,1009.367,5853.750,-3946.250,-2476.250,23.793,263,-304,16547,669,-451,-283,-309,0,0
8025770607,15.616,-15.494,1011.014,5433.750,-3893.750,-2476.250,23.770,256,-254,16574,621,-445,-283,-315,0,0
8025780017,16.226,-20.496,1009.611,4900.000,-3972.500,-2450.000,23.770,266,-336,16551,560,-454,-280,-315,0,0
8025789428,15.555,-21.777,1008.208,5066.250,-4007.500,-2458.750,23.770,255,-357,16528,579,-458,-281,-315,0,0
8025798840,14.335,-18.117,1009.916,5503.750,-3998.750,-2458.750,23.770,235,-297,16556,629,-457,-281,-315,0,0
8025808244,15.921,-16.836,1011.258,5328.750,-3946.250,-2476.250,23.797,261,-276,16578,609,-451,-283,-308,0,0
8025817655,15.372,-20.557,1008.513,4891.250,-4016.250,-2467.500,23.797,252,-337,16533,559,-459,-282,-308,0,0
8025827067,15.555,-19.520,1008.940,4900.000,-4033.750,-2458.750,23.773,255,-320,16540,560,-461,-281,-314,0,0
8025836472,15.067,-19.764,1010.709,4970.000,-4007.500,-2458.750,23.773,247,-324,16569,568,-458,-281,-314,0,0
8025845887,15.372,-19.886,1011.319,4978.750,-3998.750,-2476.250,23.727,252,-326,16579,569,-457,-283,-326,0,0
8025855293,16.226,-19.276,1008.818,4978.750,-3998.750,-2502.500,23.727,266,-316,16538,569,-457,-286,-326,0,0
8025864705,15.311,-18.666,1008.330,5066.250,-4051.250,-2493.750,23.785,251,-306,16530,579,-463,-285,-311,0,0
8025874109,15.067,-21.899,1010.221,5153.750,-4007.500,-2467.500,23.785,247,-359,16561,589,-458,-282,-311,0,0
8025883521,14.579,-15.738,1009.123,5486.250,-4086.250,-2485.000,23.813,239,-258,16543,627,-467,-284,-304,0,0
8025892934,16.287,-17.751,1007.232,5057.500,-4042.500,-2485.000,23.813,267,-291,16512,578,-462,-284,-304,0,0
8025902341,15.799,-20.374,1010.160,4952.500,-4051.250,-2485.000,23.785,259,-334,16560,566,-463,-284,-311,0,0
8025911747,16.226,-18.849,1009.184,5040.000,-4007.500,-2450.000,23.785,266,-309,16544,576,-458,-280,-311,0,0
8025921159,16.043,-18.056,1009.428,4987.500,-4042.500,-2458.750,23.805,263,-296,16548,570,-462,-281,-306,0,0
8025930570,15.555,-18.483,1007.720,4987.500,-3990.000,-2450.000,23.805,255,-303,16520,570,-456,-280,-306,0,0
8025939974,14.945,-18.910,1010.831,5127.500,-4016.250,-2450.000,23.789,245,-310,16571,586,-459,-280,-310,0,0
8025949386,15.128,-17.934,1011.136,5188.750,-4060.000,-2493.750,23.789,248,-294,16576,593,-464,-285,-310,0,0
8025958797,15.921,-18.788,1008.635,4943.750,-4051.250,-2485.000,23.809,261,-308,16535,565,-463,-284,-305,0,0
8025968208,15.189,-19.093,1009.184,4926.250,-4025.000,-2485.000,23.809,249,-313,16544,563,-460,-284,-305,0,0
8025977613,14.884,-20.862,1012.722,5005.000,-4016.250,-2485.000,23.754,244,-342,16602,572,-459,-284,-319,0,0
8025987024,15.189,-19.642,1008.330,5188.750,-4016.250,-2493.750,23.754,249,-322,16530,593,-459,-285,-319,0,0
8025996435,15.067,-17.446,1007.659,5180.000,-3998.750,-2493.750,23.781,247,-286,16519,592,-457,-285,-312,0,0
8026005840,14.701,-18.605,1008.879,4961.250,-4042.500,-2476.250,23.781,241,-305,16539,567,-462,-283,-312,0,0
8026015251,14.945,-19.520,1010.709,4838.750,-4016.250,-2441.250,23.766,245,-320,16569,553,-459,-279,-316,0,0
8026024664,15.128,-18.971,1010.770,4900.000,-4025.000,-2441.250,23.766,248,-311,16570,560,-460,-279,-316,0,0
8026034074,15.494,-18.727,1008.269,4943.750,-4016.250,-2423.750,23.777,254,-307,16529,565,-459,-277,-313,0,0
8026043479,15.372,-17.263,1009.611,5057.500,-3990.000,-2458.750,23.777,252,-283,16551,578,-456,-281,-313,0,0
8026052889,15.738,-18.300,1009.123,4978.750,-3963.750,-2432.500,23.789,258,-300,16543,569,-453,-278,-310,0,0
8026062301,15.921,-17.751,1009.306,4891.250,-3955.000,-2476.250,23.789,261,-291,16546,559,-452,-283,-310,0,0
8026071705,16.409,-18.483,1007.842,4926.250,-3990.000,-2458.750,23.754,269,-303,16522,563,-456,-281,-319,0,0
8026081116,16.226,-19.764,1009.245,4996.250,-3937.500,-2467.500,23.754,266,-324,16545,571,-450,-282,-319,0,0
8026090528,15.555,-16.775,1008.025,4926.250,-4007.500,-2458.750,23.789,255,-275,16525,563,-458,-281,-310,0,0
8026099939,15.250,-18.178,1008.513,4803.750,-4025.000,-2450.000,23.789,250,-298,16533,549,-460,-280,-310,0,0
8026109344,14.762,-19.520,1010.709,4926.250,-4033.750,-2467.500,23.766,242,-320,16569,563,-461,-282,-316,0,0
8026118757,15.433,-19.154,1009.489,5250.000,-4007.500,-2467.500,23.766,253,-314,16549,600,-458,-282,-316,0,0
8026128164,15.189,-17.934,1009.245,5433.750,-3963.750,-2476.250,23.770,249,-294,16545,621,-453,-283,-315,0,0
8026137577,15.616,-15.616,1008.574,5363.750,-3955.000,-2458.750,23.770,256,-256,16534,613,-452,-281,-315,0,0
8026146981,14.152,-15.616,1010.282,5127.500,-3990.000,-2476.250,23.809,232,-256,16562,586,-456,-283,-305,0,0
8026156392,15.128,-18.056,1008.391,4865.000,-4016.250,-2467.500,23.809,248,-296,16531,556,-459,-282,-305,0,0
8026165804,15.860,-19.642,1007.781,4952.500,-3998.750,-2441.250,23.793,260,-322,16521,566,-457,-279,-309,0,0
8026175208,15.372,-16.836,1009.428,5232.500,-3955.000,-2467.500,23.793,252,-276,16548,598,-452,-282,-309,0,0
8026184620,16.043,-15.677,1009.794,5136.250,-3946.250,-2476.250,23.781,263,-257,16554,587,-451,-283,-312,0,0
8026194031,16.653,-18.300,1008.574,4663.750,-3998.750,-2485.000,23.781,273,-300,16534,533,-457,-284,-312,0,0
8026203442,15.433,-18.117,1009.001,4873.750,-3998.750,-2458.750,23.789,253,-297,16541,557,-457,-281,-310,0,0
8026212846,15.921,-17.690,1009.184,4882.500,-4033.750,-2458.750,23.789,261,-290,16544,558,-461,-281,-310,0,0
8026222258,14.945,-18.178,1009.184,4856.250,-3981.250,-2467.500,23.715,245,-298,16544,555,-455,-282,-329,0,0
8026231669,14.823,-17.507,1009.428,4873.750,-4007.500,-2458.750,23.715,243,-287,16548,557,-458,-281,-329,0,0
8026241073,15.433,-16.836,1009.977,4970.000,-4042.500,-2458.750,23.762,253,-276,16557,568,-462,-281,-317,0,0
8026250485,14.579,-16.714,1009.367,4847.500,-4025.000,-2511.250,23.762,239,-274,16547,554,-460,-287,-317,0,0
8026259896,15.860,-17.385,1010.160,4830.000,-4025.000,-2485.000,23.738,260,-285,16560,552,-460,-284,-323,0,0
8026269300,15.006,-17.507,1009.916,4970.000,-4060.000,-2458.750,23.738,246,-287,16556,568,-464,-281,-323,0,0
8026278712,15.006,-17.019,1009.245,4882.500,-3972.500,-2485.000,23.770,246,-279,16545,558,-454,-284,-315,0,0
8026288125,15.311,-17.995,1009.611,4900.000,-3955.000,-2485.000,23.770,251,-295,16551,560,-452,-284,-315,0,0
8026297529,15.311,-17.568,1008.696,4847.500,-3972.500,-2467.500,23.715,251,-288,16536,554,-454,-282,-329,0,0
8026306939,15.189,-17.263,1008.086,4865.000,-3963.750,-2485.000,23.715,249,-283,16526,556,-453,-284,-329,0,0
8026316350,15.067,-17.873,1009.855,4865.000,-4007.500,-2485.000,23.777,247,-293,16555,556,-458,-284,-313,0,0
8026325757,14.823,-16.409,1008.086,4873.750,-4007.500,-2458.750,23.777,243,-269,16526,557,-458,-281,-313,0,0
8026335171,14.701,-17.324,1009.245,4865.000,-3963.750,-2476.250,23.762,241,-284,16545,556,-453,-283,-317,0,0
8026344577,14.396,-18.666,1010.709,4821.250,-3998.750,-2493.750,23.762,236,-306,16569,551,-457,-285,-317,0,0
8026353988,14.762,-17.934,1009.916,4935.000,-3955.000,-2485.000,23.773,242,-294,16556,564,-452,-284,-314,0,0
8026363394,14.884,-16.531,1008.147,4926.250,-4033.750,-2493.750,23.773,244,-271,16527,563,-461,-285,-314,0,0
8026372808,14.396,-16.775,1009.123,4803.750,-3990.000,-2493.750,23.813,236,-275,16543,549,-456,-285,-304,0,0
8026382215,14.823,-17.995,1010.160,4873.750,-3972.500,-2493.750,23.813,243,-295,16560,557,-454,-285,-304,0,0
8026391627,14.945,-17.385,1008.147,4873.750,-3981.250,-2450.000,23.789,245,-285,16527,557,-455,-280,-310,0,0
8026401031,14.457,-17.934,1009.733,4882.500,-3972.500,-2458.750,23.789,237,-294,16553,558,-454,-281,-310,0,0
8026410442,14.213,-17.080,1010.587,4952.500,-3990.000,-2432.500,23.789,233,-280,16567,566,-456,-278,-310,0,0
8026419853,14.945,-19.032,1009.123,5048.750,-3972.500,-2441.250,23.789,245,-312,16543,577,-454,-279,-310,0,0
8026429265,15.799,-15.860,1008.818,5188.750,-3990.000,-2458.750,23.781,259,-260,16538,593,-456,-281,-312,0,0
8026438669,15.433,-16.165,1009.977,5075.000,-4051.250,-2485.000,23.781,253,-265,16557,580,-463,-284,-312,0,0
8026448081,15.189,-16.287,1011.868,5048.750,-3990.000,-2476.250,23.711,249,-267,16588,577,-456,-283,-330,0,0
8026457492,15.433,-17.324,1011.807,4935.000,-4033.750,-2458.750,23.711,253,-284,16587,564,-461,-281,-330,0,0
8026466903,15.250,-16.409,1008.330,4838.750,-4007.500,-2458.750,23.742,250,-269,16530,553,-458,-281,-322,0,0
8026476307,16.226,-16.470,1008.147,4856.250,-4051.250,-2467.500,23.742,266,-270,16527,555,-463,-282,-322,0,0
8026485720,16.409,-17.568,1009.733,4900.000,-3998.750,-2450.000,23.750,269,-288,16553,560,-457,-280,-320,0,0
8026495125,15.006,-15.372,1008.147,4908.750,-3963.750,-2467.500,23.750,246,-252,16527,561,-453,-282,-320,0,0
8026504536,14.152,-16.531,1008.025,4900.000,-4007.500,-2467.500,23.785,232,-271,16525,560,-458,-282,-311,0,0
8026513943,14.762,-16.592,1009.489,4856.250,-4033.750,-2467.500,23.785,242,-272,16549,555,-461,-282,-311,0,0
8026523357,15.067,-15.738,1009.367,4803.750,-4033.750,-2476.250,23.773,247,-258,16547,549,-461,-283,-314,0,0
8026532768,15.799,-16.104,1008.086,4856.250,-4025.000,-2476.250,23.773,259,-264,16526,555,-460,-283,-314,0,0
8026542172,14.701,-16.592,1009.733,4873.750,-3972.500,-2476.250,23.770,241,-272,16553,557,-454,-283,-315,0,0
8026551584,15.433,-16.897,1011.319,4865.000,-4068.750,-2467.500,23.770,253,-277,16579,556,-465,-282,-315,0,0
8026560995,15.189,-16.714,1010.160,4768.750,-4068.750,-2485.000,23.742,249,-274,16560,545,-465,-284,-322,0,0
8026570400,15.616,-16.226,1009.123,4873.750,-4068.750,-2485.000,23.742,256,-266,16543,557,-465,-284,-322,0,0
8026579813,15.250,-16.287,1009.611,4856.250,-4016.250,-2502.500,23.746,250,-267,16551,555,-459,-286,-321,0,0
8026589219,15.738,-16.348,1008.391,4882.500,-4042.500,-2467.500,23.746,258,-268,16531,558,-462,-282,-321,0,0
8026598633,14.945,-16.775,1008.879,4935.000,-4060.000,-2467.500,23.762,245,-275,16539,564,-464,-282,-317,0,0
8026608038,14.518,-16.897,1010.160,4873.750,-4016.250,-2467.500,23.762,238,-277,16560,557,-459,-282,-317,0,0
8026617449,15.799,-16.592,1011.563,4917.500,-3981.250,-2467.500,23.762,259,-272,16583,562,-455,-282,-317,0,0
8026626860,15.616,-15.677,1009.733,4873.750,-3972.500,-2432.500,23.762,256,-257,16553,557,-454,-278,-317,0,0
8026636265,15.311,-14.884,1009.184,4865.000,-4033.750,-2432.500,23.770,251,-244,16544,556,-461,-278,-315,0,0
8026645677,16.104,-16.104,1008.269,4768.750,-4051.250,-2485.000,23.770,264,-264,16529,545,-463,-284,-315,0,0
8026655087,15.433,-16.226,1010.221,4725.000,-3981.250,-2485.000,23.742,253,-266,16561,540,-455,-284,-322,0,0
8026664492,15.067,-16.470,1010.404,4795.000,-4051.250,-2476.250,23.742,247,-270,16564,548,-463,-283,-322,0,0
8026673903,14.457,-16.653,1009.184,4812.500,-4016.250,-2476.250,23.762,237,-273,16544,550,-459,-283,-317,0,0
8026683314,15.128,-17.080,1008.879,4786.250,-3902.500,-2458.750,23.762,248,-280,16539,547,-446,-281,-317,0,0
8026692720,15.189,-15.921,1010.038,4716.250,-3981.250,-2476.250,23.773,249,-261,16558,539,-455,-283,-314,0,0
8026702135,14.762,-16.043,1007.720,4760.000,-4007.500,-2485.000,23.773,242,-263,16520,544,-458,-284,-314,0,0
8026711541,14.823,-16.653,1009.611,4873.750,-3998.750,-2467.500,23.773,243,-273,16551,557,-457,-282,-314,0,0
8026720953,14.030,-15.738,1010.221,4952.500,-3972.500,-2476.250,23.773,230,-258,16561,566,-454,-283,-314,0,0
8026730357,15.372,-16.348,1009.794,4908.750,-4025.000,-2485.000,23.762,252,-268,16554,561,-460,-284,-317,0,0
8026739770,15.555,-17.080,1008.574,4900.000,-3972.500,-2441.250,23.762,255,-280,16534,560,-454,-279,-317,0,0
8026749182,15.128,-16.165,1009.794,4926.250,-3963.750,-2458.750,23.824,248,-265,16554,563,-453,-281,-301,0,0
8026758590,15.433,-16.531,1009.733,4830.000,-4016.250,-2476.250,23.824,253,-271,16553,552,-459,-283,-301,0,0
8026767995,14.945,-16.653,1010.099,4733.750,-4042.500,-2485.000,23.754,245,-273,16559,541,-462,-284,-319,0,0
8026777408,15.433,-15.799,1010.343,4751.250,-3998.750,-2476.250,23.754,253,-259,16563,543,-457,-283,-319,0,0
8026786815,14.396,-16.348,1010.221,4856.250,-3998.750,-2476.250,23.742,236,-268,16561,555,-457,-283,-322,0,0
8026796229,15.616,-16.470,1008.574,4952.500,-4007.500,-2485.000,23.742,256,-270,16534,566,-458,-284,-322,0,0
8026805634,14.030,-17.080,1008.879,4786.250,-3963.750,-2450.000,23.758,230,-280,16539,547,-453,-280,-318,0,0
8026815047,15.372,-16.043,1010.221,4891.250,-4033.750,-2432.500,23.758,252,-263,16561,559,-461,-278,-318,0,0
8026824455,16.165,-15.189,1011.441,4978.750,-3937.500,-2450.000,23.766,265,-249,16581,569,-450,-280,-316,0,0
8026833860,15.982,-17.019,1008.574,4943.750,-3937.500,-2467.500,23.766,262,-279,16534,565,-450,-282,-316,0,0
8026843272,15.433,-14.640,1010.221,5101.250,-3955.000,-2432.500,23.746,253,-240,16561,583,-452,-278,-321,0,0
8026852684,15.616,-15.921,1010.404,5057.500,-3972.500,-2441.250,23.746,256,-261,16564,578,-454,-279,-321,0,0
8026862089,14.518,-14.762,1010.709,4917.500,-4016.250,-2467.500,23.770,238,-242,16569,562,-459,-282,-315,0,0
8026871497,15.799,-16.165,1010.465,4795.000,-3955.000,-2485.000,23.770,259,-265,16565,548,-452,-284,-315,0,0
8026880910,14.701,-14.945,1010.221,4873.750,-4016.250,-2467.500,23.750,241,-245,16561,557,-459,-282,-320,0,0
8026890321,14.640,-15.677,1009.367,4830.000,-3937.500,-2467.500,23.750,240,-257,16547,552,-450,-282,-320,0,0
8026899728,15.616,-16.043,1010.404,4847.500,-3990.000,-2467.500,23.789,256,-263,16564,554,-456,-282,-310,0,0
8026909134,15.799,-15.921,1009.184,4733.750,-4042.500,-2485.000,23.789,259,-261,16544,541,-462,-284,-310,0,0
8026918548,15.006,-15.921,1009.916,4830.000,-4033.750,-2493.750,23.789,246,-261,16556,552,-461,-285,-310,0,0
8026927954,14.396,-15.982,1009.184,4847.500,-4033.750,-2467.500,23.789,236,-262,16544,554,-461,-282,-310,0,0
8026937368,14.518,-15.860,1009.611,4838.750,-4016.250,-2493.750,23.777,238,-260,16551,553,-459,-285,-313,0,0
8026946775,15.067,-14.701,1009.550,4786.250,-4016.250,-2467.500,23.777,247,-241,16550,547,-459,-282,-313,0,0
8026956181,14.945,-15.372,1008.452,4838.750,-3972.500,-2458.750,23.754,245,-252,16532,553,-454,-281,-319,0,0
8026965592,14.945,-15.738,1010.648,4768.750,-3946.250,-2441.250,23.754,245,-258,16568,545,-451,-279,-319,0,0
8026975004,14.823,-16.104,1010.099,4926.250,-4051.250,-2467.500,23.766,243,-264,16559,563,-463,-282,-316,0,0
8026984409,14.823,-16.409,1010.099,4838.750,-4007.500,-2467.500,23.766,243,-269,16559,553,-458,-282,-316,0,0
8026993824,14.945,-15.067,1008.513,4865.000,-3990.000,-2432.500,23.805,245,-247,16533,556,-456,-278,-306,0,0
8027003229,15.189,-16.348,1007.415,4865.000,-4068.750,-2467.500,23.805,249,-268,16515,556,-465,-282,-306,0,0
8027012641,15.677,-16.592,1010.953,4865.000,-4007.500,-2485.000,23.742,257,-272,16573,556,-458,-284,-322,0,0
8027022047,14.152,-15.311,1009.611,4891.250,-3972.500,-2476.250,23.742,232,-251,16551,559,-454,-283,-322,0,0
8027031462,14.396,-15.860,1009.916,4926.250,-4068.750,-2467.500,23.789,236,-260,16556,563,-465,-282,-310,0,0
8027040867,15.433,-14.762,1010.282,4865.000,-4025.000,-2476.250,23.789,253,-242,16562,556,-460,-283,-310,0,0
8027050279,15.311,-15.494,1009.428,4838.750,-3990.000,-2467.500,23.734,251,-254,16548,553,-456,-282,-324,0,0
8027059690,14.945,-14.396,1010.038,4865.000,-3981.250,-2441.250,23.734,245,-236,16558,556,-455,-279,-324,0,0
8027069096,15.128,-16.226,1009.184,4838.750,-3998.750,-2450.000,23.754,248,-266,16544,553,-457,-280,-319,0,0
8027078504,15.311,-15.860,1009.550,4908.750,-4042.500,-2467.500,23.754,251,-260,16550,561,-462,-282,-319,0,0
8027087917,15.555,-16.043,1008.086,4786.250,-3981.250,-2511.250,23.750,255,-263,16526,547,-455,-287,-320,0,0
8027097321,15.799,-15.372,1009.550,4725.000,-3981.250,-2502.500,23.750,259,-252,16550,540,-455,-286,-320,0,0
8027106734,15.067,-16.165,1009.977,4856.250,-3963.750,-2467.500,23.781,247,-265,16557,555,-453,-282,-312,0,0
8027116141,15.067,-16.470,1009.855,4742.500,-3990.000,-2476.250,23.781,247,-270,16555,542,-456,-283,-312,0,0
8027125555,15.738,-15.921,1008.574,4821.250,-3858.750,-2450.000,23.750,258,-261,16534,551,-441,-280,-320,0,0
8027134959,15.128,-14.884,1010.648,4742.500,-3972.500,-2458.750,23.750,248,-244,16568,542,-454,-281,-320,0,0
8027144371,15.067,-15.311,1009.001,4838.750,-3998.750,-2450.000,23.766,247,-251,16541,553,-457,-280,-316,0,0
8027153776,15.128,-15.189,1010.648,4926.250,-3972.500,-2450.000,23.766,248,-249,16568,563,-454,-280,-316,0,0
8027163189,15.494,-15.067,1009.794,4768.750,-3981.250,-2432.500,23.762,254,-247,16554,545,-455,-278,-317,0,0
8027172597,15.677,-15.311,1008.086,4760.000,-3998.750,-2493.750,23.762,257,-251,16526,544,-457,-285,-317,0,0
8027182009,16.165,-15.494,1010.404,4847.500,-4016.250,-2441.250,23.758,265,-254,16564,554,-459,-279,-318,0,0
8027191414,15.372,-16.775,1010.221,4803.750,-4007.500,-2458.750,23.758,252,-275,16561,549,-458,-281,-318,0,0
8027200827,14.884,-15.616,1009.916,4725.000,-4033.750,-2485.000,23.734,244,-256,16556,540,-461,-284,-324,0,0
8027210233,15.860,-15.189,1008.635,4777.500,-4086.250,-2458.750,23.734,260,-249,16535,546,-467,-281,-324,0,0
8027219647,15.799,-15.189,1009.794,4900.000,-4051.250,-2432.500,23.766,259,-249,16554,560,-463,-278,-316,0,0
8027229053,14.762,-14.213,1010.282,4943.750,-4051.250,-2458.750,23.766,242,-233,16562,565,-463,-281,-316,0,0
8027238465,14.884,-15.433,1008.330,4856.250,-4060.000,-2450.000,23.789,244,-253,16530,555,-464,-280,-310,0,0
8027247872,15.311,-14.884,1010.648,4926.250,-4060.000,-2476.250,23.789,251,-244,16568,563,-464,-283,-310,0,0
8027257278,14.457,-14.762,1011.258,4865.000,-3998.750,-2467.500,23.750,237,-242,16578,556,-457,-282,-320,0,0
8027266690,15.555,-14.518,1010.038,4725.000,-3972.500,-2485.000,23.750,255,-238,16558,540,-454,-284,-320,0,0
8027276103,14.701,-14.945,1007.720,4803.750,-3990.000,-2476.250,23.754,241,-245,16520,549,-456,-283,-319,0,0
8027285508,15.799,-15.311,1009.550,4838.750,-3998.750,-2441.250,23.754,259,-251,16550,553,-457,-279,-319,0,0
8027294923,14.213,-15.006,1011.807,4838.750,-4033.750,-2485.000,23.762,233,-246,16587,553,-461,-284,-317,0,0
8027304328,15.250,-15.067,1010.099,4742.500,-4025.000,-2511.250,23.762,250,-247,16559,542,-460,-287,-317,0,0
8027313735,14.701,-16.287,1007.964,4760.000,-3972.500,-2441.250,23.793,241,-267,16524,544,-454,-279,-309,0,0
8027323149,15.128,-15.128,1011.075,4742.500,-3955.000,-2432.500,23.793,248,-248,16575,542,-452,-278,-309,0,0
8027332555,16.409,-14.579,1011.502,4961.250,-4007.500,-2458.750,23.785,269,-239,16582,567,-458,-281,-311,0,0
8027341967,14.884,-15.128,1010.404,4873.750,-4112.500,-2502.500,23.785,244,-248,16564,557,-470,-286,-311,0,0
8027351378,15.006,-15.982,1011.014,4830.000,-4042.500,-2467.500,23.816,246,-262,16574,552,-462,-282,-303,0,0
8027360784,14.701,-14.213,1010.648,4900.000,-4016.250,-2476.250,23.816,241,-233,16568,560,-459,-283,-303,0,0
8027370192,15.006,-14.152,1011.502,4882.500,-4025.000,-2467.500,23.727,246,-232,16582,558,-460,-282,-326,0,0
8027379605,14.823,-14.335,1008.330,4751.250,-4007.500,-2458.750,23.727,243,-235,16530,543,-458,-281,-326,0,0
8027389010,14.518,-15.311,1010.160,4768.750,-4016.250,-2450.000,23.754,238,-251,16560,545,-459,-280,-319,0,0
8027398422,15.555,-16.104,1011.136,4786.250,-4033.750,-2458.750,23.754,255,-264,16576,547,-461,-281,-319,0,0
8027407830,15.372,-15.494,1011.502,4777.500,-3990.000,-2458.750,23.777,252,-254,16582,546,-456,-281,-313,0,0
8027417243,15.311,-15.189,1009.123,4847.500,-4033.750,-2467.500,23.777,251,-249,16543,554,-461,-282,-313,0,0
8027426649,14.518,-15.189,1009.733,4795.000,-4016.250,-2476.250,23.738,238,-249,16553,548,-459,-283,-323,0,0
8027436061,16.165,-14.091,1009.916,4795.000,-3990.000,-2415.000,23.738,265,-231,16556,548,-456,-276,-323,0,0
8027445469,15.555,-14.457,1009.367,4786.250,-3998.750,-2476.250,23.773,255,-237,16547,547,-457,-283,-314,0,0
8027454874,14.518,-14.091,1010.526,4856.250,-3972.500,-2511.250,23.773,238,-231,16566,555,-454,-287,-314,0,0
8027464288,15.067,-14.152,1010.404,4768.750,-4033.750,-2476.250,23.863,247,-232,16564,545,-461,-283,-291,0,0
8027473693,16.104,-14.823,1009.489,4786.250,-4033.750,-2458.750,23.863,264,-243,16549,547,-461,-281,-291,0,0
8027483108,16.104,-14.701,1009.062,4891.250,-4051.250,-2476.250,23.766,264,-241,16542,559,-463,-283,-316,0,0
8027492514,16.043,-13.908,1009.733,4970.000,-4033.750,-2485.000,23.766,263,-228,16553,568,-461,-284,-316,0,0
8027501922,15.433,-14.884,1010.404,4821.250,-4025.000,-2458.750,23.773,253,-244,16564,551,-460,-281,-314,0,0
8027511335,15.372,-15.250,1010.343,4847.500,-4007.500,-2467.500,23.773,252,-250,16563,554,-458,-282,-314,0,0
8027520742,14.762,-14.335,1009.428,4987.500,-4077.500,-2485.000,23.793,242,-235,16548,570,-466,-284,-309,0,0
8027530149,16.775,-14.823,1010.648,4970.000,-4007.500,-2476.250,23.793,275,-243,16568,568,-458,-283,-309,0,0
8027539562,15.250,-14.091,1011.136,5048.750,-4025.000,-2467.500,23.793,250,-231,16576,577,-460,-282,-309,0,0
8027548968,15.494,-14.579,1008.208,5153.750,-3963.750,-2450.000,23.793,254,-239,16528,589,-453,-280,-309,0,0
8027558383,15.250,-14.884,1008.696,5022.500,-4016.250,-2450.000,23.770,250,-244,16536,574,-459,-280,-315,0,0
8027567790,15.677,-14.396,1009.916,4926.250,-3990.000,-2432.500,23.770,257,-236,16556,563,-456,-278,-315,0,0
8027577196,15.006,-13.481,1011.990,4908.750,-3955.000,-2450.000,23.762,246,-221,16590,561,-452,-280,-317,0,0
8027586611,15.006,-15.128,1010.648,4821.250,-4007.500,-2458.750,23.762,246,-248,16568,551,-458,-281,-317,0,0
8027596017,14.945,-14.579,1009.733,4716.250,-3998.750,-2458.750,23.766,245,-239,16553,539,-457,-281,-316,0,0
8027605429,14.152,-14.396,1009.855,4821.250,-3990.000,-2476.250,23.766,232,-236,16555,551,-456,-283,-316,0,0
8027614837,14.457,-14.274,1009.550,4882.500,-4103.750,-2458.750,23.801,237,-234,16550,558,-469,-281,-307,0,0
8027624243,13.847,-15.006,1008.025,4856.250,-4060.000,-2450.000,23.801,227,-246,16525,555,-464,-280,-307,0,0
8027633656,14.335,-14.701,1009.062,4830.000,-4051.250,-2441.250,23.766,235,-241,16542,552,-463,-279,-316,0,0
8027643061,14.335,-15.067,1009.611,4847.500,-3972.500,-2432.500,23.766,235,-247,16551,554,-454,-278,-316,0,0
8027652476,14.640,-14.579,1010.221,4795.000,-4033.750,-2502.500,23.750,240,-239,16561,548,-461,-286,-320,0,0
8027661882,15.738,-15.067,1010.709,4812.500,-4025.000,-2458.750,23.750,258,-247,16569,550,-460,-281,-320,0,0
8027671289,15.494,-14.579,1010.221,4865.000,-3963.750,-2441.250,23.754,254,-239,16561,556,-453,-279,-319,0,0
8027680704,14.701,-14.091,1010.526,4838.750,-3990.000,-2467.500,23.754,241,-231,16566,553,-456,-282,-319,0,0
8027690110,15.006,-13.420,1009.733,4856.250,-4025.000,-2450.000,23.781,246,-220,16553,555,-460,-280,-312,0,0
8027699522,16.226,-14.152,1009.794,4760.000,-4033.750,-2450.000,23.781,266,-232,16554,544,-461,-280,-312,0,0
8027708930,14.701,-13.664,1009.123,4777.500,-4042.500,-2458.750,23.773,241,-224,16543,546,-462,-281,-314,0,0
8027718336,15.738,-14.213,1009.916,4725.000,-4007.500,-2511.250,23.773,258,-233,16556,540,-458,-287,-314,0,0
8027727749,14.640,-13.847,1011.075,4830.000,-3998.750,-2441.250,23.762,240,-227,16575,552,-457,-279,-317,0,0
8027737156,14.579,-13.847,1010.831,4803.750,-4025.000,-2441.250,23.762,239,-227,16571,549,-460,-279,-317,0,0
8027746570,14.396,-14.274,1010.343,4707.500,-4016.250,-2458.750,23.816,236,-234,16563,538,-459,-281,-303,0,0
8027755977,15.738,-13.725,1008.452,4768.750,-4025.000,-2476.250,23.816,258,-225,16532,545,-460,-283,-303,0,0
8027765384,15.555,-14.274,1009.611,4821.250,-3990.000,-2467.500,23.773,255,-234,16551,551,-456,-282,-314,0,0
8027774797,15.860,-14.823,1010.526,4847.500,-3963.750,-2458.750,23.773,260,-243,16566,554,-453,-281,-314,0,0
8027784206,15.372,-14.945,1010.404,4795.000,-3990.000,-2458.750,23.762,252,-245,16564,548,-456,-281,-317,0,0
8027793612,15.555,-13.969,1011.075,4812.500,-4077.500,-2458.750,23.762,255,-229,16575,550,-466,-281,-317,0,0
8027803025,14.457,-13.481,1009.367,4838.750,-4051.250,-2450.000,23.773,237,-221,16547,553,-463,-280,-314,0,0
8027812433,15.372,-13.786,1011.258,4795.000,-4016.250,-2476.250,23.773,252,-226,16578,548,-459,-283,-314,0,0
8027821839,15.677,-14.091,1010.831,4830.000,-4068.750,-2493.750,23.789,257,-231,16571,552,-465,-285,-310,0,0
8027831247,13.908,-13.908,1010.343,4768.750,-4033.750,-2467.500,23.789,228,-228,16563,545,-461,-282,-310,0,0
8027840662,13.664,-14.335,1011.136,4847.500,-4007.500,-2450.000,23.781,224,-235,16576,554,-458,-280,-312,0,0
8027850068,14.701,-13.237,1008.696,4786.250,-4025.000,-2467.500,23.781,241,-217,16536,547,-460,-282,-312,0,0
8027859476,14.884,-15.128,1009.001,4865.000,-3981.250,-2467.500,23.742,244,-248,16541,556,-455,-282,-322,0,0
8027868889,14.945,-13.542,1010.099,4865.000,-3998.750,-2467.500,23.742,245,-222,16559,556,-457,-282,-322,0,0
8027878297,14.762,-14.274,1010.038,4882.500,-4033.750,-2485.000,23.758,242,-234,16558,558,-461,-284,-318,0,0
8027887704,14.823,-15.250,1010.038,4865.000,-4051.250,-2441.250,23.758,243,-250,16558,556,-463,-279,-318,0,0
8027897117,14.518,-15.128,1008.879,4952.500,-4025.000,-2458.750,23.789,238,-248,16539,566,-460,-281,-310,0,0
8027906522,15.311,-12.444,1010.770,5118.750,-4068.750,-2458.750,23.789,251,-204,16570,585,-465,-281,-310,0,0
8027915937,14.823,-13.359,1009.977,4935.000,-4016.250,-2485.000,23.789,243,-219,16557,564,-459,-284,-310,0,0
8027925343,14.335,-14.030,1008.818,4847.500,-4042.500,-2485.000,23.789,235,-230,16538,554,-462,-284,-310,0,0
8027934756,14.213,-14.274,1011.258,4891.250,-3998.750,-2450.000,23.766,233,-234,16578,559,-457,-280,-316,0,0
8027944164,14.945,-14.640,1010.282,4795.000,-3998.750,-2493.750,23.766,245,-240,16562,548,-457,-285,-316,0,0
8027953570,15.921,-14.213,1007.293,4803.750,-4077.500,-2493.750,23.797,261,-233,16513,549,-466,-285,-308,0,0
8027962984,16.409,-12.322,1009.794,4803.750,-4016.250,-2502.500,23.797,269,-202,16554,549,-459,-286,-308,0,0
8027972391,15.738,-14.518,1012.051,4786.250,-3955.000,-2458.750,23.766,258,-238,16591,547,-452,-281,-316,0,0
8027981797,15.067,-14.335,1010.526,4812.500,-3955.000,-2467.500,23.766,247,-235,16566,550,-452,-282,-316,0,0
8027991206,14.823,-12.383,1006.317,4812.500,-3972.500,-2450.000,23.781,243,-203,16497,550,-454,-280,-312,0,0
8028000620,13.786,-13.298,1011.563,4812.500,-3963.750,-2467.500,23.781,226,-218,16583,550,-453,-282,-312,0,0
8028010028,14.640,-14.030,1011.746,4838.750,-4042.500,-2485.000,23.781,240,-230,16586,553,-462,-284,-312,0,0
8028019434,15.738,-12.139,1005.951,4795.000,-4007.500,-2458.750,23.781,258,-199,16491,548,-458,-281,-312,0,0
8028028847,14.762,-13.176,1008.025,4882.500,-4007.500,-2485.000,23.762,242,-216,16525,558,-458,-284,-317,0,0
8028038255,14.945,-14.823,1012.539,4821.250,-4025.000,-2458.750,23.762,245,-243,16599,551,-460,-281,-317,0,0
8028047662,14.823,-13.603,1010.099,4891.250,-4060.000,-2467.500,23.797,243,-223,16559,559,-464,-282,-308,0,0
8028057075,16.531,-13.237,1007.964,4891.250,-3981.250,-2423.750,23.797,271,-217,16524,559,-455,-277,-308,0,0
8028066483,16.287,-13.237,1008.513,4795.000,-3937.500,-2450.000,23.781,267,-217,16533,548,-450,-280,-312,0,0
8028075896,15.555,-12.871,1009.733,4777.500,-3937.500,-2458.750,23.781,255,-211,16553,546,-450,-281,-312,0,0
8028085305,15.006,-13.298,1009.855,4935.000,-4025.000,-2493.750,23.789,246,-218,16555,564,-460,-285,-310,0,0
8028094712,15.067,-14.335,1008.757,4821.250,-4016.250,-2485.000,23.789,247,-235,16537,551,-459,-284,-310,0,0
8028104118,13.908,-13.969,1009.794,4821.250,-4007.500,-2493.750,23.754,228,-229,16554,551,-458,-285,-319,0,0
8028113533,16.287,-12.627,1009.428,4882.500,-4042.500,-2485.000,23.754,267,-207,16548,558,-462,-284,-319,0,0
8028122939,14.640,-13.481,1008.696,4795.000,-4025.000,-2493.750,23.781,240,-221,16536,548,-460,-285,-312,0,0
8028132348,14.701,-13.298,1009.245,4795.000,-4016.250,-2450.000,23.781,241,-218,16545,548,-459,-280,-312,0,0
8028141754,15.616,-13.420,1008.940,4830.000,-4016.250,-2458.750,23.758,256,-220,16540,552,-459,-281,-318,0,0
8028151168,14.518,-13.542,1009.001,4803.750,-4051.250,-2467.500,23.758,238,-222,16541,549,-463,-282,-318,0,0
8028160576,15.128,-14.396,1009.977,4873.750,-3946.250,-2467.500,23.809,248,-236,16557,557,-451,-282,-305,0,0
8028169989,15.860,-13.237,1009.672,4882.500,-4007.500,-2476.250,23.809,260,-217,16552,558,-458,-283,-305,0,0
8028179398,14.823,-13.115,1009.611,4847.500,-4007.500,-2502.500,23.781,243,-215,16551,554,-458,-286,-312,0,0
8028188804,14.701,-13.725,1010.282,4812.500,-4033.750,-2467.500,23.781,241,-225,16562,550,-461,-282,-312,0,0
8028198212,14.274,-13.298,1010.282,4751.250,-3990.000,-2450.000,23.758,234,-218,16562,543,-456,-280,-318,0,0
8028207626,14.945,-12.322,1008.330,4742.500,-3990.000,-2485.000,23.758,245,-202,16530,542,-456,-284,-318,0,0
8028217032,14.884,-12.871,1007.110,4760.000,-4060.000,-2467.500,23.762,244,-211,16510,544,-464,-282,-317,0,0
8028226440,15.372,-13.481,1012.478,4803.750,-4042.500,-2467.500,23.762,252,-221,16598,549,-462,-282,-317,0,0
8028235854,15.128,-12.993,1010.221,4847.500,-3990.000,-2485.000,23.754,248,-213,16561,554,-456,-284,-319,0,0
8028245262,15.738,-13.298,1009.916,4803.750,-4016.250,-2476.250,23.754,258,-218,16556,549,-459,-283,-319,0,0
8028254668,15.677,-12.627,1009.550,4891.250,-4068.750,-2432.500,23.770,257,-207,16550,559,-465,-278,-315,0,0
8028264082,15.433,-13.786,1009.489,4830.000,-4025.000,-2450.000,23.770,253,-226,16549,552,-460,-280,-315,0,0
8028273489,15.006,-13.664,1008.269,4786.250,-3981.250,-2450.000,23.750,246,-224,16529,547,-455,-280,-320,0,0
8028282896,15.250,-13.725,1007.415,4812.500,-4033.750,-2476.250,23.750,250,-225,16515,550,-461,-283,-320,0,0
8028292305,13.786,-13.725,1010.160,4760.000,-4025.000,-2476.250,23.762,226,-225,16560,544,-460,-283,-317,0,0
8028301719,14.335,-14.091,1008.879,4768.750,-4051.250,-2458.750,23.762,235,-231,16539,545,-463,-281,-317,0,0
8028311125,14.579,-13.298,1008.208,4830.000,-4025.000,-2458.750,23.770,239,-218,16528,552,-460,-281,-315,0,0
8028320533,15.006,-13.664,1010.343,4838.750,-4025.000,-2450.000,23.770,246,-224,16563,553,-460,-280,-315,0,0
8028329946,15.860,-12.688,1011.807,4786.250,-4060.000,-2493.750,23.777,260,-208,16587,547,-464,-285,-313,0,0
8028339354,16.165,-12.566,1011.502,4795.000,-3998.750,-2467.500,23.777,265,-206,16582,548,-457,-282,-313,0,0
8028348761,15.372,-12.261,1009.672,4751.250,-3990.000,-2467.500,23.730,252,-201,16552,543,-456,-282,-325,0,0
8028358169,15.189,-12.627,1009.794,4760.000,-4068.750,-2432.500,23.730,249,-207,16554,544,-465,-278,-325,0,0
8028367583,14.823,-12.139,1011.014,4768.750,-3937.500,-2441.250,23.770,243,-199,16574,545,-450,-279,-315,0,0
8028376989,15.189,-12.749,1008.818,4777.500,-4016.250,-2450.000,23.770,249,-209,16538,546,-459,-280,-315,0,0
8028386398,14.518,-12.810,1008.574,4768.750,-4051.250,-2476.250,23.789,238,-210,16534,545,-463,-283,-310,0,0
8028395811,15.189,-14.701,1009.245,4803.750,-3963.750,-2458.750,23.789,249,-241,16545,549,-453,-281,-310,0,0
8028405219,13.847,-14.701,1008.879,4830.000,-3972.500,-2441.250,23.793,227,-241,16539,552,-454,-279,-309,0,0
8028414626,15.372,-14.518,1007.903,4865.000,-4007.500,-2476.250,23.793,252,-238,16523,556,-458,-283,-309,0,0
8028424038,15.555,-14.152,1009.001,4803.750,-3998.750,-2485.000,23.777,255,-232,16541,549,-457,-284,-313,0,0
8028433447,15.372,-14.091,1010.221,4838.750,-4042.500,-2476.250,23.777,252,-231,16561,553,-462,-283,-313,0,0
8028442854,14.701,-12.566,1008.879,4865.000,-3990.000,-2467.500,23.762,241,-206,16539,556,-456,-282,-317,0,0
8028452269,15.433,-11.712,1007.415,4830.000,-3937.500,-2458.750,23.762,253,-192,16515,552,-450,-281,-317,0,0
8028461676,14.579,-12.505,1012.356,4768.750,-3972.500,-2458.750,23.781,239,-205,16596,545,-454,-281,-312,0,0
8028471081,15.250,-12.444,1011.319,4803.750,-4016.250,-2467.500,23.781,250,-204,16579,549,-459,-282,-312,0,0
8028480497,14.884,-12.139,1009.184,4707.500,-3946.250,-2467.500,23.816,244,-199,16544,538,-451,-282,-303,0,0
8028489903,15.555,-12.505,1007.476,4865.000,-4007.500,-2511.250,23.816,255,-205,16516,556,-458,-287,-303,0,0
8028499311,15.372,-14.884,1008.879,4777.500,-3920.000,-2476.250,23.770,252,-244,16539,546,-448,-283,-315,0,0
8028508719,15.616,-14.945,1009.184,4847.500,-3981.250,-2485.000,23.770,256,-245,16544,554,-455,-284,-315,0,0
8028518132,15.250,-13.969,1007.903,4891.250,-3998.750,-2450.000,23.785,250,-229,16523,559,-457,-280,-311,0,0
8028527540,14.823,-13.664,1009.489,4865.000,-4007.500,-2476.250,23.785,243,-224,16549,556,-458,-283,-311,0,0
8028536946,14.640,-13.969,1011.563,4952.500,-3972.500,-2441.250,23.773,240,-229,16583,566,-454,-279,-314,0,0
8028546362,15.311,-12.993,1009.794,4856.250,-4025.000,-2423.750,23.773,251,-213,16554,555,-460,-277,-314,0,0
8028555768,14.884,-10.858,1009.794,4803.750,-4016.250,-2458.750,23.758,244,-178,16554,549,-459,-281,-318,0,0
8028565176,14.762,-11.895,1011.685,4803.750,-4016.250,-2476.250,23.758,242,-195,16585,549,-459,-283,-318,0,0
8028574590,15.372,-11.590,1011.746,4777.500,-4060.000,-2476.250,23.750,252,-190,16586,546,-464,-283,-320,0,0
8028583996,15.067,-11.346,1009.611,4812.500,-4068.750,-2467.500,23.750,247,-186,16551,550,-465,-282,-320,0,0
8028593404,14.274,-13.115,1009.123,4760.000,-4033.750,-2476.250,23.770,234,-215,16543,544,-461,-283,-315,0,0
8028602818,14.762,-13.542,1010.465,4777.500,-4086.250,-2476.250,23.770,242,-222,16565,546,-467,-283,-315,0,0
8028612226,15.372,-13.969,1008.635,4733.750,-3981.250,-2476.250,23.801,252,-229,16535,541,-455,-283,-307,0,0
8028621634,15.006,-13.908,1008.025,4725.000,-4016.250,-2485.000,23.801,246,-228,16525,540,-459,-284,-307,0,0
8028631040,15.433,-13.359,1008.635,4900.000,-4051.250,-2467.500,23.715,253,-219,16535,560,-463,-282,-329,0,0
8028640455,14.762,-13.664,1009.245,4882.500,-4033.750,-2511.250,23.715,242,-224,16545,558,-461,-287,-329,0,0
8028649860,15.311,-13.298,1009.123,4873.750,-4016.250,-2485.000,23.766,251,-218,16543,557,-459,-284,-316,0,0
8028659268,14.823,-13.359,1009.611,4856.250,-3946.250,-2458.750,23.766,243,-219,16551,555,-451,-281,-316,0,0
8028668683,14.091,-12.444,1010.892,5005.000,-3972.500,-2467.500,23.746,231,-204,16572,572,-454,-282,-321,0,0
8028678089,15.006,-12.993,1011.319,4978.750,-4007.500,-2476.250,23.746,246,-213,16579,569,-458,-283,-321,0,0
8028687497,16.043,-12.200,1009.611,4917.500,-4007.500,-2485.000,23.750,263,-200,16551,562,-458,-284,-320,0,0
8028696910,15.372,-13.359,1009.062,4935.000,-3990.000,-2467.500,23.750,252,-219,16542,564,-456,-282,-320,0,0
8028706318,14.945,-15.433,1009.733,5197.500,-3998.750,-2450.000,23.789,245,-253,16553,594,-457,-280,-310,0,0
8028715725,14.091,-14.335,1008.940,5696.250,-3972.500,-2476.250,23.789,231,-235,16540,651,-454,-283,-310,0,0
8028725139,14.518,-5.429,1009.977,5433.750,-3928.750,-2493.750,23.789,238,-89,16557,621,-449,-285,-310,0,0
8028734547,14.518,-14.762,1009.489,4576.250,-4051.250,-2458.750,23.789,238,-242,16549,523,-463,-281,-310,0,0
8028743953,14.396,-11.285,1008.513,4795.000,-3972.500,-2502.500,23.777,236,-185,16533,548,-454,-286,-313,0,0
8028753367,15.189,-12.200,1010.282,4830.000,-4033.750,-2493.750,23.777,249,-200,16562,552,-461,-285,-313,0,0
8028762775,14.640,-12.322,1010.160,4847.500,-3998.750,-2467.500,23.777,240,-202,16560,554,-457,-282,-313,0,0
8028772183,14.457,-11.590,1011.929,4795.000,-3998.750,-2476.250,23.777,237,-190,16589,548,-457,-283,-313,0,0
8028781591,15.372,-12.078,1010.953,4908.750,-4060.000,-2458.750,23.789,252,-198,16573,561,-464,-281,-310,0,0
8028791003,14.884,-11.895,1010.343,4803.750,-4016.250,-2467.500,23.789,244,-195,16563,549,-459,-282,-310,0,0
8028800411,16.592,-12.444,1010.038,4733.750,-3981.250,-2502.500,23.734,272,-204,16558,541,-455,-286,-324,0,0
8028809818,15.921,-12.261,1008.818,4725.000,-3981.250,-2502.500,23.734,261,-201,16538,540,-455,-286,-324,0,0
8028819226,16.165,-13.054,1009.367,4593.750,-3981.250,-2476.250,23.719,265,-214,16547,525,-455,-283,-328,0,0
8028828640,15.860,-13.481,1010.404,4742.500,-3990.000,-2476.250,23.719,260,-221,16564,542,-456,-283,-328,0,0
8028838047,14.579,-12.932,1010.221,5013.750,-3998.750,-2467.500,23.785,239,-212,16561,573,-457,-282,-311,0,0
8028847455,14.091,-9.211,1007.537,5162.500,-3963.750,-2450.000,23.785,231,-151,16517,590,-453,-280,-311,0,0
8028856868,14.396,-11.346,1009.428,4873.750,-3990.000,-2476.250,23.754,236,-186,16548,557,-456,-283,-319,0,0
8028866275,14.396,-13.115,1011.014,4716.250,-3920.000,-2458.750,23.754,236,-215,16574,539,-448,-281,-319,0,0
8028875682,14.579,-12.139,1011.441,4830.000,-3928.750,-2441.250,23.789,239,-199,16581,552,-449,-279,-310,0,0
8028885097,14.213,-11.041,1008.696,4926.250,-4016.250,-2458.750,23.789,233,-181,16536,563,-459,-281,-310,0,0
8028894505,15.006,-11.590,1009.184,4900.000,-4068.750,-2467.500,23.777,246,-190,16544,560,-465,-282,-313,0,0
8028903911,15.433,-12.261,1011.929,4786.250,-4007.500,-2450.000,23.777,253,-201,16589,547,-458,-280,-313,0,0
8028913319,15.372,-12.139,1009.550,4838.750,-4033.750,-2476.250,23.742,252,-199,16550,553,-461,-283,-322,0,0
8028922733,15.250,-12.017,1008.635,4856.250,-3998.750,-2502.500,23.742,250,-197,16535,555,-457,-286,-322,0,0
8028932140,14.152,-12.261,1011.136,4935.000,-3990.000,-2485.000,23.770,232,-201,16576,564,-456,-284,-315,0,0
8028941548,15.433,-13.115,1010.160,4978.750,-3946.250,-2485.000,23.770,253,-215,16560,569,-451,-284,-315,0,0
8028950960,14.213,-11.712,1008.940,4978.750,-3963.750,-2467.500,23.789,233,-192,16540,569,-453,-282,-310,0,0
8028960368,15.067,-11.102,1006.744,4935.000,-3990.000,-2502.500,23.789,247,-182,16504,564,-456,-286,-310,0,0
8028969775,14.884,-12.383,1011.441,4803.750,-4016.250,-2467.500,23.730,244,-203,16581,549,-459,-282,-325,0,0
8028979189,15.860,-11.956,1011.258,4838.750,-4016.250,-2450.000,23.730,260,-196,16578,553,-459,-280,-325,0,0
8028988597,14.823,-11.895,1008.757,4847.500,-3972.500,-2450.000,23.773,243,-195,16537,554,-454,-280,-314,0,0
8028998003,14.518,-13.054,1008.147,4996.250,-4025.000,-2493.750,23.773,238,-214,16527,571,-460,-285,-314,0,0
8029007418,13.969,-9.943,1010.831,5083.750,-3981.250,-2467.500,23.797,229,-163,16571,581,-455,-282,-308,0,0
8029016825,15.250,-11.163,1011.258,4830.000,-3990.000,-2493.750,23.797,250,-183,16578,552,-456,-285,-308,0,0
8029026232,14.579,-10.553,1008.025,4760.000,-3998.750,-2458.750,23.746,239,-173,16525,544,-457,-281,-321,0,0
8029035640,14.335,-12.261,1008.879,4760.000,-3963.750,-2476.250,23.746,235,-201,16539,544,-453,-283,-321,0,0
8029045055,15.494,-12.017,1012.112,4838.750,-3998.750,-2458.750,23.789,254,-197,16592,553,-457,-281,-310,0,0
8029054461,15.189,-11.163,1010.770,4812.500,-3990.000,-2467.500,23.789,249,-183,16570,550,-456,-282,-310,0,0
8029063875,14.640,-12.261,1008.879,4873.750,-3963.750,-2485.000,23.777,240,-201,16539,557,-453,-284,-313,0,0
8029073282,15.006,-12.200,1009.855,5005.000,-3928.750,-2441.250,23.777,246,-200,16555,572,-449,-279,-313,0,0
8029082689,16.226,-12.627,1011.014,5110.000,-3937.500,-2458.750,23.758,266,-207,16574,584,-450,-281,-318,0,0
8029092096,14.396,-14.396,1011.075,5328.750,-3955.000,-2485.000,23.758,236,-236,16575,609,-452,-284,-318,0,0
8029101511,13.542,-5.673,1008.391,5547.500,-3955.000,-2493.750,23.789,222,-93,16531,634,-452,-285,-310,0,0
8029110917,15.372,-9.516,1010.526,4795.000,-3972.500,-2458.750,23.789,252,-156,16566,548,-454,-281,-310,0,0
8029120325,14.396,-11.407,1011.624,4672.500,-4025.000,-2485.000,23.754,236,-187,16584,534,-460,-284,-319,0,0
8029129739,16.775,-17.141,1008.696,5206.250,-4033.750,-2458.750,23.754,275,-281,16536,595,-461,-281,-319,0,0
8029139147,13.908,-15.067,1009.001,5853.750,-3902.500,-2476.250,23.742,228,-247,16541,669,-446,-283,-322,0,0
8029148555,15.189,-10.858,1009.489,6466.250,-3911.250,-2502.500,23.742,249,-178,16549,739,-447,-286,-322,0,0
8029157962,14.884,-6.954,1011.014,6440.000,-3937.500,-2493.750,23.766,244,-114,16574,736,-450,-285,-316,0,0
8029167377,13.908,-5.490,1008.940,5853.750,-3928.750,-2467.500,23.766,228,-90,16540,669,-449,-282,-316,0,0
8029176782,14.396,-11.590,1010.526,5180.000,-4016.250,-2493.750,23.809,236,-190,16566,592,-459,-285,-305,0,0
8029186190,15.311,-14.762,1010.465,5687.500,-3990.000,-2485.000,23.809,251,-242,16565,650,-456,-284,-305,0,0
8029195605,14.945,-12.505,1011.624,6606.250,-3946.250,-2493.750,23.773,245,-205,16584,755,-451,-285,-314,0,0
8029205010,13.481,-3.843,1008.696,6798.750,-3920.000,-2502.500,23.773,221,-63,16536,777,-448,-286,-314,0,0
8029214417,13.542,-2.440,1009.428,5871.250,-3998.750,-2511.250,23.754,222,-40,16548,671,-457,-287,-319,0,0
8029223831,15.433,-15.189,1010.648,5040.000,-4042.500,-2493.750,23.754,253,-249,16568,576,-462,-285,-319,0,0
8029233237,15.128,-14.884,1010.038,5976.250,-3946.250,-2511.250,23.777,248,-244,16558,683,-451,-287,-313,0,0
8029242652,15.067,-5.429,1008.513,6737.500,-3937.500,-2511.250,23.777,247,-89,16533,770,-450,-287,-313,0,0
8029252058,13.847,-2.867,1008.940,6081.250,-3972.500,-2520.000,23.777,227,-47,16540,695,-454,-288,-313,0,0
8029261464,14.457,-9.760,1009.489,5136.250,-4033.750,-2485.000,23.777,237,-160,16549,587,-461,-284,-313,0,0
8029270878,14.701,-12.993,1011.380,5495.000,-3946.250,-2485.000,23.762,241,-213,16580,628,-451,-284,-317,0,0
8029280285,14.518,-7.991,1009.123,6195.000,-3955.000,-2493.750,23.762,238,-131,16543,708,-452,-285,-317,0,0
8029289692,14.274,-4.880,1007.293,6195.000,-3955.000,-2520.000,23.723,234,-80,16513,708,-452,-288,-327,0,0
8029299107,14.945,-6.466,1009.794,5871.250,-3990.000,-2520.000,23.723,245,-106,16554,671,-456,-288,-327,0,0
8029308513,14.518,-7.808,1012.295,5845.000,-4007.500,-2485.000,23.813,238,-128,16595,668,-458,-284,-304,0,0
8029317921,13.908,-4.514,1009.245,5993.750,-4007.500,-2502.500,23.813,228,-74,16545,685,-458,-286,-304,0,0
8029327335,14.701,-5.551,1008.818,5503.750,-4007.500,-2476.250,23.797,241,-91,16538,629,-458,-283,-308,0,0
8029336742,15.250,-7.259,1010.343,5346.250,-3981.250,-2450.000,23.797,250,-119,16563,611,-455,-280,-308,0,0
8029346150,14.335,-6.893,1010.221,5495.000,-4033.750,-2441.250,23.789,235,-113,16561,628,-461,-279,-310,0,0
8029355563,15.006,-6.588,1009.306,5328.750,-3990.000,-2458.750,23.789,246,-108,16546,609,-456,-281,-310,0,0
8029364970,13.847,-5.673,1009.306,5075.000,-3990.000,-2485.000,23.793,227,-93,16546,580,-456,-284,-309,0,0
8029374378,15.067,-7.015,1010.587,4970.000,-4025.000,-2476.250,23.793,247,-115,16567,568,-460,-283,-309,0,0
8029383791,15.006,-6.222,1009.794,5118.750,-4042.500,-2441.250,23.766,246,-102,16554,585,-462,-279,-316,0,0
8029393197,15.189,-7.137,1009.123,4987.500,-3998.750,-2441.250,23.766,249,-117,16543,570,-457,-279,-316,0,0
8029402605,15.433,-6.283,1008.330,4987.500,-4103.750,-2467.500,23.832,253,-103,16530,570,-469,-282,-299,0,0
8029412019,15.189,-6.832,1007.842,5057.500,-4130.000,-2458.750,23.832,249,-112,16522,578,-472,-281,-299,0,0
8029421427,14.945,-7.259,1010.526,4935.000,-4025.000,-2441.250,23.801,245,-119,16566,564,-460,-279,-307,0,0
8029430834,14.884,-5.917,1023.641,4970.000,-3998.750,-2450.000,23.801,244,-97,16781,568,-457,-280,-307,0,0
8029440240,14.884,-3.050,1007.110,4777.500,-3963.750,-2485.000,23.797,244,-50,16510,546,-453,-284,-308,0,0
8029449655,14.823,-5.612,999.668,4576.250,-3972.500,-2476.250,23.797,243,-92,16388,523,-454,-283,-308,0,0
8029459062,14.274,-6.893,1011.563,4803.750,-4016.250,-2493.750,23.797,234,-113,16583,549,-459,-285,-308,0,0
8029468470,15.128,-6.039,1017.297,4838.750,-4016.250,-2502.500,23.797,248,-99,16677,553,-459,-286,-308,0,0
8029477884,15.311,-5.307,1009.428,4838.750,-4016.250,-2467.500,23.832,251,-87,16548,553,-459,-282,-299,0,0
8029487291,14.823,-6.344,1003.450,4768.750,-4025.000,-2441.250,23.832,243,-104,16450,545,-460,-279,-299,0,0
8029496698,14.152,-10.980,1006.561,4532.500,-4051.250,-2423.750,23.797,232,-180,16501,518,-463,-277,-308,0,0
8029506111,15.067,-7.930,1011.258,4812.500,-4025.000,-2458.750,23.797,247,-130,16578,550,-460,-281,-308,0,0
8029515518,15.311,-3.233,1009.062,5040.000,-4077.500,-2467.500,23.777,251,-53,16542,576,-466,-282,-313,0,0
8029524924,14.457,-7.015,1006.195,4812.500,-4042.500,-2432.500,23.777,237,-115,16495,550,-462,-278,-313,0,0
8029534338,13.237,-7.381,1010.221,4891.250,-4077.500,-2450.000,23.773,217,-121,16561,559,-466,-280,-314,0,0
8029543746,14.701,-3.538,1012.112,4952.500,-3998.750,-2441.250,23.773,241,-58,16592,566,-457,-279,-314,0,0
8029553153,14.274,0.000,1009.550,4707.500,-4068.750,-2450.000,23.855,234,0,16550,538,-465,-280,-293,0,0
8029562562,14.030,-5.185,1010.038,4383.750,-4095.000,-2450.000,23.855,230,-85,16558,501,-468,-280,-293,0,0
8029571976,14.823,-6.771,1010.709,4375.000,-4016.250,-2458.750,23.813,243,-111,16569,500,-459,-281,-304,0,0
8029581383,15.311,-9.638,1008.879,4865.000,-4016.250,-2458.750,23.813,251,-158,16539,556,-459,-281,-304,0,0
8029590790,13.908,-0.793,1009.001,5066.250,-4042.500,-2485.000,23.781,228,-13,16541,579,-462,-284,-312,0,0
8029600204,14.884,-3.050,1009.245,4270.000,-4095.000,-2450.000,23.781,244,-50,16545,488,-468,-280,-312,0,0
8029609612,14.762,-10.797,1009.184,3797.500,-4086.250,-2450.000,23.816,242,-177,16544,434,-467,-280,-303,0,0
8029619018,14.762,-17.995,1010.892,4532.500,-4007.500,-2520.000,23.816,242,-295,16572,518,-458,-288,-303,0,0
8029628432,15.433,-8.052,1009.062,5993.750,-3937.500,-2502.500,23.820,253,-132,16542,685,-450,-286,-302,0,0
8029637838,14.091,4.819,1008.086,6335.000,-3911.250,-2502.500,23.820,231,79,16526,724,-447,-286,-302,0,0
8029647251,14.762,1.464,1009.794,4707.500,-4016.250,-2485.000,23.781,242,24,16554,538,-459,-284,-312,0,0
8029656658,16.836,-19.642,1011.380,4235.000,-3998.750,-2415.000,23.781,276,-322,16580,484,-457,-276,-312,0,0
8029666066,14.945,-5.124,1009.184,6335.000,-3911.250,-2485.000,23.805,245,-84,16544,724,-447,-284,-306,0,0
8029675479,13.603,12.444,1008.269,5608.750,-3955.000,-2511.250,23.805,223,204,16529,641,-452,-287,-306,0,0
8029684887,13.847,-1.830,1010.465,3132.500,-4095.000,-2467.500,23.773,227,-30,16565,358,-468,-282,-314,0,0
8029694293,15.311,-15.738,1008.818,2747.500,-4121.250,-2441.250,23.773,251,-258,16538,314,-471,-279,-314,0,0
8029703706,14.945,-20.130,1007.598,4243.750,-4068.750,-2476.250,23.816,245,-330,16518,485,-465,-283,-303,0,0
8029713115,14.884,-8.113,1008.513,6072.500,-3963.750,-2502.500,23.816,244,-133,16533,694,-453,-286,-303,0,0
8029722522,14.091,1.403,1009.245,6081.250,-3911.250,-2450.000,23.777,231,23,16545,695,-447,-280,-313,0,0
8029731935,14.152,-3.843,1008.635,4952.500,-4033.750,-2485.000,23.777,232,-63,16535,566,-461,-284,-313,0,0
8029741343,15.006,-7.747,1008.391,4523.750,-4016.250,-2493.750,23.781,246,-127,16531,517,-459,-285,-312,0,0
8029750749,15.311,-7.198,1009.123,5005.000,-3990.000,-2493.750,23.781,251,-118,16543,572,-456,-285,-312,0,0
8029760157,15.006,-0.976,1011.380,5276.250,-3981.250,-2493.750,23.820,246,-16,16580,603,-455,-285,-302,0,0
8029769570,15.250,-3.294,1010.160,4663.750,-4042.500,-2450.000,23.820,250,-54,16560,533,-462,-280,-302,0,0
8029778977,14.213,-7.320,1008.757,4725.000,-4007.500,-2450.000,23.777,233,-120,16537,540,-458,-280,-313,0,0
8029788392,14.396,-6.588,1010.099,4987.500,-3998.750,-2476.250,23.777,236,-108,16559,570,-457,-283,-313,0,0
8029797799,14.396,-6.405,1009.184,5267.500,-4016.250,-2450.000,23.805,236,-105,16544,602,-459,-280,-306,0,0
8029807207,14.701,-5.429,1008.025,5285.000,-3955.000,-2476.250,23.805,241,-89,16525,604,-452,-283,-306,0,0
8029816619,15.067,-4.392,1007.659,5048.750,-3963.750,-2476.250,23.813,247,-72,16519,577,-453,-283,-304,0,0
8029826026,14.579,-9.882,1009.306,4567.500,-3990.000,-2450.000,23.813,239,-162,16546,522,-456,-280,-304,0,0
8029835434,15.189,-9.089,1008.696,5258.750,-3946.250,-2485.000,23.816,249,-149,16536,601,-451,-284,-303,0,0
8029844846,14.640,-2.379,1007.781,5836.250,-3955.000,-2476.250,23.816,240,-39,16521,667,-452,-283,-303,0,0
8029854253,14.945,-0.793,1008.452,5127.500,-4025.000,-2450.000,23.758,245,-13,16532,586,-460,-280,-318,0,0
8029863660,14.152,-5.856,1010.221,4663.750,-4060.000,-2458.750,23.758,232,-96,16561,533,-464,-281,-318,0,0
8029873074,15.311,-6.161,1008.818,4917.500,-4068.750,-2476.250,23.773,251,-101,16538,562,-465,-283,-314,0,0
8029882479,14.823,-2.745,1009.367,5057.500,-4042.500,-2485.000,23.773,243,-45,16547,578,-462,-284,-314,0,0
8029891894,15.006,-4.636,1010.587,4900.000,-4068.750,-2450.000,23.770,246,-76,16567,560,-465,-280,-315,0,0
8029901301,15.799,-4.270,1009.550,4777.500,-4007.500,-2432.500,23.770,259,-70,16550,546,-458,-278,-315,0,0
8029910713,13.481,-6.283,1008.757,4803.750,-3955.000,-2441.250,23.785,221,-103,16537,549,-452,-279,-311,0,0
8029920120,14.396,-4.697,1009.733,5022.500,-3937.500,-2441.250,23.785,236,-77,16553,574,-450,-279,-311,0,0
8029929527,14.640,-4.392,1008.025,5040.000,-3990.000,-2458.750,23.770,240,-72,16525,576,-456,-281,-315,0,0
8029938940,13.786,-5.734,1007.659,4908.750,-3972.500,-2450.000,23.770,226,-94,16519,561,-454,-280,-315,0,0
8029948348,14.335,-3.294,1008.086,4952.500,-3963.750,-2458.750,23.734,235,-54,16526,566,-453,-281,-324,0,0
8029957756,14.701,-2.806,1007.903,4663.750,-4025.000,-2450.000,23.734,241,-46,16523,533,-460,-280,-324,0,0
8029967163,14.457,-4.087,1009.367,4453.750,-4042.500,-2441.250,23.762,237,-67,16547,509,-462,-279,-317,0,0
8029976577,15.677,-5.124,1008.574,4436.250,-3998.750,-2450.000,23.762,257,-84,16534,507,-457,-280,-317,0,0
8029985984,14.640,-5.246,1009.977,4550.000,-4033.750,-2476.250,23.781,240,-86,16557,520,-461,-283,-312,0,0
8029995397,14.457,-3.538,1008.879,4558.750,-4068.750,-2441.250,23.781,237,-58,16539,521,-465,-279,-312,0,0
8030004804,15.067,-4.148,1009.977,4480.000,-4025.000,-2450.000,23.770,247,-68,16557,512,-460,-280,-315,0,0
8030014211,13.664,-5.002,1008.452,4471.250,-4007.500,-2458.750,23.770,224,-82,16532,511,-458,-281,-315,0,0
8030023625,14.945,-3.538,1008.330,4410.000,-4025.000,-2476.250,23.781,245,-58,16530,504,-460,-283,-312,0,0
8030033032,15.860,-5.673,1008.696,4436.250,-4016.250,-2450.000,23.781,260,-93,16536,507,-459,-280,-312,0,0
8030042437,14.091,-5.978,1008.635,4532.500,-3972.500,-2432.500,23.766,231,-98,16535,518,-454,-278,-316,0,0
8030051852,15.189,-8.479,1008.635,4760.000,-4016.250,-2485.000,23.766,249,-139,16535,544,-459,-284,-316,0,0
8030061257,13.542,-5.795,1007.720,5092.500,-3972.500,-2450.000,23.809,222,-95,16520,582,-454,-280,-305,0,0
8030070666,14.396,-1.220,1007.964,5005.000,-3937.500,-2467.500,23.809,236,-20,16524,572,-450,-282,-305,0,0
8030080079,14.823,-6.100,1008.879,4418.750,-4051.250,-2458.750,23.770,243,-100,16539,505,-463,-281,-315,0,0
8030089486,15.189,-6.283,1008.086,4585.000,-4103.750,-2511.250,23.770,249,-103,16526,524,-469,-287,-315,0,0
8030098894,15.921,-4.819,1008.330,4760.000,-4025.000,-2441.250,23.762,261,-79,16530,544,-460,-279,-317,0,0
8030108307,15.677,-6.283,1008.330,4646.250,-3972.500,-2467.500,23.762,257,-103,16530,531,-454,-282,-317,0,0
8030117713,14.457,-6.100,1009.611,4847.500,-3981.250,-2493.750,23.719,237,-100,16551,554,-455,-285,-328,0,0
8030127127,15.067,-3.538,1008.513,4926.250,-3998.750,-2458.750,23.719,247,-58,16533,563,-457,-281,-328,0,0
8030136534,14.518,-5.612,1007.842,4707.500,-4016.250,-2441.250,23.770,238,-92,16522,538,-459,-279,-315,0,0
8030145939,13.786,-6.527,1010.099,4891.250,-3990.000,-2450.000,23.770,226,-107,16559,559,-456,-280,-315,0,0
8030155354,14.274,-5.246,1009.001,4961.250,-3998.750,-2450.000,23.758,234,-86,16541,567,-457,-280,-318,0,0
8030164761,16.226,-4.758,1007.842,4873.750,-4016.250,-2441.250,23.758,266,-78,16522,557,-459,-279,-318,0,0
8030174168,15.250,-4.453,1007.842,4830.000,-3990.000,-2441.250,23.789,250,-73,16522,552,-456,-279,-310,0,0
8030183582,14.945,-3.965,1009.428,4882.500,-4042.500,-2441.250,23.789,245,-65,16548,558,-462,-279,-310,0,0
8030192990,15.494,-5.734,1008.269,4830.000,-4007.500,-2458.750,23.746,254,-94,16529,552,-458,-281,-321,0,0
8030202398,15.433,-5.429,1009.306,4768.750,-4025.000,-2458.750,23.746,253,-89,16546,545,-460,-281,-321,0,0
8030211811,14.884,-4.575,1008.330,4725.000,-4025.000,-2450.000,23.766,244,-75,16530,540,-460,-280,-316,0,0
8030221217,14.030,-5.612,1009.611,4760.000,-4007.500,-2467.500,23.766,230,-92,16551,544,-458,-282,-316,0,0
8030230625,14.091,-6.527,1009.062,4733.750,-4025.000,-2476.250,23.750,231,-107,16542,541,-460,-283,-320,0,0
8030240033,15.738,-6.466,1007.415,4707.500,-3981.250,-2450.000,23.750,258,-106,16515,538,-455,-280,-320,0,0
8030249447,14.518,-5.246,1009.123,4830.000,-3998.750,-2450.000,23.734,238,-86,16543,552,-457,-280,-324,0,0
8030258853,14.457,-5.551,1008.452,4952.500,-4086.250,-2476.250,23.734,237,-91,16532,566,-467,-283,-324,0,0
8030268267,15.189,-6.222,1009.367,4838.750,-4086.250,-2493.750,23.773,249,-102,16547,553,-467,-285,-314,0,0
8030277674,14.762,-8.784,1008.330,5206.250,-4068.750,-2493.750,23.773,242,-144,16530,595,-465,-285,-314,0,0
8030287080,14.884,-2.318,1008.452,5740.000,-3920.000,-2441.250,23.789,244,-38,16532,656,-448,-279,-310,0,0
8030296493,15.433,-1.708,1008.940,5346.250,-3990.000,-2441.250,23.789,253,-28,16540,611,-456,-279,-310,0,0
8030305899,14.457,-5.307,1009.062,4935.000,-3990.000,-2485.000,23.773,237,-87,16542,564,-456,-284,-314,0,0
8030315314,14.701,-5.246,1008.940,5075.000,-4042.500,-2493.750,23.773,241,-86,16540,580,-462,-285,-314,0,0
8030324720,14.335,-3.172,1008.879,5118.750,-3937.500,-2441.250,23.777,235,-52,16539,585,-450,-279,-313,0,0
8030334127,14.091,-4.941,1007.720,5145.000,-3998.750,-2458.750,23.777,231,-81,16520,588,-457,-281,-313,0,0
8030343541,14.152,-2.684,1009.062,5048.750,-3955.000,-2467.500,23.793,232,-44,16542,577,-452,-282,-309,0,0
8030352948,15.128,-4.880,1007.476,4725.000,-3981.250,-2458.750,23.793,248,-80,16516,540,-455,-281,-309,0,0
8030362356,15.494,-4.392,1008.452,4821.250,-4007.500,-2397.500,23.758,254,-72,16532,551,-458,-274,-318,0,0
8030371768,15.128,-6.161,1009.184,4821.250,-4033.750,-2458.750,23.758,248,-101,16544,551,-461,-281,-318,0,0
8030381175,15.494,-4.209,1008.391,4821.250,-4016.250,-2476.250,23.781,254,-69,16531,551,-459,-283,-312,0,0
8030390583,15.677,-5.185,1008.269,4795.000,-3998.750,-2467.500,23.781,257,-85,16529,548,-457,-282,-312,0,0
8030399995,15.067,-4.636,1008.940,4830.000,-3990.000,-2450.000,23.805,247,-76,16540,552,-456,-280,-306,0,0
8030409402,15.372,-4.880,1009.489,4847.500,-3946.250,-2458.750,23.805,252,-80,16549,554,-451,-281,-306,0,0
8030418816,14.579,-7.564,1009.672,5013.750,-3963.750,-2432.500,23.734,239,-124,16552,573,-453,-278,-324,0,0
8030428222,15.067,-7.015,1007.354,5355.000,-3911.250,-2467.500,23.734,247,-115,16514,612,-447,-282,-324,0,0
8030437635,14.030,-2.379,1007.720,5538.750,-3955.000,-2467.500,23.762,230,-39,16520,633,-452,-282,-317,0,0
8030447042,14.518,-3.782,1008.025,5372.500,-3963.750,-2485.000,23.762,238,-62,16525,614,-453,-284,-317,0,0
8030456449,14.518,-2.745,1009.306,5241.250,-3981.250,-2467.500,23.766,238,-45,16546,599,-455,-282,-316,0,0
8030465863,14.396,-3.538,1009.916,5057.500,-3972.500,-2441.250,23.766,236,-58,16556,578,-454,-279,-316,0,0
8030475270,13.420,-4.941,1008.513,5031.250,-3963.750,-2458.750,23.746,220,-81,16533,575,-453,-281,-321,0,0
8030484676,14.457,-1.037,1008.025,5206.250,-3928.750,-2458.750,23.746,237,-17,16525,595,-449,-281,-321,0,0
8030494090,14.884,-2.135,1008.147,4970.000,-4016.250,-2476.250,23.754,244,-35,16527,568,-459,-283,-319,0,0
8030503498,15.067,-4.819,1008.330,4856.250,-4033.750,-2485.000,23.754,247,-79,16530,555,-461,-284,-319,0,0
8030512903,15.372,-3.416,1008.269,4838.750,-4016.250,-2485.000,23.742,252,-56,16529,553,-459,-284,-322,0,0
8030522315,14.335,-4.270,1008.879,4795.000,-4016.250,-2458.750,23.742,235,-70,16539,548,-459,-281,-322,0,0
8030531723,13.969,-4.575,1009.489,4751.250,-3981.250,-2458.750,23.766,229,-75,16549,543,-455,-281,-316,0,0
8030541136,14.762,-3.721,1008.513,4812.500,-3981.250,-2450.000,23.766,242,-61,16533,550,-455,-280,-316,0,0
8030550543,14.396,-3.172,1007.598,4821.250,-3990.000,-2432.500,23.742,236,-52,16518,551,-456,-278,-322,0,0
8030559951,15.372,-3.660,1007.537,4681.250,-4007.500,-2441.250,23.742,252,-60,16517,535,-458,-279,-322,0,0
8030569359,14.274,-4.087,1009.001,4978.750,-4007.500,-2441.250,23.781,234,-67,16541,569,-458,-279,-312,0,0
8030578772,14.091,-3.111,1010.038,5075.000,-4016.250,-2485.000,23.781,231,-51,16558,580,-459,-284,-312,0,0
8030588179,14.274,-4.392,1009.794,5040.000,-3998.750,-2467.500,23.777,234,-72,16554,576,-457,-282,-313,0,0
8030597586,15.860,-4.331,1006.927,5118.750,-3998.750,-2458.750,23.777,260,-71,16507,585,-457,-281,-313,0,0
8030607001,14.640,-2.257,1007.537,5250.000,-3981.250,-2467.500,23.738,240,-37,16517,600,-455,-282,-323,0,0
8030616406,13.847,-2.440,1009.672,5206.250,-3981.250,-2493.750,23.738,227,-40,16552,595,-455,-285,-323,0,0
8030625819,14.030,-1.891,1010.221,4952.500,-3981.250,-2502.500,23.734,230,-31,16561,566,-455,-286,-324,0,0
8030635227,14.884,-4.331,1009.550,4865.000,-4033.750,-2485.000,23.734,244,-71,16550,556,-461,-284,-324,0,0
8030644633,14.457,-2.562,1007.903,5013.750,-4033.750,-2493.750,23.734,237,-42,16523,573,-461,-285,-324,0,0
8030654047,14.457,-2.318,1009.428,5075.000,-4060.000,-2458.750,23.734,237,-38,16548,580,-464,-281,-324,0,0
8030663454,14.640,-2.562,1008.086,4935.000,-3990.000,-2502.500,23.766,240,-42,16526,564,-456,-286,-316,0,0
8030672867,14.640,-4.941,1008.086,4935.000,-3963.750,-2458.750,23.766,240,-81,16526,564,-453,-281,-316,0,0
8030682274,14.945,-3.294,1010.831,5022.500,-3981.250,-2441.250,23.727,245,-54,16571,574,-455,-279,-326,0,0
8030691681,14.335,-2.379,1009.184,5083.750,-3981.250,-2467.500,23.727,235,-39,16544,581,-455,-282,-326,0,0
8030701094,15.006,-3.233,1007.842,4926.250,-3998.750,-2441.250,23.746,246,-53,16522,563,-457,-279,-321,0,0
8030710501,15.921,-3.416,1008.208,5066.250,-3946.250,-2458.750,23.746,261,-56,16528,579,-451,-281,-321,0,0
8030719909,15.006,-1.098,1008.574,5153.750,-3972.500,-2458.750,23.746,246,-18,16534,589,-454,-281,-321,0,0
8030729321,14.945,-1.952,1009.123,4961.250,-3972.500,-2493.750,23.746,245,-32,16543,567,-454,-285,-321,0,0
8030738729,14.457,-2.745,1009.001,4760.000,-4025.000,-2476.250,23.750,237,-45,16541,544,-460,-283,-320,0,0
8030748136,13.786,-4.026,1008.879,4742.500,-4025.000,-2493.750,23.750,226,-66,16539,542,-460,-285,-320,0,0
8030757550,14.640,-3.233,1008.452,4847.500,-3998.750,-2467.500,23.762,240,-53,16532,554,-457,-282,-317,0,0
8030766958,14.823,-1.708,1009.733,4891.250,-3981.250,-2450.000,23.762,243,-28,16553,559,-455,-280,-317,0,0
8030776364,13.542,-2.928,1008.574,4690.000,-4060.000,-2476.250,23.773,222,-48,16534,536,-464,-283,-314,0,0
8030785778,14.396,-2.562,1009.184,4795.000,-3990.000,-2458.750,23.773,236,-42,16544,548,-456,-281,-314,0,0
8030795186,14.396,-2.135,1009.794,4742.500,-3972.500,-2432.500,23.738,236,-35,16554,542,-454,-278,-323,0,0
8030804594,15.189,-1.708,1009.550,4838.750,-3946.250,-2441.250,23.738,249,-28,16550,553,-451,-279,-323,0,0
8030814001,15.189,-2.501,1007.659,4812.500,-4016.250,-2520.000,23.770,249,-41,16519,550,-459,-288,-315,0,0
8030823416,14.701,-2.135,1009.184,4707.500,-3981.250,-2485.000,23.770,241,-35,16544,538,-455,-284,-315,0,0
8030832822,14.945,-3.538,1009.733,4838.750,-4007.500,-2493.750,23.785,245,-58,16553,553,-458,-285,-311,0,0
8030842229,15.616,-2.684,1008.818,4891.250,-3981.250,-2458.750,23.785,256,-44,16538,559,-455,-281,-311,0,0
8030851643,13.847,-1.769,1007.720,4830.000,-3963.750,-2476.250,23.793,227,-29,16520,552,-453,-283,-309,0,0
8030861051,14.518,-2.379,1009.123,4812.500,-3981.250,-2467.500,23.793,238,-39,16543,550,-455,-282,-309,0,0
8030870458,14.213,-2.562,1009.977,4821.250,-3990.000,-2485.000,23.750,233,-42,16557,551,-456,-284,-320,0,0
8030879873,14.640,-1.769,1009.855,4803.750,-4033.750,-2467.500,23.750,240,-29,16555,549,-461,-282,-320,0,0
8030889278,14.579,-2.196,1008.879,4873.750,-4051.250,-2458.750,23.773,239,-36,16539,557,-463,-281,-314,0,0
8030898691,15.799,-2.623,1008.025,4856.250,-4086.250,-2476.250,23.773,259,-43,16525,555,-467,-283,-314,0,0
8030908099,14.884,-2.013,1008.208,4698.750,-4025.000,-2485.000,23.789,244,-33,16528,537,-460,-284,-310,0,0
8030917505,15.311,-2.684,1009.245,4698.750,-3972.500,-2450.000,23.789,251,-44,16545,537,-454,-280,-310,0,0
8030926919,14.945,-1.342,1008.635,4812.500,-3998.750,-2485.000,23.734,245,-22,16535,550,-457,-284,-324,0,0
8030936326,14.152,-2.257,1008.635,4795.000,-4042.500,-2485.000,23.734,232,-37,16535,548,-462,-284,-324,0,0
8030945734,14.030,-2.135,1009.306,4768.750,-4016.250,-2467.500,23.750,230,-35,16546,545,-459,-282,-320,0,0
8030955142,14.396,-3.355,1006.866,4786.250,-4025.000,-2467.500,23.750,236,-55,16506,547,-460,-282,-320,0,0
8030964555,14.579,-2.623,1007.049,4768.750,-3981.250,-2458.750,23.738,239,-43,16509,545,-455,-281,-323,0,0
8030973962,15.128,-2.562,1008.391,4733.750,-3998.750,-2467.500,23.738,248,-42,16531,541,-457,-282,-323,0,0
8030983369,15.006,-3.233,1009.550,4760.000,-3963.750,-2485.000,23.746,246,-53,16550,544,-453,-284,-321,0,0
8030992783,14.701,-3.172,1009.733,4795.000,-4033.750,-2476.250,23.746,241,-52,16553,548,-461,-283,-321,0,0
8031002190,15.189,-2.196,1009.550,4795.000,-4033.750,-2485.000,23.781,249,-36,16550,548,-461,-284,-312,0,0
8031011597,14.640,-1.830,1006.561,4768.750,-4033.750,-2485.000,23.781,240,-30,16501,545,-461,-284,-312,0,0
8031021011,15.006,-1.403,1009.550,4821.250,-3998.750,-2493.750,23.773,246,-23,16550,551,-457,-285,-314,0,0
8031030420,14.884,-2.684,1010.221,4716.250,-4033.750,-2467.500,23.773,244,-44,16561,539,-461,-282,-314,0,0
8031039827,13.664,-2.562,1008.696,4698.750,-3998.750,-2450.000,23.781,224,-42,16536,537,-457,-280,-312,0,0
8031049234,13.542,-2.745,1007.598,4777.500,-4042.500,-2467.500,23.781,222,-45,16518,546,-462,-282,-312,0,0
8031058647,15.067,-2.379,1007.598,4830.000,-3998.750,-2467.500,23.727,247,-39,16518,552,-457,-282,-326,0,0
8031068054,15.250,-3.111,1008.879,4803.750,-4033.750,-2467.500,23.727,250,-51,16539,549,-461,-282,-326,0,0
8031077462,15.128,-3.416,1009.245,4725.000,-3990.000,-2467.500,23.746,248,-56,16545,540,-456,-282,-321,0,0
8031086876,14.945,-2.074,1008.025,4760.000,-4007.500,-2441.250,23.746,245,-34,16525,544,-458,-279,-321,0,0
8031096283,14.457,-2.379,1009.367,4768.750,-4095.000,-2502.500,23.781,237,-39,16547,545,-468,-286,-312,0,0
8031105696,14.274,-2.440,1009.550,4882.500,-4077.500,-2476.250,23.781,234,-40,16550,558,-466,-283,-312,0,0
8031115104,15.067,-2.318,1010.709,4760.000,-3981.250,-2450.000,23.777,247,-38,16569,544,-455,-280,-313,0,0
8031124512,14.274,-2.745,1008.757,4760.000,-3981.250,-2441.250,23.777,234,-45,16537,544,-455,-279,-313,0,0
8031133919,13.054,-1.952,1008.635,4926.250,-4025.000,-2458.750,23.762,214,-32,16535,563,-460,-281,-317,0,0
8031143327,14.274,-1.708,1008.879,4795.000,-3972.500,-2485.000,23.762,234,-28,16539,548,-454,-284,-317,0,0
8031152741,14.518,-2.684,1009.672,4865.000,-4007.500,-2476.250,23.766,238,-44,16552,556,-458,-283,-316,0,0
8031162146,14.823,-2.623,1008.025,4803.750,-3928.750,-2423.750,23.766,243,-43,16525,549,-449,-277,-316,0,0
8031171561,14.457,-2.501,1007.720,4742.500,-3981.250,-2441.250,23.758,237,-41,16520,542,-455,-279,-318,0,0
8031180968,15.189,-2.928,1007.110,4707.500,-4025.000,-2476.250,23.758,249,-48,16510,538,-460,-283,-318,0,0
8031190377,14.945,-2.379,1007.293,4742.500,-3990.000,-2476.250,23.723,245,-39,16513,542,-456,-283,-327,0,0
8031199783,14.518,-2.989,1008.269,4768.750,-4007.500,-2450.000,23.723,238,-49,16529,545,-458,-280,-327,0,0
8031209197,14.274,-1.708,1009.855,4777.500,-3998.750,-2441.250,23.773,234,-28,16555,546,-457,-279,-314,0,0
8031218604,14.518,-2.135,1009.123,4760.000,-4016.250,-2467.500,23.773,238,-35,16543,544,-459,-282,-314,0,0
8031228011,14.640,-2.501,1006.927,4681.250,-4025.000,-2458.750,23.746,240,-41,16507,535,-460,-281,-321,0,0
8031237426,15.738,-2.623,1009.611,4803.750,-3981.250,-2476.250,23.746,258,-43,16551,549,-455,-283,-321,0,0
8031246834,15.006,-2.074,1009.001,4821.250,-4033.750,-2493.750,23.754,246,-34,16541,551,-461,-285,-319,0,0
8031256240,15.128,-3.111,1008.025,4865.000,-3981.250,-2450.000,23.754,248,-51,16525,556,-455,-280,-319,0,0
8031265654,13.908,-0.854,1006.195,4803.750,-4007.500,-2467.500,23.801,228,-14,16495,549,-458,-282,-307,0,0
8031275061,15.433,-3.538,1008.940,4751.250,-3990.000,-2450.000,23.801,253,-58,16540,543,-456,-280,-307,0,0
8031284469,14.396,-0.976,1009.062,4742.500,-3998.750,-2458.750,23.773,236,-16,16542,542,-457,-281,-314,0,0
8031293876,14.030,-1.952,1007.476,4637.500,-3981.250,-2441.250,23.773,230,-32,16516,530,-455,-279,-314,0,0
8031303290,14.579,-1.281,1008.513,4681.250,-4033.750,-2467.500,23.730,239,-21,16533,535,-461,-282,-325,0,0
8031312696,13.847,-3.233,1010.221,4751.250,-4033.750,-2458.750,23.730,227,-53,16561,543,-461,-281,-325,0,0
8031322104,13.908,-1.830,1008.391,4786.250,-3955.000,-2485.000,23.781,228,-30,16531,547,-452,-284,-312,0,0
8031331519,14.335,-3.050,1007.476,4698.750,-3963.750,-2458.750,23.781,235,-50,16516,537,-453,-281,-312,0,0
8031340926,15.250,-2.440,1007.049,4698.750,-3981.250,-2458.750,23.777,250,-40,16509,537,-455,-281,-313,0,0
8031350333,14.213,-4.087,1008.757,4786.250,-3963.750,-2458.750,23.777,233,-67,16537,547,-453,-281,-313,0,0
8031359741,15.006,-2.989,1008.513,4935.000,-3972.500,-2450.000,23.734,246,-49,16533,564,-454,-280,-324,0,0
8031369154,15.189,-2.623,1009.306,5040.000,-4033.750,-2458.750,23.734,249,-43,16546,576,-461,-281,-324,0,0
8031378561,14.457,-1.281,1009.062,5066.250,-4025.000,-2467.500,23.770,237,-21,16542,579,-460,-282,-315,0,0
8031387975,13.115,-0.183,1008.330,4952.500,-4051.250,-2458.750,23.770,215,-3,16530,566,-463,-281,-315,0,0
8031397383,14.945,-1.952,1009.977,4830.000,-4060.000,-2467.500,23.805,245,-32,16557,552,-464,-282,-306,0,0
8031406789,13.847,-1.403,1008.513,4812.500,-4007.500,-2467.500,23.805,227,-23,16533,550,-458,-282,-306,0,0
8031416196,14.213,-1.464,1010.038,4751.250,-4007.500,-2450.000,23.762,233,-24,16558,543,-458,-280,-317,0,0
8031425610,14.823,-2.074,1009.977,4655.000,-4025.000,-2441.250,23.762,243,-34,16557,532,-460,-279,-317,0,0
8031435017,15.006,-1.952,1008.879,4725.000,-4007.500,-2458.750,23.801,246,-32,16539,540,-458,-281,-307,0,0
8031444426,15.433,-1.769,1009.306,4821.250,-4042.500,-2485.000,23.801,253,-29,16546,551,-462,-284,-307,0,0
8031453841,15.128,-1.952,1009.306,4777.500,-4016.250,-2450.000,23.766,248,-32,16546,546,-459,-280,-316,0,0
8031463247,14.274,-1.891,1009.611,4795.000,-3998.750,-2458.750,23.766,234,-31,16551,548,-457,-281,-316,0,0
8031472654,14.579,-2.013,1008.635,4725.000,-4016.250,-2458.750,23.734,239,-33,16535,540,-459,-281,-324,0,0
8031482068,15.372,-1.037,1010.221,4812.500,-3990.000,-2467.500,23.734,252,-17,16561,550,-456,-282,-324,0,0
8031491476,13.542,-1.708,1009.611,4716.250,-4060.000,-2476.250,23.746,222,-28,16551,539,-464,-283,-321,0,0
8031500883,14.396,-1.525,1008.818,4777.500,-4060.000,-2467.500,23.746,236,-25,16538,546,-464,-282,-321,0,0
8031510290,14.396,-2.196,1007.232,4847.500,-3946.250,-2450.000,23.723,236,-36,16512,554,-451,-280,-327,0,0
8031519703,14.335,-1.647,1009.977,4821.250,-4042.500,-2502.500,23.723,235,-27,16557,551,-462,-286,-327,0,0
8031529111,13.542,-2.684,1009.489,4751.250,-3998.750,-2467.500,23.773,222,-44,16549,543,-457,-282,-314,0,0
8031538518,13.908,-1.830,1007.964,4908.750,-3981.250,-2476.250,23.773,228,-30,16524,561,-455,-283,-314,0,0
8031547933,13.969,-1.708,1008.452,4900.000,-3990.000,-2432.500,23.770,229,-28,16532,560,-456,-278,-315,0,0
8031557340,14.945,-1.647,1009.611,4917.500,-4033.750,-2467.500,23.770,245,-27,16551,562,-461,-282,-315,0,0
8031566748,14.335,-1.525,1009.489,4742.500,-3972.500,-2493.750,23.730,235,-25,16549,542,-454,-285,-325,0,0
8031576161,14.091,-2.196,1009.611,4795.000,-4007.500,-2441.250,23.730,231,-36,16551,548,-458,-279,-325,0,0
8031585568,14.823,-0.976,1009.123,4891.250,-4060.000,-2450.000,23.766,243,-16,16543,559,-464,-280,-316,0,0
8031594976,14.213,-1.952,1010.221,4795.000,-4016.250,-2485.000,23.766,233,-32,16561,548,-459,-284,-316,0,0
8031604390,15.189,-1.830,1008.147,4803.750,-4033.750,-2476.250,23.773,249,-30,16527,549,-461,-283,-314,0,0
8031613796,15.189,-1.403,1006.927,4733.750,-3998.750,-2441.250,23.773,249,-23,16507,541,-457,-279,-314,0,0
8031623204,15.189,-1.830,1009.306,4830.000,-4016.250,-2441.250,23.805,249,-30,16546,552,-459,-279,-306,0,0
8031632611,15.128,-1.952,1010.221,4821.250,-4025.000,-2458.750,23.805,248,-32,16561,551,-460,-281,-306,0,0
8031642026,13.420,-1.769,1008.696,4856.250,-3981.250,-2476.250,23.766,220,-29,16536,555,-455,-283,-316,0,0
8031651433,14.274,-2.562,1008.025,4847.500,-3972.500,-2467.500,23.766,234,-42,16525,554,-454,-282,-316,0,0
8031660846,14.396,-1.952,1009.977,4725.000,-3981.250,-2476.250,23.758,236,-32,16557,540,-455,-283,-318,0,0
8031670254,14.762,-3.355,1009.550,4777.500,-3981.250,-2458.750,23.758,242,-55,16550,546,-455,-281,-318,0,0
8031679660,14.091,-1.647,1008.879,4873.750,-4016.250,-2476.250,23.758,231,-27,16539,557,-459,-283,-318,0,0
8031689069,15.433,-2.684,1010.038,4891.250,-3981.250,-2485.000,23.758,253,-44,16558,559,-455,-284,-318,0,0
8031698476,14.030,-0.305,1010.221,4847.500,-4033.750,-2441.250,23.734,230,-5,16561,554,-461,-279,-324,0,0
8031707891,15.189,-1.220,1009.550,4672.500,-4051.250,-2467.500,23.734,249,-20,16550,534,-463,-282,-324,0,0
8031717298,14.152,-2.501,1007.964,4698.750,-3946.250,-2441.250,23.711,232,-41,16524,537,-451,-279,-330,0,0
8031726706,14.945,-1.952,1009.001,4786.250,-4007.500,-2476.250,23.711,245,-32,16541,547,-458,-283,-330,0,0
8031736120,14.274,-1.891,1010.343,4873.750,-4086.250,-2467.500,23.777,234,-31,16563,557,-467,-282,-313,0,0
8031745526,14.640,-1.952,1009.245,4795.000,-4068.750,-2485.000,23.777,240,-32,16545,548,-465,-284,-313,0,0
8031754934,14.396,-2.196,1008.086,4882.500,-3937.500,-2450.000,23.746,236,-36,16526,558,-450,-280,-321,0,0
8031764347,15.982,-1.952,1008.513,4891.250,-3963.750,-2450.000,23.746,262,-32,16533,559,-453,-280,-321,0,0
8031773755,14.823,-1.464,1008.696,4882.500,-3981.250,-2467.500,23.766,243,-24,16536,558,-455,-282,-316,0,0
8031783161,14.030,-1.708,1009.977,4856.250,-4042.500,-2467.500,23.766,230,-28,16557,555,-462,-282,-316,0,0
8031792575,14.274,-0.915,1010.526,4917.500,-4025.000,-2458.750,23.785,234,-15,16566,562,-460,-281,-311,0,0
8031801983,14.091,-0.427,1009.977,4786.250,-4060.000,-2450.000,23.785,231,-7,16557,547,-464,-280,-311,0,0
8031811390,14.396,-0.793,1009.306,4777.500,-4033.750,-2485.000,23.781,236,-13,16546,546,-461,-284,-312,0,0
8031820803,16.104,-0.793,1008.452,4795.000,-4007.500,-2502.500,23.781,264,-13,16532,548,-458,-286,-312,0,0
8031830211,14.945,-0.732,1008.696,4812.500,-3998.750,-2467.500,23.770,245,-12,16536,550,-457,-282,-315,0,0
8031839618,14.823,-0.427,1009.855,4908.750,-3972.500,-2485.000,23.770,243,-7,16555,561,-454,-284,-315,0,0
8031849026,13.969,-2.440,1010.160,4742.500,-3972.500,-2441.250,23.750,229,-40,16560,542,-454,-279,-320,0,0
8031858441,13.664,-0.854,1009.245,4760.000,-3998.750,-2458.750,23.750,224,-14,16545,544,-457,-281,-320,0,0
8031867849,14.518,-1.464,1008.757,4786.250,-3998.750,-2476.250,23.734,238,-24,16537,547,-457,-283,-324,0,0
8031877256,13.908,-0.854,1009.794,4830.000,-4007.500,-2441.250,23.734,228,-14,16554,552,-458,-279,-324,0,0
8031886663,14.335,-1.159,1008.757,4847.500,-4086.250,-2458.750,23.727,235,-19,16537,554,-467,-281,-326,0,0
8031896077,14.457,-1.525,1009.428,4733.750,-3998.750,-2485.000,23.727,237,-25,16548,541,-457,-284,-326,0,0
8031905484,14.030,-1.586,1010.343,4655.000,-3990.000,-2441.250,23.738,230,-26,16563,532,-456,-279,-323,0,0
8031914891,15.006,-1.220,1008.635,4707.500,-3955.000,-2467.500,23.738,246,-20,16535,538,-452,-282,-323,0,0
8031924306,14.396,-1.342,1008.940,4698.750,-3972.500,-2467.500,23.742,236,-22,16540,537,-454,-282,-322,0,0
8031933713,14.213,-1.464,1010.404,4716.250,-3972.500,-2458.750,23.742,233,-24,16564,539,-454,-281,-322,0,0
8031943119,14.030,-1.830,1008.940,4733.750,-4025.000,-2458.750,23.762,230,-30,16540,541,-460,-281,-317,0,0
8031952532,14.579,-1.525,1010.648,4690.000,-3972.500,-2458.750,23.762,239,-25,16568,536,-454,-281,-317,0,0
8031961939,14.274,-1.403,1009.855,4786.250,-3998.750,-2450.000,23.785,234,-23,16555,547,-457,-280,-311,0,0
8031971346,14.274,-0.549,1010.099,4760.000,-4016.250,-2441.250,23.785,234,-9,16559,544,-459,-279,-311,0,0
8031980762,15.067,-1.525,1010.892,4768.750,-4016.250,-2423.750,23.766,247,-25,16572,545,-459,-277,-316,0,0
8031990169,14.335,-1.891,1009.489,4733.750,-3990.000,-2450.000,23.766,235,-31,16549,541,-456,-280,-316,0,0
8031999575,13.847,-0.915,1009.306,4795.000,-3955.000,-2476.250,23.750,227,-15,16546,548,-452,-283,-320,0,0
8032008990,13.786,-1.708,1010.038,4803.750,-3955.000,-2485.000,23.750,226,-28,16558,549,-452,-284,-320,0,0
8032018397,14.213,-1.037,1009.306,4865.000,-3981.250,-2458.750,23.828,233,-17,16546,556,-455,-281,-300,0,0
8032027805,15.555,-1.525,1009.001,4768.750,-3998.750,-2476.250,23.828,255,-25,16541,545,-457,-283,-300,0,0
8032037212,14.274,-1.830,1009.001,4725.000,-4007.500,-2485.000,23.750,234,-30,16541,540,-458,-284,-320,0,0
8032046625,14.579,-1.342,1008.391,4698.750,-3981.250,-2458.750,23.750,239,-22,16531,537,-455,-281,-320,0,0
8032056033,14.640,-1.647,1010.343,4777.500,-4033.750,-2493.750,23.785,240,-27,16563,546,-461,-285,-311,0,0
8032065439,13.481,-2.013,1009.672,4795.000,-4025.000,-2458.750,23.785,221,-33,16552,548,-460,-281,-311,0,0
8032074853,14.335,-1.525,1008.208,4725.000,-3998.750,-2458.750,23.746,235,-25,16528,540,-457,-281,-321,0,0
8032084261,14.274,-0.854,1008.513,4768.750,-4016.250,-2441.250,23.746,234,-14,16533,545,-459,-279,-321,0,0
8032093673,14.762,-1.220,1009.672,4768.750,-4016.250,-2458.750,23.762,242,-20,16552,545,-459,-281,-317,0,0
8032103080,15.128,-1.647,1010.343,4812.500,-3998.750,-2450.000,23.762,248,-27,16563,550,-457,-280,-317,0,0
8032112487,14.091,-1.952,1010.343,4830.000,-3972.500,-2493.750,23.793,231,-32,16563,552,-454,-285,-309,0,0
8032121900,15.372,-1.586,1008.086,4812.500,-3998.750,-2520.000,23.793,252,-26,16526,550,-457,-288,-309,0,0
8032131306,15.311,-1.403,1007.781,4803.750,-4016.250,-2502.500,23.730,251,-23,16521,549,-459,-286,-325,0,0
8032140720,15.067,-1.891,1010.099,4786.250,-3981.250,-2450.000,23.730,247,-31,16559,547,-455,-280,-325,0,0
8032150127,15.128,-0.854,1010.160,4812.500,-3946.250,-2450.000,23.699,248,-14,16560,550,-451,-280,-333,0,0
8032159539,14.579,-1.342,1008.635,4760.000,-4007.500,-2467.500,23.699,239,-22,16535,544,-458,-282,-333,0,0
8032168948,14.274,-0.854,1009.489,4768.750,-3972.500,-2441.250,23.781,234,-14,16549,545,-454,-279,-312,0,0
8032178355,14.152,-0.244,1009.733,4821.250,-4007.500,-2450.000,23.781,232,-4,16553,551,-458,-280,-312,0,0
8032187762,13.908,-0.976,1009.550,4725.000,-3990.000,-2441.250,23.781,228,-16,16550,540,-456,-279,-312,0,0
8032197176,15.494,-1.037,1008.513,4803.750,-4016.250,-2502.500,23.781,254,-17,16533,549,-459,-286,-312,0,0
8032206582,15.006,-0.793,1009.123,4830.000,-4042.500,-2520.000,23.781,246,-13,16543,552,-462,-288,-312,0,0
8032215990,14.884,-1.525,1011.807,4830.000,-4016.250,-2476.250,23.781,244,-25,16587,552,-459,-283,-312,0,0
8032225403,14.518,-1.464,1008.696,4838.750,-4007.500,-2502.500,23.785,238,-24,16536,553,-458,-286,-311,0,0
8032234809,15.494,-0.915,1008.696,4838.750,-3990.000,-2476.250,23.785,254,-15,16536,553,-456,-283,-311,0,0
8032244217,14.335,-0.976,1008.391,4856.250,-4016.250,-2450.000,23.754,235,-16,16531,555,-459,-280,-319,0,0
8032253630,14.579,-1.952,1009.977,4908.750,-4016.250,-2458.750,23.754,239,-32,16557,561,-459,-281,-319,0,0
8032263035,13.786,-0.122,1009.672,4891.250,-4025.000,-2450.000,23.785,226,-2,16552,559,-460,-280,-311,0,0
8032272451,14.396,-1.159,1009.489,4821.250,-3990.000,-2476.250,23.785,236,-19,16549,551,-456,-283,-311,0,0
8032281857,14.884,-1.220,1008.879,4768.750,-3963.750,-2485.000,23.750,244,-20,16539,545,-453,-284,-320,0,0
8032291263,14.701,-1.464,1008.940,4821.250,-3955.000,-2432.500,23.750,241,-24,16540,551,-452,-278,-320,0,0
8032300678,15.860,-0.976,1010.160,4838.750,-4016.250,-2458.750,23.738,260,-16,16560,553,-459,-281,-323,0,0
8032310085,16.165,-0.366,1010.648,4707.500,-3998.750,-2467.500,23.738,265,-6,16568,538,-457,-282,-323,0,0
8032319492,15.433,-1.891,1009.794,4733.750,-4042.500,-2467.500,23.773,253,-31,16554,541,-462,-282,-314,0,0
8032328906,14.884,-0.122,1008.574,4891.250,-4051.250,-2458.750,23.773,244,-2,16534,559,-463,-281,-314,0,0
8032338311,14.213,-0.183,1009.306,4821.250,-4016.250,-2467.500,23.762,233,-3,16546,551,-459,-282,-317,0,0
8032347719,13.969,-0.061,1008.879,4838.750,-3981.250,-2450.000,23.762,229,-1,16539,553,-455,-280,-317,0,0
8032357133,14.945,-0.671,1008.208,4803.750,-4025.000,-2441.250,23.789,245,-11,16528,549,-460,-279,-310,0,0
8032366540,14.701,-0.732,1008.086,4725.000,-4016.250,-2450.000,23.789,241,-12,16526,540,-459,-280,-310,0,0
8032375947,14.091,-0.793,1009.062,4821.250,-4033.750,-2467.500,23.758,231,-13,16542,551,-461,-282,-318,0,0
8032385361,14.152,-1.403,1009.489,4751.250,-4025.000,-2441.250,23.758,232,-23,16549,543,-460,-279,-318,0,0
8032394769,15.555,-0.915,1009.733,4751.250,-4033.750,-2432.500,23.758,255,-15,16553,543,-461,-278,-318,0,0
8032404175,15.067,-1.342,1008.574,4698.750,-3981.250,-2441.250,23.758,247,-22,16534,537,-455,-279,-318,0,0
8032413588,14.640,-1.037,1010.404,4620.000,-3998.750,-2432.500,23.789,240,-17,16564,528,-457,-278,-310,0,0
8032422996,14.518,-1.281,1010.892,4663.750,-4025.000,-2476.250,23.789,238,-21,16572,533,-460,-283,-310,0,0
8032432403,13.481,-1.281,1010.099,4698.750,-4033.750,-2467.500,23.730,221,-21,16559,537,-461,-282,-325,0,0
8032441816,14.335,-0.732,1008.574,4698.750,-4033.750,-2476.250,23.730,235,-12,16534,537,-461,-283,-325,0,0
8032451224,14.762,-1.159,1010.099,4821.250,-4068.750,-2467.500,23.770,242,-19,16559,551,-465,-282,-315,0,0
8032460631,14.091,-0.854,1009.550,4838.750,-4060.000,-2450.000,23.770,231,-14,16550,553,-464,-280,-315,0,0
8032470043,14.945,-1.769,1010.099,4742.500,-3990.000,-2415.000,23.770,245,-29,16559,542,-456,-276,-315,0,0
8032479452,14.335,-0.122,1010.770,4760.000,-3998.750,-2441.250,23.770,235,-2,16570,544,-457,-279,-315,0,0
8032488864,14.823,-0.366,1009.794,4803.750,-3998.750,-2441.250,23.801,243,-6,16554,549,-457,-279,-307,0,0
8032498269,14.518,-0.854,1009.001,4865.000,-3963.750,-2450.000,23.801,238,-14,16541,556,-453,-280,-307,0,0
8032507683,15.494,-0.915,1010.160,4900.000,-3963.750,-2450.000,23.746,254,-15,16560,560,-453,-280,-321,0,0
8032517090,14.762,-0.366,1010.404,4803.750,-3946.250,-2485.000,23.746,242,-6,16564,549,-451,-284,-321,0,0
8032526502,14.640,-0.976,1008.879,4751.250,-3963.750,-2520.000,23.738,240,-16,16539,543,-453,-288,-323,0,0
8032535908,14.091,-1.220,1009.062,4821.250,-3981.250,-2485.000,23.738,231,-20,16542,551,-455,-284,-323,0,0
8032545317,13.725,0.122,1009.916,4751.250,-4033.750,-2450.000,23.809,225,2,16556,543,-461,-280,-305,0,0
8032554729,14.762,-1.769,1010.221,4707.500,-4042.500,-2441.250,23.809,242,-29,16561,538,-462,-279,-305,0,0
8032564134,15.006,-0.732,1009.489,4716.250,-3955.000,-2450.000,23.773,246,-12,16549,539,-452,-280,-314,0,0
8032573547,14.701,-0.305,1009.367,4681.250,-3981.250,-2485.000,23.773,241,-5,16547,535,-455,-284,-314,0,0
8032582955,14.762,-2.440,1010.282,4786.250,-3963.750,-2467.500,23.723,242,-40,16562,547,-453,-282,-327,0,0
8032592367,15.006,-0.610,1011.014,4961.250,-3990.000,-2458.750,23.723,246,-10,16574,567,-456,-281,-327,0,0
8032601773,14.640,-0.976,1008.513,4865.000,-3998.750,-2450.000,23.738,240,-16,16533,556,-457,-280,-323,0,0
8032611182,14.823,-0.915,1008.879,4873.750,-4060.000,-2493.750,23.738,243,-15,16539,557,-464,-285,-323,0,0
8032620594,13.664,-0.671,1010.038,4681.250,-3972.500,-2432.500,23.762,224,-11,16558,535,-454,-278,-317,0,0
8032629999,14.518,-1.159,1010.404,4698.750,-4007.500,-2476.250,23.762,238,-19,16564,537,-458,-283,-317,0,0
8032639414,14.274,-0.366,1008.452,4768.750,-4007.500,-2485.000,23.742,234,-6,16532,545,-458,-284,-322,0,0
8032648820,14.274,-0.488,1009.489,4777.500,-3981.250,-2476.250,23.742,234,-8,16549,546,-455,-283,-322,0,0
8032658233,15.311,-1.098,1011.380,4900.000,-4016.250,-2458.750,23.750,251,-18,16580,560,-459,-281,-320,0,0
8032667638,14.823,-0.122,1010.221,4812.500,-3981.250,-2432.500,23.750,243,-2,16561,550,-455,-278,-320,0,0
8032677047,14.213,-0.122,1008.757,4725.000,-4016.250,-2450.000,23.793,233,-2,16537,540,-459,-280,-309,0,0
8032686459,14.640,0.061,1009.794,4768.750,-4042.500,-2493.750,23.793,240,1,16554,545,-462,-285,-309,0,0
8032695865,14.335,-1.098,1010.709,4768.750,-4016.250,-2458.750,23.727,235,-18,16569,545,-459,-281,-326,0,0
8032705273,14.030,0.183,1009.733,4786.250,-4033.750,-2458.750,23.727,230,3,16553,547,-461,-281,-326,0,0
8032714686,14.030,-0.183,1009.184,4663.750,-4060.000,-2450.000,23.797,230,-3,16544,533,-464,-280,-308,0,0
8032724093,15.189,-0.671,1010.160,4725.000,-4042.500,-2458.750,23.797,249,-11,16560,540,-462,-281,-308,0,0
8032733501,15.128,0.305,1009.306,4760.000,-3972.500,-2432.500,23.762,248,5,16546,544,-454,-278,-317,0,0
8032742913,14.030,0.244,1008.757,4786.250,-3963.750,-2432.500,23.762,230,4,16537,547,-453,-278,-317,0,0
8032752326,14.945,0.122,1011.319,4786.250,-3998.750,-2467.500,23.770,245,2,16579,547,-457,-282,-315,0,0
8032761734,14.152,-0.427,1010.770,4725.000,-4007.500,-2458.750,23.770,232,-7,16570,540,-458,-281,-315,0,0
8032771140,15.067,0.122,1009.123,4646.250,-3990.000,-2423.750,23.789,247,2,16543,531,-456,-277,-310,0,0
8032780553,15.067,-0.122,1008.940,4663.750,-3963.750,-2441.250,23.789,247,-2,16540,533,-453,-279,-310,0,0
8032789961,14.152,-0.122,1010.038,4760.000,-3963.750,-2432.500,23.816,232,-2,16558,544,-453,-278,-303,0,0
8032799368,15.006,-1.281,1009.977,4777.500,-3981.250,-2450.000,23.816,246,-21,16557,546,-455,-280,-303,0,0
8032808781,14.152,-0.854,1007.781,4742.500,-4007.500,-2493.750,23.789,232,-14,16521,542,-458,-285,-310,0,0
8032818189,15.189,0.183,1009.062,4803.750,-4007.500,-2493.750,23.789,249,3,16542,549,-458,-285,-310,0,0
8032827594,15.982,-0.427,1010.038,4663.750,-3972.500,-2485.000,23.785,262,-7,16558,533,-454,-284,-311,0,0
8032837006,14.762,-0.610,1010.221,4742.500,-3981.250,-2467.500,23.785,242,-10,16561,542,-455,-282,-311,0,0
8032846419,14.823,-1.586,1010.526,4795.000,-4016.250,-2476.250,23.762,243,-26,16566,548,-459,-283,-317,0,0
8032855827,14.213,0.061,1010.404,4795.000,-4033.750,-2458.750,23.762,233,1,16564,548,-461,-281,-317,0,0
8032865232,14.640,0.122,1009.123,4795.000,-3998.750,-2467.500,23.816,240,2,16543,548,-457,-282,-303,0,0
8032874645,14.518,-1.403,1009.794,4760.000,-4042.500,-2441.250,23.816,238,-23,16554,544,-462,-279,-303,0,0
8032884054,14.823,-1.586,1009.611,4856.250,-4025.000,-2476.250,23.781,243,-26,16551,555,-460,-283,-312,0,0
8032893460,14.884,-1.281,1009.367,5250.000,-3998.750,-2467.500,23.781,244,-21,16547,600,-457,-282,-312,0,0
8032902873,13.908,1.647,1009.611,5197.500,-3990.000,-2467.500,23.824,228,27,16551,594,-456,-282,-301,0,0
8032912281,14.518,-0.122,1008.818,4961.250,-4025.000,-2423.750,23.824,238,-2,16538,567,-460,-277,-301,0,0
8032921693,14.823,-0.732,1009.367,5101.250,-3963.750,-2450.000,23.801,243,-12,16547,583,-453,-280,-307,0,0
8032931099,14.579,-0.976,1009.428,5250.000,-3990.000,-2467.500,23.801,239,-16,16548,600,-456,-282,-307,0,0
8032940508,14.213,0.549,1009.367,5031.250,-3963.750,-2467.500,23.809,233,9,16547,575,-453,-282,-305,0,0
8032949920,15.189,-0.610,1010.221,4812.500,-4025.000,-2458.750,23.809,249,-10,16561,550,-460,-281,-305,0,0
8032959326,13.908,1.159,1011.990,4646.250,-3946.250,-2458.750,23.805,228,19,16590,531,-451,-281,-306,0,0
8032968734,13.603,-0.610,1010.526,4716.250,-3972.500,-2502.500,23.805,223,-10,16566,539,-454,-286,-306,0,0
8032978147,13.725,0.732,1009.916,4838.750,-4077.500,-2476.250,23.773,225,12,16556,553,-466,-283,-314,0,0
8032987553,14.457,0.183,1009.367,4733.750,-3990.000,-2485.000,23.773,237,3,16547,541,-456,-284,-314,0,0
8032996968,13.115,-0.244,1010.221,4760.000,-3955.000,-2467.500,23.805,215,-4,16561,544,-452,-282,-306,0,0
8033006374,14.213,-0.122,1011.075,4733.750,-3928.750,-2458.750,23.805,233,-2,16575,541,-449,-281,-306,0,0
8033015787,15.006,0.061,1009.306,4803.750,-3972.500,-2450.000,23.809,246,1,16546,549,-454,-280,-305,0,0
8033025190,15.372,0.549,1009.916,4821.250,-4007.500,-2432.500,23.809,252,9,16556,551,-458,-278,-305,0,0
8033034604,15.006,-0.366,1009.245,4777.500,-3998.750,-2467.500,23.781,246,-6,16545,546,-457,-282,-312,0,0
8033044011,15.128,-0.976,1009.184,4768.750,-3998.750,-2467.500,23.781,248,-16,16544,545,-457,-282,-312,0,0
8033053424,13.603,-0.366,1010.953,4768.750,-4042.500,-2485.000,23.805,223,-6,16573,545,-462,-284,-306,0,0
8033062829,13.664,0.671,1010.953,4760.000,-4016.250,-2467.500,23.805,224,11,16573,544,-459,-282,-306,0,0
8033072242,13.664,-0.122,1009.794,4751.250,-4033.750,-2458.750,23.781,224,-2,16554,543,-461,-281,-312,0,0
8033081650,14.701,0.915,1011.807,4751.250,-4042.500,-2458.750,23.781,241,15,16587,543,-462,-281,-312,0,0
8033091055,14.823,1.769,1009.550,4786.250,-3972.500,-2458.750,23.762,243,29,16550,547,-454,-281,-317,0,0
8033100466,14.213,-2.135,1009.245,4462.500,-4033.750,-2458.750,23.762,233,-35,16545,510,-461,-281,-317,0,0
8033109879,15.433,0.366,1009.367,4760.000,-4033.750,-2476.250,23.789,253,6,16547,544,-461,-283,-310,0,0
8033119283,15.616,-1.830,1010.648,4751.250,-3981.250,-2493.750,23.789,256,-30,16568,543,-455,-285,-310,0,0
8033128699,14.335,-1.403,1012.356,5048.750,-3981.250,-2458.750,23.813,235,-23,16596,577,-455,-281,-304,0,0
8033138104,13.908,2.379,1012.722,5118.750,-3972.500,-2467.500,23.813,228,39,16602,585,-454,-282,-304,0,0
8033147516,14.945,1.159,1009.672,4742.500,-3946.250,-2441.250,23.809,245,19,16552,542,-451,-279,-305,0,0
8033156920,13.969,1.830,1009.367,4602.500,-4007.500,-2458.750,23.809,229,30,16547,526,-458,-281,-305,0,0
8033166332,14.579,0.122,1010.221,4593.750,-3981.250,-2432.500,23.809,239,2,16561,525,-455,-278,-305,0,0
8033175740,15.128,-0.061,1009.916,4593.750,-4007.500,-2476.250,23.809,248,-1,16556,525,-458,-283,-305,0,0
8033185154,14.701,-1.708,1009.184,4593.750,-4007.500,-2450.000,23.840,241,-28,16544,525,-458,-280,-297,0,0
8033194559,14.274,-0.488,1006.866,4637.500,-3981.250,-2476.250,23.840,234,-8,16506,530,-455,-283,-297,0,0
8033203972,14.091,-2.135,1008.147,4698.750,-4042.500,-2493.750,23.801,231,-35,16527,537,-462,-285,-307,0,0
8033213380,14.457,-1.220,1010.221,4786.250,-4068.750,-2432.500,23.801,237,-20,16561,547,-465,-278,-307,0,0
8033222792,14.152,-0.854,1008.818,4760.000,-4042.500,-2458.750,23.797,232,-14,16538,544,-462,-281,-308,0,0
8033232197,14.335,-0.183,1009.062,4847.500,-4033.750,-2423.750,23.797,235,-3,16542,554,-461,-277,-308,0,0
8033241610,13.786,0.732,1009.428,4865.000,-4033.750,-2441.250,23.832,226,12,16548,556,-461,-279,-299,0,0
8033251018,13.603,1.647,1010.099,4821.250,-3981.250,-2432.500,23.832,223,27,16559,551,-455,-278,-299,0,0
8033260424,14.274,0.732,1011.014,4900.000,-3963.750,-2476.250,23.793,234,12,16574,560,-453,-283,-309,0,0
8033269835,14.945,0.366,1010.648,4830.000,-3946.250,-2493.750,23.793,245,6,16568,552,-451,-285,-309,0,0
8033279241,14.579,-0.244,1010.404,4725.000,-3946.250,-2485.000,23.766,239,-4,16564,540,-451,-284,-316,0,0
8033288657,16.104,-0.854,1009.489,4690.000,-4007.500,-2485.000,23.766,264,-14,16549,536,-458,-284,-316,0,0
8033298062,15.189,-0.549,1008.879,4795.000,-4016.250,-2467.500,23.793,249,-9,16539,548,-459,-282,-309,0,0
8033307473,14.213,-3.233,1008.330,4803.750,-4007.500,-2476.250,23.793,233,-53,16530,549,-458,-283,-309,0,0
8033316885,14.091,-0.610,1007.537,5031.250,-3990.000,-2502.500,23.785,231,-10,16517,575,-456,-286,-311,0,0
8033326292,14.335,-0.244,1009.550,4926.250,-3955.000,-2493.750,23.785,235,-4,16550,563,-452,-285,-311,0,0
8033335699,13.298,-0.366,1010.343,4935.000,-3990.000,-2502.500,23.773,218,-6,16563,564,-456,-286,-314,0,0
8033345112,13.664,1.891,1008.879,4952.500,-4016.250,-2476.250,23.773,224,31,16539,566,-459,-283,-314,0,0
8033354516,14.396,0.244,1009.428,4865.000,-4016.250,-2450.000,23.781,236,4,16548,556,-459,-280,-312,0,0
8033363927,14.274,1.525,1010.587,4891.250,-3946.250,-2432.500,23.781,234,25,16567,559,-451,-278,-312,0,0
8033373339,14.091,0.610,1010.953,4742.500,-3928.750,-2450.000,23.805,231,10,16573,542,-449,-280,-306,0,0
8033382747,14.640,-0.427,1009.184,4681.250,-3963.750,-2458.750,23.805,240,-7,16544,535,-453,-281,-306,0,0
8033392153,15.250,0.976,1008.818,4672.500,-4025.000,-2485.000,23.773,250,16,16538,534,-460,-284,-314,0,0
8033401565,15.738,-1.647,1009.367,4611.250,-3972.500,-2493.750,23.773,258,-27,16547,527,-454,-285,-314,0,0
8033410977,13.664,0.244,1008.940,4602.500,-3998.750,-2476.250,23.789,224,4,16540,526,-457,-283,-310,0,0
8033420381,14.396,-3.416,1009.489,4576.250,-4016.250,-2458.750,23.789,236,-56,16549,523,-459,-281,-310,0,0
8033429792,14.335,0.488,1010.892,4865.000,-3990.000,-2441.250,23.816,235,8,16572,556,-456,-279,-303,0,0
8033439204,13.725,3.111,1010.709,4926.250,-3981.250,-2476.250,23.816,225,51,16569,563,-455,-283,-303,0,0
8033448615,14.457,-0.061,1009.306,4786.250,-3998.750,-2476.250,23.801,237,-1,16546,547,-457,-283,-307,0,0
8033458019,14.945,0.976,1009.733,4873.750,-3955.000,-2432.500,23.801,245,16,16553,557,-452,-278,-307,0,0
8033467432,16.226,3.843,1010.404,4961.250,-3998.750,-2511.250,23.758,266,63,16564,567,-457,-287,-318,0,0
8033476843,15.128,-1.952,1009.672,4628.750,-4025.000,-2493.750,23.758,248,-32,16552,529,-460,-285,-318,0,0
8033486249,14.518,6.100,1009.062,4707.500,-4042.500,-2432.500,23.805,238,100,16542,538,-462,-278,-306,0,0
8033495657,14.884,-9.882,1009.672,4375.000,-4068.750,-2441.250,23.805,244,-162,16552,500,-465,-279,-306,0,0
8033505069,13.847,0.732,1008.696,5530.000,-3963.750,-2432.500,23.738,227,12,16536,632,-453,-278,-323,0,0
8033514480,13.664,3.538,1007.903,5363.750,-3990.000,-2432.500,23.738,224,58,16523,613,-456,-278,-323,0,0
8033523885,13.725,4.514,1008.574,4611.250,-4042.500,-2458.750,23.758,225,74,16534,527,-462,-281,-318,0,0
8033533297,13.542,-10.980,1010.892,4103.750,-4051.250,-2485.000,23.758,222,-180,16572,469,-463,-284,-318,0,0
8033542705,14.457,7.015,1008.208,5293.750,-4033.750,-2485.000,23.789,237,115,16528,605,-461,-284,-310,0,0
8033552111,14.030,4.209,1010.892,4628.750,-4068.750,-2467.500,23.789,230,69,16572,529,-465,-282,-310,0,0
8033561523,15.311,0.915,1009.672,4103.750,-4060.000,-2415.000,23.770,251,15,16552,469,-464,-276,-315,0,0
8033570934,15.311,-3.111,1010.465,4191.250,-4051.250,-2458.750,23.770,251,-51,16565,479,-463,-281,-315,0,0
8033580346,14.823,-0.976,1009.001,4865.000,-3998.750,-2502.500,23.789,243,-16,16541,556,-457,-286,-310,0,0
8033589754,13.481,2.257,1009.916,4970.000,-4025.000,-2458.750,23.789,221,37,16556,568,-460,-281,-310,0,0
8033599161,14.213,-1.647,1008.818,4646.250,-3990.000,-2476.250,23.773,233,-27,16538,531,-456,-283,-314,0,0
8033608572,14.091,-4.697,1008.635,4917.500,-3963.750,-2458.750,23.773,231,-77,16535,562,-453,-281,-314,0,0
8033617977,13.603,0.976,1008.147,5477.500,-4016.250,-2502.500,23.777,223,16,16527,626,-459,-286,-313,0,0
8033627389,14.152,4.453,1007.659,5127.500,-4042.500,-2467.500,23.777,232,73,16519,586,-462,-282,-313,0,0
8033636799,13.847,-1.464,1009.428,4585.000,-4025.000,-2485.000,23.789,227,-24,16548,524,-460,-284,-310,0,0
8033646211,14.091,3.782,1009.977,4768.750,-3981.250,-2476.250,23.789,231,62,16557,545,-455,-283,-310,0,0
8033655615,13.420,-0.183,1009.489,4550.000,-4051.250,-2476.250,23.754,220,-3,16549,520,-463,-283,-319,0,0
8033665027,14.640,1.281,1008.391,4655.000,-3990.000,-2458.750,23.754,240,21,16531,532,-456,-281,-319,0,0
8033674433,14.579,-2.623,1011.197,4576.250,-4016.250,-2476.250,23.773,239,-43,16577,523,-459,-283,-314,0,0
8033683848,14.701,-1.830,1008.513,5285.000,-3946.250,-2485.000,23.773,241,-30,16533,604,-451,-284,-314,0,0
8033693253,13.725,0.305,1008.452,5355.000,-3946.250,-2476.250,23.805,225,5,16532,612,-451,-283,-306,0,0
8033702666,13.725,4.941,1008.086,5083.750,-4016.250,-2493.750,23.805,225,81,16526,581,-459,-285,-306,0,0
8033712075,13.359,-1.952,1008.940,4523.750,-3972.500,-2467.500,23.754,219,-32,16540,517,-454,-282,-319,0,0
8033721480,14.762,0.244,1009.245,4637.500,-3981.250,-2476.250,23.754,242,4,16545,530,-455,-283,-319,0,0
8033730892,13.969,1.098,1010.831,4716.250,-4060.000,-2458.750,23.742,229,18,16571,539,-464,-281,-322,0,0
8033740304,14.945,1.220,1011.624,4707.500,-4060.000,-2450.000,23.742,245,20,16584,538,-464,-280,-322,0,0
8033749711,15.067,0.732,1010.526,4742.500,-4060.000,-2467.500,23.820,247,12,16566,542,-464,-282,-302,0,0
8033759118,15.555,-0.549,1009.672,4821.250,-4016.250,-2476.250,23.820,255,-9,16552,551,-459,-283,-302,0,0
8033768530,15.189,-0.122,1009.794,5092.500,-3928.750,-2467.500,23.793,249,-2,16554,582,-449,-282,-309,0,0
8033777941,14.762,1.281,1010.526,5241.250,-3937.500,-2458.750,23.793,242,21,16566,599,-450,-281,-309,0,0
8033787346,13.298,2.562,1010.404,5162.500,-4016.250,-2467.500,23.738,218,42,16564,590,-459,-282,-323,0,0
8033796754,13.969,0.854,1010.038,4908.750,-4068.750,-2485.000,23.738,229,14,16558,561,-465,-284,-323,0,0
8033806168,13.725,2.135,1009.428,4760.000,-4042.500,-2441.250,23.770,225,35,16548,544,-462,-279,-315,0,0
8033815572,15.006,0.732,1008.879,4672.500,-4060.000,-2493.750,23.770,246,12,16539,534,-464,-285,-315,0,0
8033824984,15.067,-0.122,1008.086,4672.500,-4033.750,-2432.500,23.785,247,-2,16526,534,-461,-278,-311,0,0
8033834397,14.274,1.891,1008.879,4611.250,-4051.250,-2432.500,23.785,234,31,16539,527,-463,-278,-311,0,0
8033843806,13.542,0.915,1009.794,4453.750,-4016.250,-2441.250,23.816,222,15,16554,509,-459,-279,-303,0,0
8033853211,14.579,-7.747,1010.892,4690.000,-3981.250,-2476.250,23.816,239,-127,16572,536,-455,-283,-303,0,0
8033862622,14.518,-2.379,1012.234,5775.000,-3990.000,-2458.750,23.813,238,-39,16594,660,-456,-281,-304,0,0
8033872033,14.884,9.760,1009.855,6037.500,-3972.500,-2450.000,23.813,244,160,16555,690,-454,-280,-304,0,0
8033881438,15.677,3.965,1009.794,4900.000,-3955.000,-2441.250,23.766,257,65,16554,560,-452,-279,-316,0,0
8033890850,14.396,-3.294,1011.563,4646.250,-3998.750,-2450.000,23.766,236,-54,16583,531,-457,-280,-316,0,0
8033900263,13.847,0.244,1009.062,5267.500,-3981.250,-2476.250,23.793,227,4,16542,602,-455,-283,-309,0,0
8033909669,13.847,6.588,1008.025,5258.750,-3998.750,-2485.000,23.793,227,108,16525,601,-457,-284,-309,0,0
8033919075,14.030,-1.586,1009.123,4760.000,-4016.250,-2485.000,23.773,230,-26,16543,544,-459,-284,-314,0,0
8033928487,14.640,1.220,1010.099,4926.250,-3946.250,-2450.000,23.773,240,20,16559,563,-451,-280,-314,0,0
8033937899,14.335,1.037,1009.123,4795.000,-3981.250,-2432.500,23.766,235,17,16543,548,-455,-278,-316,0,0
8033947303,13.603,-0.122,1009.855,4725.000,-4060.000,-2467.500,23.766,223,-2,16555,540,-464,-282,-316,0,0
8033956716,15.982,1.769,1010.465,4725.000,-4060.000,-2467.500,23.762,262,29,16565,540,-464,-282,-317,0,0
8033966125,13.908,2.440,1008.696,4655.000,-4033.750,-2458.750,23.762,228,40,16536,532,-461,-281,-317,0,0
8033975537,14.030,1.525,1009.977,4611.250,-4025.000,-2432.500,23.801,230,25,16557,527,-460,-278,-307,0,0
8033984941,14.579,1.464,1010.526,4742.500,-4025.000,-2450.000,23.801,239,24,16566,542,-460,-280,-307,0,0
8033994354,13.603,2.379,1010.038,4716.250,-4007.500,-2476.250,23.781,223,39,16558,539,-458,-283,-312,0,0
8034003759,15.128,0.976,1009.977,4707.500,-3963.750,-2458.750,23.781,248,16,16557,538,-453,-281,-312,0,0
8034013174,14.457,0.854,1010.831,4908.750,-3972.500,-2458.750,23.742,237,14,16571,561,-454,-281,-322,0,0
8034022579,14.213,1.891,1009.672,4891.250,-3998.750,-2485.000,23.742,233,31,16552,559,-457,-284,-322,0,0
8034031990,14.213,1.586,1009.733,4830.000,-3990.000,-2450.000,23.754,233,26,16553,552,-456,-280,-319,0,0
8034041403,14.518,1.647,1009.001,4751.250,-3998.750,-2476.250,23.754,238,27,16541,543,-457,-283,-319,0,0
8034050807,13.725,1.281,1009.428,4777.500,-4025.000,-2485.000,23.801,225,21,16548,546,-460,-284,-307,0,0
8034060218,15.128,0.976,1010.770,4698.750,-4016.250,-2450.000,23.801,248,16,16570,537,-459,-280,-307,0,0
8034069629,14.152,0.915,1011.685,4725.000,-4042.500,-2441.250,23.746,232,15,16585,540,-462,-279,-321,0,0
8034079033,14.213,0.732,1011.380,4672.500,-4033.750,-2423.750,23.746,233,12,16580,534,-461,-277,-321,0,0
8034088445,14.762,1.769,1008.879,4690.000,-3990.000,-2432.500,23.793,242,29,16539,536,-456,-278,-309,0,0
8034097856,14.945,2.989,1009.184,4707.500,-3955.000,-2423.750,23.793,245,49,16544,538,-452,-277,-309,0,0
8034107267,14.274,1.830,1010.282,4821.250,-3963.750,-2441.250,23.789,234,30,16562,551,-453,-279,-310,0,0
8034116671,12.749,1.586,1012.234,4777.500,-3990.000,-2502.500,23.789,209,26,16594,546,-456,-286,-310,0,0
8034126083,14.091,1.464,1012.478,4856.250,-4033.750,-2476.250,23.758,231,24,16598,555,-461,-283,-318,0,0
8034135494,13.969,1.464,1009.123,4838.750,-3981.250,-2502.500,23.758,229,24,16543,553,-455,-286,-318,0,0
8034144899,14.335,1.037,1009.977,4768.750,-4042.500,-2467.500,23.754,235,17,16557,545,-462,-282,-319,0,0
8034154311,14.274,1.708,1008.391,4742.500,-4068.750,-2476.250,23.754,234,28,16531,542,-465,-283,-319,0,0
8034163719,14.518,0.854,1010.343,4628.750,-4051.250,-2485.000,23.801,238,14,16563,529,-463,-284,-307,0,0
8034173132,13.969,0.976,1011.136,4611.250,-3990.000,-2458.750,23.801,229,16,16576,527,-456,-281,-307,0,0
8034182537,14.274,1.830,1010.282,4812.500,-4060.000,-2467.500,23.816,234,30,16562,550,-464,-282,-303,0,0
8034191950,15.494,1.769,1009.855,4847.500,-4025.000,-2450.000,23.816,254,29,16555,554,-460,-280,-303,0,0
8034201357,14.213,1.891,1011.014,4795.000,-4042.500,-2450.000,23.789,233,31,16574,548,-462,-280,-310,0,0
8034210770,14.579,1.525,1009.550,4856.250,-4025.000,-2476.250,23.789,239,25,16550,555,-460,-283,-310,0,0
8034220175,13.969,0.976,1010.709,4830.000,-4025.000,-2476.250,23.746,229,16,16569,552,-460,-283,-321,0,0
8034229586,13.908,1.891,1011.563,4803.750,-4051.250,-2485.000,23.746,228,31,16583,549,-463,-284,-321,0,0
8034238998,15.189,1.342,1009.611,4882.500,-4077.500,-2441.250,23.801,249,22,16551,558,-466,-279,-307,0,0
8034248403,15.067,2.196,1008.940,4882.500,-4051.250,-2485.000,23.801,247,36,16540,558,-463,-284,-307,0,0
8034257811,13.542,1.769,1009.977,4760.000,-3981.250,-2458.750,23.777,222,29,16557,544,-455,-281,-313,0,0
8034267224,15.067,1.586,1009.855,4707.500,-3972.500,-2441.250,23.777,247,26,16555,538,-454,-279,-313,0,0
8034276629,13.725,1.037,1011.624,4725.000,-4068.750,-2458.750,23.781,225,17,16584,540,-465,-281,-312,0,0
8034286040,13.847,1.952,1010.099,4768.750,-4007.500,-2441.250,23.781,227,32,16559,545,-458,-279,-312,0,0
8034295452,14.335,1.708,1010.221,4838.750,-3998.750,-2476.250,23.785,235,28,16561,553,-457,-283,-311,0,0
8034304858,13.847,2.440,1010.221,4943.750,-4051.250,-2476.250,23.785,227,40,16561,565,-463,-283,-311,0,0
8034314266,14.823,1.647,1009.123,4935.000,-4051.250,-2458.750,23.820,243,27,16543,564,-463,-281,-302,0,0
8034323678,14.701,0.854,1011.624,4821.250,-4025.000,-2493.750,23.820,241,14,16584,551,-460,-285,-302,0,0
8034333090,13.908,1.952,1009.306,4847.500,-3963.750,-2476.250,23.766,228,32,16546,554,-453,-283,-316,0,0
8034342495,13.969,1.403,1011.929,4768.750,-4033.750,-2450.000,23.766,229,23,16589,545,-461,-280,-316,0,0
8034351907,14.579,1.891,1009.794,4865.000,-4016.250,-2432.500,23.785,239,31,16554,556,-459,-278,-311,0,0
8034361316,14.945,1.891,1009.855,4803.750,-4016.250,-2441.250,23.785,245,31,16555,549,-459,-279,-311,0,0
8034370728,13.542,2.440,1010.465,4777.500,-4042.500,-2458.750,23.758,222,40,16565,546,-462,-281,-318,0,0
8034380133,14.396,2.013,1011.624,4821.250,-4007.500,-2441.250,23.758,236,33,16584,551,-458,-279,-318,0,0
8034389547,14.091,1.708,1010.953,4891.250,-3998.750,-2467.500,23.789,231,28,16573,559,-457,-282,-310,0,0
8034398954,13.969,1.830,1010.282,4821.250,-4042.500,-2450.000,23.789,229,30,16562,551,-462,-280,-310,0,0
8034408360,14.823,1.952,1009.367,4760.000,-3981.250,-2458.750,23.828,243,32,16547,544,-455,-281,-300,0,0
8034417774,14.579,1.708,1010.831,4803.750,-4016.250,-2458.750,23.828,239,28,16571,549,-459,-281,-300,0,0
8034427182,14.518,1.403,1011.136,4803.750,-4060.000,-2485.000,23.777,238,23,16576,549,-464,-284,-313,0,0
8034436593,13.969,1.098,1009.550,4768.750,-4025.000,-2458.750,23.777,229,18,16550,545,-460,-281,-313,0,0
8034445997,13.420,1.769,1010.221,4812.500,-4007.500,-2476.250,23.793,220,29,16561,550,-458,-283,-309,0,0
8034455411,14.579,2.623,1009.123,4760.000,-3963.750,-2476.250,23.793,239,43,16543,544,-453,-283,-309,0,0
8034464819,14.579,2.623,1010.160,4690.000,-4007.500,-2432.500,23.820,239,43,16560,536,-458,-278,-302,0,0
8034474225,14.152,2.257,1010.038,4786.250,-4025.000,-2441.250,23.820,232,37,16558,547,-460,-279,-302,0,0
8034483636,14.640,1.525,1010.404,4777.500,-3972.500,-2485.000,23.789,240,25,16564,546,-454,-284,-310,0,0
8034493049,14.640,1.342,1010.221,4812.500,-3972.500,-2485.000,23.789,240,22,16561,550,-454,-284,-310,0,0
8034502458,14.091,2.257,1010.526,4768.750,-4016.250,-2467.500,23.762,231,37,16566,545,-459,-282,-317,0,0
8034511863,15.067,2.013,1010.404,4751.250,-4025.000,-2476.250,23.762,247,33,16564,543,-460,-283,-317,0,0
8034521274,14.640,1.830,1009.367,4742.500,-3998.750,-2467.500,23.828,240,30,16547,542,-457,-282,-300,0,0
8034530687,14.518,1.647,1009.794,4733.750,-3990.000,-2467.500,23.828,238,27,16554,541,-456,-282,-300,0,0
8034540096,13.664,0.976,1012.112,4760.000,-4025.000,-2450.000,23.793,224,16,16592,544,-460,-280,-309,0,0
8034549501,14.335,1.891,1010.770,4777.500,-3998.750,-2458.750,23.793,235,31,16570,546,-457,-281,-309,0,0
8034558914,14.823,2.806,1008.574,4812.500,-3998.750,-2458.750,23.773,243,46,16534,550,-457,-281,-314,0,0
8034568323,14.884,2.928,1009.733,4803.750,-4068.750,-2458.750,23.773,244,48,16553,549,-465,-281,-314,0,0
8034577728,13.847,1.891,1009.794,4917.500,-4033.750,-2467.500,23.785,227,31,16554,562,-461,-282,-311,0,0
8034587139,14.579,1.464,1010.404,4935.000,-3990.000,-2485.000,23.785,239,24,16564,564,-456,-284,-311,0,0
8034596551,14.213,1.525,1009.733,4716.250,-3981.250,-2458.750,23.785,233,25,16553,539,-455,-281,-311,0,0
8034605959,14.091,1.403,1009.611,4786.250,-4025.000,-2450.000,23.785,231,23,16551,547,-460,-280,-311,0,0
8034615366,14.213,2.501,1010.709,4821.250,-4016.250,-2432.500,23.820,233,41,16569,551,-459,-278,-302,0,0
8034624778,14.274,2.074,1009.855,4856.250,-3998.750,-2406.250,23.820,234,34,16555,555,-457,-275,-302,0,0
8034634189,13.847,1.586,1009.794,4742.500,-3990.000,-2415.000,23.813,227,26,16554,542,-456,-276,-304,0,0
8034643595,13.786,1.464,1009.855,4777.500,-4077.500,-2458.750,23.813,226,24,16555,546,-466,-281,-304,0,0
8034653003,14.396,2.135,1010.709,4777.500,-3972.500,-2476.250,23.758,236,35,16569,546,-454,-283,-318,0,0
8034662416,14.518,1.952,1010.343,4838.750,-4025.000,-2476.250,23.758,238,32,16563,553,-460,-283,-318,0,0
8034671821,13.969,2.196,1008.208,4786.250,-4033.750,-2476.250,23.773,229,36,16528,547,-461,-283,-314,0,0
8034681230,14.457,2.196,1010.831,4812.500,-4025.000,-2485.000,23.773,237,36,16571,550,-460,-284,-314,0,0
8034690643,13.908,2.074,1010.038,4777.500,-3963.750,-2458.750,23.797,228,34,16558,546,-453,-281,-308,0,0
8034700054,14.518,1.281,1010.709,4786.250,-3998.750,-2441.250,23.797,238,21,16569,547,-457,-279,-308,0,0
8034709460,14.762,2.745,1010.099,4900.000,-4016.250,-2450.000,23.785,242,45,16559,560,-459,-280,-311,0,0
8034718868,15.677,1.769,1010.526,4943.750,-4060.000,-2450.000,23.785,257,29,16566,565,-464,-280,-311,0,0
8034728281,15.067,2.745,1011.075,4803.750,-4042.500,-2476.250,23.777,247,45,16575,549,-462,-283,-313,0,0
8034737692,13.969,2.257,1010.953,4856.250,-4068.750,-2476.250,23.777,229,37,16573,555,-465,-283,-313,0,0
8034747097,14.091,2.989,1011.746,4777.500,-3998.750,-2476.250,23.754,231,49,16586,546,-457,-283,-319,0,0
8034756511,14.457,3.294,1010.465,4830.000,-3946.250,-2485.000,23.754,237,54,16565,552,-451,-284,-319,0,0
8034765918,13.908,1.159,1010.282,4926.250,-3972.500,-2476.250,23.789,228,19,16562,563,-454,-283,-310,0,0
8034775324,14.457,3.477,1010.465,5013.750,-4033.750,-2467.500,23.789,237,57,16565,573,-461,-282,-310,0,0
8034784735,15.311,2.074,1011.502,4803.750,-4007.500,-2485.000,23.781,251,34,16582,549,-458,-284,-312,0,0
8034794147,14.640,2.135,1011.075,4786.250,-4042.500,-2467.500,23.781,240,35,16575,547,-462,-282,-312,0,0
8034803554,14.457,1.952,1011.136,4838.750,-3990.000,-2441.250,23.797,237,32,16576,553,-456,-279,-308,0,0
8034812961,14.640,1.342,1010.587,4830.000,-3981.250,-2432.500,23.797,240,22,16567,552,-455,-278,-308,0,0
8034822374,14.152,1.647,1010.282,4882.500,-3981.250,-2502.500,23.813,232,27,16562,558,-455,-286,-304,0,0
8034831779,14.457,1.830,1010.526,4926.250,-3998.750,-2458.750,23.813,237,30,16566,563,-457,-281,-304,0,0
8034841188,14.396,2.806,1011.502,4821.250,-4016.250,-2441.250,23.801,236,46,16582,551,-459,-279,-307,0,0
8034850600,14.640,3.538,1010.587,4838.750,-4016.250,-2458.750,23.801,240,58,16567,553,-459,-281,-307,0,0
8034860012,14.335,3.050,1010.587,4795.000,-4007.500,-2458.750,23.793,235,50,16567,548,-458,-281,-309,0,0
8034869417,14.884,2.013,1009.306,4707.500,-3937.500,-2458.750,23.793,244,33,16546,538,-450,-281,-309,0,0
8034878830,14.701,2.562,1008.879,4777.500,-3963.750,-2493.750,23.801,241,42,16539,546,-453,-285,-307,0,0
8034888238,15.494,1.403,1009.611,4733.750,-4051.250,-2493.750,23.801,254,23,16551,541,-463,-285,-307,0,0
8034897651,14.457,2.013,1009.001,4812.500,-4033.750,-2458.750,23.793,237,33,16541,550,-461,-281,-309,0,0
8034907059,14.457,1.891,1011.136,4690.000,-4033.750,-2432.500,23.793,237,31,16576,536,-461,-278,-309,0,0
8034916465,14.152,2.440,1010.343,4733.750,-4051.250,-2502.500,23.789,232,40,16563,541,-463,-286,-310,0,0
8034925878,14.335,3.416,1010.465,4751.250,-4033.750,-2476.250,23.789,235,56,16565,543,-461,-283,-310,0,0
8034935283,14.274,2.379,1010.221,4768.750,-3981.250,-2476.250,23.773,234,39,16561,545,-455,-283,-314,0,0
8034944698,14.579,2.318,1009.855,4725.000,-3990.000,-2485.000,23.773,239,38,16555,540,-456,-284,-314,0,0
8034954104,14.335,2.074,1011.075,4725.000,-4016.250,-2450.000,23.805,235,34,16575,540,-459,-280,-306,0,0
8034963515,15.311,1.708,1010.282,4751.250,-3990.000,-2441.250,23.805,251,28,16562,543,-456,-279,-306,0,0
8034972921,14.152,3.172,1010.404,4751.250,-4016.250,-2476.250,23.816,232,52,16564,543,-459,-283,-303,0,0
8034982330,14.579,2.989,1009.306,4751.250,-4025.000,-2476.250,23.816,239,49,16546,543,-460,-283,-303,0,0
8034991742,14.945,2.196,1010.831,4751.250,-4095.000,-2441.250,23.801,245,36,16571,543,-468,-279,-307,0,0
8035001148,14.518,2.074,1009.001,4795.000,-3981.250,-2450.000,23.801,238,34,16541,548,-455,-280,-307,0,0
8035010557,13.603,1.342,1009.855,4777.500,-4051.250,-2476.250,23.793,223,22,16555,546,-463,-283,-309,0,0
8035019969,13.847,2.135,1009.672,4830.000,-4042.500,-2458.750,23.793,227,35,16552,552,-462,-281,-309,0,0
8035029381,13.115,1.708,1009.306,4803.750,-3946.250,-2441.250,23.785,215,28,16546,549,-451,-279,-311,0,0
8035038787,14.823,2.928,1010.038,4768.750,-3955.000,-2458.750,23.785,243,48,16558,545,-452,-281,-311,0,0
8035048195,14.152,1.281,1010.160,4821.250,-3981.250,-2450.000,23.789,232,21,16560,551,-455,-280,-310,0,0
8035057607,14.518,1.952,1011.075,4795.000,-3998.750,-2432.500,23.789,238,32,16575,548,-457,-278,-310,0,0
8035067012,15.189,2.196,1011.624,4803.750,-3990.000,-2467.500,23.762,249,36,16584,549,-456,-282,-317,0,0
8035076424,15.128,2.135,1008.940,4830.000,-3981.250,-2467.500,23.762,248,35,16540,552,-455,-282,-317,0,0
8035085832,14.457,2.684,1010.282,4760.000,-3963.750,-2476.250,23.750,237,44,16562,544,-453,-283,-320,0,0
8035095246,14.945,2.379,1010.221,4803.750,-4016.250,-2493.750,23.750,245,39,16561,549,-459,-285,-320,0,0
8035104652,14.823,2.989,1011.075,4830.000,-4033.750,-2441.250,23.762,243,49,16575,552,-461,-279,-317,0,0
8035114060,14.579,2.257,1010.404,4777.500,-4016.250,-2432.500,23.762,239,37,16564,546,-459,-278,-317,0,0
8035123474,14.457,2.745,1008.574,4777.500,-4033.750,-2502.500,23.805,237,45,16534,546,-461,-286,-306,0,0
8035132877,13.725,1.891,1010.892,4830.000,-3955.000,-2458.750,23.805,225,31,16572,552,-452,-281,-306,0,0
8035142291,14.152,1.769,1011.502,4865.000,-4033.750,-2432.500,23.781,232,29,16582,556,-461,-278,-312,0,0
8035151703,14.152,2.806,1009.245,4786.250,-3972.500,-2450.000,23.781,232,46,16545,547,-454,-280,-312,0,0
8035161110,13.908,3.355,1009.245,4777.500,-3981.250,-2467.500,23.828,228,55,16545,546,-455,-282,-300,0,0
8035170517,14.884,2.379,1010.099,4707.500,-3955.000,-2432.500,23.828,244,39,16559,538,-452,-278,-300,0,0
8035179925,13.847,2.257,1013.210,4821.250,-3972.500,-2458.750,23.805,227,37,16610,551,-454,-281,-306,0,0
8035189338,14.213,2.318,1009.489,4926.250,-3963.750,-2458.750,23.805,233,38,16549,563,-453,-281,-306,0,0
8035198745,15.189,2.318,1008.391,4786.250,-3963.750,-2441.250,23.797,249,38,16531,547,-453,-279,-308,0,0
8035208153,14.274,2.318,1009.184,4812.500,-3963.750,-2485.000,23.797,234,38,16544,550,-453,-284,-308,0,0
8035217565,14.091,2.806,1011.380,4978.750,-3963.750,-2458.750,23.805,231,46,16580,569,-453,-281,-306,0,0
8035226976,13.420,3.599,1010.587,4970.000,-4042.500,-2450.000,23.805,220,59,16567,568,-462,-280,-306,0,0
8035236380,14.152,2.623,1010.404,4821.250,-4042.500,-2476.250,23.797,232,43,16564,551,-462,-283,-308,0,0
8035245791,14.457,3.233,1010.831,4882.500,-4033.750,-2458.750,23.797,237,53,16571,558,-461,-281,-308,0,0
8035255205,15.006,3.599,1010.404,4830.000,-4051.250,-2493.750,23.828,246,59,16564,552,-463,-285,-300,0,0
8035264613,14.213,3.538,1010.404,4838.750,-3963.750,-2485.000,23.828,233,58,16564,553,-453,-284,-300,0,0
8035274018,14.518,3.172,1007.903,4830.000,-4033.750,-2458.750,23.801,238,52,16523,552,-461,-281,-307,0,0
8035283431,15.250,2.074,1008.635,4795.000,-4042.500,-2441.250,23.801,250,34,16535,548,-462,-279,-307,0,0
8035292840,13.847,1.281,1010.465,4751.250,-3963.750,-2458.750,23.816,227,21,16565,543,-453,-281,-303,0,0
8035302246,14.213,2.196,1010.892,4760.000,-3972.500,-2467.500,23.816,233,36,16572,544,-454,-282,-303,0,0
8035311659,13.908,2.684,1009.367,4768.750,-3972.500,-2432.500,23.789,228,44,16547,545,-454,-278,-310,0,0
8035321067,14.335,1.769,1010.099,4795.000,-3928.750,-2441.250,23.789,235,29,16559,548,-449,-279,-310,0,0
8035330474,14.457,2.623,1011.197,4803.750,-3998.750,-2450.000,23.773,237,43,16577,549,-457,-280,-314,0,0
8035339889,14.457,3.538,1009.794,4795.000,-3937.500,-2476.250,23.773,237,58,16554,548,-450,-283,-314,0,0
8035349295,13.420,2.745,1009.245,4821.250,-4007.500,-2441.250,23.770,220,45,16545,551,-458,-279,-315,0,0
8035358701,15.372,3.355,1010.343,4803.750,-4025.000,-2441.250,23.770,252,55,16563,549,-460,-279,-315,0,0
8035368113,14.762,0.915,1009.367,4970.000,-4033.750,-2441.250,23.770,242,15,16547,568,-461,-279,-315,0,0
8035377521,14.823,4.941,1009.367,5092.500,-4086.250,-2450.000,23.770,243,81,16547,582,-467,-280,-315,0,0
8035386933,14.335,2.806,1008.452,4768.750,-4042.500,-2511.250,23.813,235,46,16532,545,-462,-287,-304,0,0
8035396345,13.420,2.074,1010.099,4768.750,-4007.500,-2450.000,23.813,220,34,16559,545,-458,-280,-304,0,0
8035405753,13.481,2.623,1011.929,4865.000,-3998.750,-2467.500,23.762,221,43,16589,556,-457,-282,-317,0,0
8035415160,14.640,3.172,1008.818,4777.500,-3972.500,-2493.750,23.762,240,52,16538,546,-454,-285,-317,0,0
8035424573,13.481,2.562,1009.672,4821.250,-3998.750,-2493.750,23.797,221,42,16552,551,-457,-285,-308,0,0
8035433977,14.030,4.026,1013.271,4856.250,-3998.750,-2476.250,23.797,230,66,16611,555,-457,-283,-308,0,0
8035443386,14.030,3.660,1010.282,4716.250,-4060.000,-2441.250,23.801,230,60,16562,539,-464,-279,-307,0,0
8035452799,15.067,2.684,1010.099,4690.000,-4033.750,-2476.250,23.801,247,44,16559,536,-461,-283,-307,0,0
8035462205,14.396,2.379,1010.343,4733.750,-4025.000,-2441.250,23.813,236,39,16563,541,-460,-279,-304,0,0
8035471613,14.823,2.867,1009.550,4795.000,-4016.250,-2476.250,23.813,243,47,16550,548,-459,-283,-304,0,0
8035481026,14.274,2.196,1008.330,4786.250,-3990.000,-2476.250,23.750,234,36,16530,547,-456,-283,-320,0,0
8035490438,14.091,2.196,1011.441,4812.500,-3981.250,-2458.750,23.750,231,36,16581,550,-455,-281,-320,0,0
8035499846,14.640,3.172,1011.319,4803.750,-4007.500,-2450.000,23.801,240,52,16579,549,-458,-280,-307,0,0
8035509253,14.030,3.965,1009.550,4777.500,-3972.500,-2441.250,23.801,230,65,16550,546,-454,-279,-307,0,0
8035518664,14.274,2.989,1011.014,4847.500,-4025.000,-2458.750,23.789,234,49,16574,554,-460,-281,-310,0,0
8035528070,14.518,3.355,1011.929,4838.750,-3998.750,-2502.500,23.789,238,55,16589,553,-457,-286,-310,0,0
8035537482,14.518,3.965,1010.160,4943.750,-3972.500,-2476.250,23.801,238,65,16560,565,-454,-283,-307,0,0
8035546890,13.725,3.599,1011.929,4865.000,-3955.000,-2467.500,23.801,225,59,16589,556,-452,-282,-307,0,0
8035556302,13.603,3.050,1010.953,4602.500,-3998.750,-2485.000,23.789,223,50,16573,526,-457,-284,-310,0,0
8035565708,14.762,2.684,1009.672,4690.000,-3998.750,-2450.000,23.789,242,44,16552,536,-457,-280,-310,0,0
8035575117,14.762,2.989,1011.685,4847.500,-3998.750,-2432.500,23.816,242,49,16585,554,-457,-278,-303,0,0
8035584531,14.152,3.721,1010.709,4760.000,-3990.000,-2458.750,23.816,232,61,16569,544,-456,-281,-303,0,0
8035593939,13.969,2.928,1007.720,4786.250,-4016.250,-2485.000,23.797,229,48,16520,547,-459,-284,-308,0,0
8035603345,15.433,2.989,1012.295,4847.500,-4060.000,-2485.000,23.797,253,49,16595,554,-464,-284,-308,0,0
8035612759,14.152,4.270,1011.624,4891.250,-4007.500,-2493.750,23.793,232,70,16584,559,-458,-285,-309,0,0
8035622167,14.213,4.636,1008.452,4768.750,-3990.000,-2467.500,23.793,233,76,16532,545,-456,-282,-309,0,0
8035631574,13.969,3.294,1011.746,4742.500,-4033.750,-2467.500,23.828,229,54,16586,542,-461,-282,-300,0,0
8035640982,15.006,3.355,1010.648,4812.500,-3998.750,-2502.500,23.828,246,55,16568,550,-457,-286,-300,0,0
8035650395,14.701,4.514,1010.465,4777.500,-4007.500,-2467.500,23.789,241,74,16565,546,-458,-282,-310,0,0
8035659804,14.152,4.270,1011.380,4751.250,-3990.000,-2467.500,23.789,232,70,16580,543,-456,-282,-310,0,0
8035669210,13.908,3.111,1009.733,4672.500,-4007.500,-2476.250,23.793,228,51,16553,534,-458,-283,-309,0,0
8035678624,14.091,2.318,1010.587,4742.500,-3990.000,-2485.000,23.793,231,38,16567,542,-456,-284,-309,0,0
8035688032,14.640,2.745,1010.709,4742.500,-3998.750,-2432.500,23.805,240,45,16569,542,-457,-278,-306,0,0
8035697438,14.518,3.599,1010.221,4786.250,-4033.750,-2441.250,23.805,238,59,16561,547,-461,-279,-306,0,0
8035706847,13.786,2.928,1008.879,4847.500,-3998.750,-2493.750,23.793,226,48,16539,554,-457,-285,-309,0,0
8035716260,14.457,3.172,1012.234,4943.750,-3998.750,-2450.000,23.793,237,52,16594,565,-457,-280,-309,0,0
8035725666,15.006,4.148,1013.088,4733.750,-3998.750,-2441.250,23.781,246,68,16608,541,-457,-279,-312,0,0
8035735074,13.969,4.758,1009.062,4707.500,-4016.250,-2458.750,23.781,229,78,16542,538,-459,-281,-312,0,0
8035744488,14.701,4.453,1010.038,4672.500,-3990.000,-2467.500,23.801,241,73,16558,534,-456,-282,-307,0,0
8035753896,13.176,3.172,1010.892,4663.750,-3990.000,-2450.000,23.801,216,52,16572,533,-456,-280,-307,0,0
8035763303,14.213,2.989,1009.733,4681.250,-3998.750,-2485.000,23.828,233,49,16553,535,-457,-284,-300,0,0
8035772717,14.823,2.562,1009.245,4742.500,-4025.000,-2458.750,23.828,243,42,16545,542,-460,-281,-300,0,0
8035782125,15.433,3.782,1010.587,4742.500,-3963.750,-2467.500,23.770,253,62,16567,542,-453,-282,-315,0,0
8035791531,15.128,1.708,1010.038,4707.500,-3981.250,-2450.000,23.770,248,28,16558,538,-455,-280,-315,0,0
8035800946,13.725,2.867,1009.306,4768.750,-4025.000,-2458.750,23.785,225,47,16546,545,-460,-281,-311,0,0
8035810352,13.176,2.501,1008.818,4716.250,-4025.000,-2476.250,23.785,216,41,16538,539,-460,-283,-311,0,0
8035819761,13.176,3.660,1010.648,4865.000,-4042.500,-2450.000,23.832,216,60,16568,556,-462,-280,-299,0,0
8035829167,14.213,4.636,1012.051,4891.250,-4086.250,-2458.750,23.832,233,76,16591,559,-467,-281,-299,0,0
8035838582,14.884,4.941,1010.343,4847.500,-4051.250,-2476.250,23.805,244,81,16563,554,-463,-283,-306,0,0
8035847989,14.701,3.477,1011.441,4821.250,-4007.500,-2458.750,23.805,241,57,16581,551,-458,-281,-306,0,0
8035857396,14.823,3.782,1010.038,4830.000,-3963.750,-2485.000,23.789,243,62,16558,552,-453,-284,-310,0,0
8035866810,14.457,3.782,1006.927,4751.250,-3972.500,-2476.250,23.789,237,62,16507,543,-454,-283,-310,0,0
8035876218,14.579,1.586,1010.709,4760.000,-3990.000,-2485.000,23.813,239,26,16569,544,-456,-284,-304,0,0
8035885626,14.823,1.708,1011.868,5013.750,-3981.250,-2467.500,23.813,243,28,16588,573,-455,-282,-304,0,0
8035895039,14.701,5.246,1008.208,4996.250,-3981.250,-2423.750,23.754,241,86,16528,571,-455,-277,-319,0,0
8035904445,14.396,2.684,1010.404,4707.500,-4007.500,-2432.500,23.754,236,44,16564,538,-458,-278,-319,0,0
8035913853,13.115,4.514,1009.489,4847.500,-4025.000,-2458.750,23.785,215,74,16549,554,-460,-281,-311,0,0
8035923267,14.335,3.660,1010.282,4751.250,-4007.500,-2467.500,23.785,235,60,16562,543,-458,-282,-311,0,0
8035932676,14.274,4.331,1010.343,4803.750,-4025.000,-2441.250,23.801,234,71,16563,549,-460,-279,-307,0,0
8035942083,14.640,5.002,1010.709,4760.000,-3990.000,-2458.750,23.801,240,82,16569,544,-456,-281,-307,0,0
8035951492,15.067,4.026,1009.123,4742.500,-3911.250,-2502.500,23.793,247,66,16543,542,-447,-286,-309,0,0
8035960899,15.250,2.623,1010.770,4725.000,-4016.250,-2476.250,23.793,250,43,16570,540,-459,-283,-309,0,0
8035970307,13.969,2.989,1010.709,4725.000,-3928.750,-2432.500,23.801,229,49,16569,540,-449,-278,-307,0,0
8035979721,13.298,3.294,1010.709,4733.750,-4025.000,-2485.000,23.801,218,54,16569,541,-460,-284,-307,0,0
8035989127,13.847,3.294,1009.916,4725.000,-3937.500,-2467.500,23.773,227,54,16556,540,-450,-282,-314,0,0
8035998535,14.457,2.562,1008.940,4681.250,-3937.500,-2467.500,23.773,237,42,16540,535,-450,-282,-314,0,0
8036007949,13.481,3.538,1011.258,4821.250,-3981.250,-2450.000,23.773,221,58,16578,551,-455,-280,-314,0,0
8036017357,13.542,3.660,1010.709,4856.250,-4016.250,-2467.500,23.773,222,60,16569,555,-459,-282,-314,0,0
8036026770,14.701,3.782,1010.465,4900.000,-4016.250,-2450.000,23.805,241,62,16565,560,-459,-280,-306,0,0
8036036177,15.372,4.270,1010.343,4987.500,-4007.500,-2467.500,23.805,252,70,16563,570,-458,-282,-306,0,0
8036045585,14.701,4.819,1011.014,4777.500,-3972.500,-2467.500,23.820,241,79,16574,546,-454,-282,-302,0,0
8036054992,14.701,4.514,1010.099,4821.250,-4016.250,-2511.250,23.820,241,74,16559,551,-459,-287,-302,0,0
8036064407,14.640,4.514,1011.136,4795.000,-3990.000,-2467.500,23.781,240,74,16576,548,-456,-282,-312,0,0
8036073813,13.725,2.867,1010.648,4672.500,-4016.250,-2432.500,23.781,225,47,16568,534,-459,-278,-312,0,0
8036083220,13.969,2.623,1011.136,4803.750,-4051.250,-2493.750,23.773,229,43,16576,549,-463,-285,-314,0,0
8036092634,14.640,3.294,1009.916,4873.750,-4033.750,-2467.500,23.773,240,54,16556,557,-461,-282,-314,0,0
8036102040,15.433,3.782,1008.940,4838.750,-4051.250,-2441.250,23.801,253,62,16540,553,-463,-279,-307,0,0
8036111448,14.579,3.111,1010.770,4891.250,-3990.000,-2432.500,23.801,239,51,16570,559,-456,-278,-307,0,0
8036120862,13.237,3.111,1010.343,4978.750,-4042.500,-2485.000,23.801,217,51,16563,569,-462,-284,-307,0,0
8036130267,14.884,4.392,1010.831,5092.500,-4103.750,-2485.000,23.801,244,72,16571,582,-469,-284,-307,0,0
8036139676,14.701,5.002,1011.319,4891.250,-4025.000,-2458.750,23.844,241,82,16579,559,-460,-281,-296,0,0
8036149090,15.006,4.880,1011.258,4856.250,-4016.250,-2502.500,23.844,246,80,16578,555,-459,-286,-296,0,0
8036158496,13.725,4.026,1010.038,4760.000,-3981.250,-2502.500,23.840,225,66,16558,544,-455,-286,-297,0,0
8036167904,14.518,4.758,1010.526,4795.000,-3990.000,-2520.000,23.840,238,78,16566,548,-456,-288,-297,0,0
8036177317,14.091,3.782,1009.794,4786.250,-3998.750,-2458.750,23.840,231,62,16554,547,-457,-281,-297,0,0
8036186725,12.688,3.538,1011.319,4768.750,-4016.250,-2467.500,23.840,208,58,16579,545,-459,-282,-297,0,0
8036196132,14.518,4.209,1010.221,4768.750,-4042.500,-2467.500,23.844,238,69,16561,545,-462,-282,-296,0,0
8036205545,15.189,3.233,1010.465,4751.250,-4016.250,-2476.250,23.844,249,53,16565,543,-459,-283,-296,0,0
8036214953,14.335,4.148,1009.428,4760.000,-3981.250,-2485.000,23.777,235,68,16548,544,-455,-284,-313,0,0
8036224361,14.579,4.209,1011.075,4856.250,-3990.000,-2467.500,23.777,239,69,16575,555,-456,-282,-313,0,0
8036233769,14.335,3.782,1012.356,4812.500,-4068.750,-2467.500,23.824,235,62,16596,550,-465,-282,-301,0,0
8036243182,13.847,5.490,1009.062,4786.250,-4086.250,-2467.500,23.824,227,90,16542,547,-467,-282,-301,0,0
8036252587,14.213,5.185,1010.709,4725.000,-4068.750,-2476.250,23.813,233,85,16569,540,-465,-283,-304,0,0
8036262003,14.762,4.270,1011.502,4707.500,-4121.250,-2467.500,23.813,242,70,16582,538,-471,-282,-304,0,0
8036271410,13.359,2.989,1011.868,4742.500,-4025.000,-2467.500,23.824,219,49,16588,542,-460,-282,-301,0,0
8036280818,14.396,3.782,1011.868,4733.750,-4025.000,-2467.500,23.824,236,62,16588,541,-460,-282,-301,0,0
8036290225,14.945,3.904,1009.794,4707.500,-3998.750,-2476.250,23.824,245,64,16554,538,-457,-283,-301,0,0
8036299638,14.579,2.562,1009.123,4681.250,-3990.000,-2502.500,23.824,239,42,16543,535,-456,-286,-301,0,0
8036309046,14.213,3.111,1010.160,4760.000,-3981.250,-2441.250,23.789,233,51,16560,544,-455,-279,-310,0,0
8036318459,14.091,3.172,1011.380,4742.500,-4033.750,-2458.750,23.789,231,52,16580,542,-461,-281,-310,0,0
8036327868,13.969,4.636,1011.868,4716.250,-3990.000,-2450.000,23.797,229,76,16588,539,-456,-280,-308,0,0
8036337274,13.664,5.124,1010.831,4821.250,-3972.500,-2458.750,23.797,224,84,16571,551,-454,-281,-308,0,0
8036346682,13.237,4.026,1008.940,4760.000,-3998.750,-2441.250,23.840,217,66,16540,544,-457,-279,-297,0,0
8036356096,14.396,3.538,1009.794,4751.250,-4033.750,-2467.500,23.840,236,58,16554,543,-461,-282,-297,0,0
8036365502,15.006,3.721,1011.502,4856.250,-4025.000,-2432.500,23.805,246,61,16582,555,-460,-278,-306,0,0
8036374910,15.250,5.002,1010.099,4768.750,-3990.000,-2493.750,23.805,250,82,16559,545,-456,-285,-306,0,0
8036384324,14.457,2.989,1009.611,4865.000,-4016.250,-2485.000,23.813,237,49,16551,556,-459,-284,-304,0,0
8036393732,14.823,4.148,1010.648,4865.000,-3981.250,-2441.250,23.813,243,68,16568,556,-455,-279,-304,0,0
8036403138,14.579,3.477,1009.794,4978.750,-4007.500,-2441.250,23.805,239,57,16554,569,-458,-279,-306,0,0
8036412552,14.091,5.124,1009.672,5075.000,-4016.250,-2520.000,23.805,231,84,16552,580,-459,-288,-306,0,0
8036421960,13.969,5.734,1011.014,4812.500,-3981.250,-2485.000,23.813,229,94,16574,550,-455,-284,-304,0,0
8036431367,14.823,4.270,1008.696,4742.500,-4025.000,-2450.000,23.813,243,70,16536,542,-460,-280,-304,0,0
8036440776,13.481,4.575,1010.953,4777.500,-4103.750,-2476.250,23.832,221,75,16573,546,-469,-283,-299,0,0
8036450189,13.603,3.965,1009.794,4760.000,-4077.500,-2476.250,23.832,223,65,16554,544,-466,-283,-299,0,0
8036459596,15.067,4.209,1008.879,4786.250,-4016.250,-2467.500,23.824,247,69,16539,547,-459,-282,-301,0,0
8036469003,14.518,3.355,1008.330,4742.500,-4007.500,-2476.250,23.824,238,55,16530,542,-458,-283,-301,0,0
8036478417,14.457,4.697,1010.404,4917.500,-4060.000,-2476.250,23.809,237,77,16564,562,-464,-283,-305,0,0
8036487825,15.128,4.270,1011.258,4812.500,-4025.000,-2441.250,23.809,248,70,16578,550,-460,-279,-305,0,0
8036497231,15.372,4.575,1011.258,4760.000,-4016.250,-2485.000,23.832,252,75,16578,544,-459,-284,-299,0,0
8036506646,14.335,5.002,1009.855,4690.000,-3963.750,-2476.250,23.832,235,82,16555,536,-453,-283,-299,0,0
8036516053,14.152,4.941,1010.038,4716.250,-4016.250,-2485.000,23.840,232,81,16558,539,-459,-284,-297,0,0
8036525459,14.640,5.673,1010.648,4760.000,-3998.750,-2476.250,23.840,240,93,16568,544,-457,-283,-297,0,0
8036534867,14.640,4.392,1009.245,4733.750,-3981.250,-2485.000,23.801,240,72,16545,541,-455,-284,-307,0,0
8036544281,13.359,3.294,1009.001,4681.250,-4051.250,-2458.750,23.801,219,54,16541,535,-463,-281,-307,0,0
8036553688,13.481,3.660,1008.757,4760.000,-3998.750,-2441.250,23.828,221,60,16537,544,-457,-279,-300,0,0
8036563095,14.396,3.233,1009.672,4725.000,-4025.000,-2441.250,23.828,236,53,16552,540,-460,-279,-300,0,0
8036572509,14.823,3.599,1009.123,4751.250,-3998.750,-2467.500,23.809,243,59,16543,543,-457,-282,-305,0,0
8036581917,14.762,4.392,1008.818,4733.750,-3998.750,-2476.250,23.809,242,72,16538,541,-457,-283,-305,0,0
8036591324,13.664,4.941,1009.672,4891.250,-3981.250,-2423.750,23.797,224,81,16552,559,-455,-277,-308,0,0
8036600739,14.457,5.307,1009.855,4847.500,-3998.750,-2450.000,23.797,237,87,16555,554,-457,-280,-308,0,0
8036610146,14.457,4.819,1011.868,4786.250,-3998.750,-2485.000,23.820,237,79,16588,547,-457,-284,-302,0,0
8036619551,14.457,5.612,1010.709,4768.750,-4086.250,-2432.500,23.820,237,92,16569,545,-467,-278,-302,0,0
8036628966,13.664,5.368,1008.940,4751.250,-4042.500,-2441.250,23.805,224,88,16540,543,-462,-279,-306,0,0
8036638374,14.213,4.636,1010.526,4777.500,-4042.500,-2467.500,23.805,233,76,16566,546,-462,-282,-306,0,0
8036647782,14.274,4.148,1009.550,4742.500,-4016.250,-2476.250,23.805,234,68,16550,542,-459,-283,-306,0,0
8036657188,14.945,4.148,1008.513,4698.750,-3990.000,-2485.000,23.805,245,68,16533,537,-456,-284,-306,0,0
8036666601,13.969,3.233,1009.977,4786.250,-4051.250,-2476.250,23.832,229,53,16557,547,-463,-283,-299,0,0
8036676009,14.335,2.806,1010.831,4768.750,-4016.250,-2485.000,23.832,235,46,16571,545,-459,-284,-299,0,0
8036685423,14.823,3.782,1010.099,4882.500,-3981.250,-2467.500,23.785,243,62,16559,558,-455,-282,-311,0,0
8036694828,13.847,5.185,1009.001,4900.000,-3963.750,-2476.250,23.785,227,85,16541,560,-453,-283,-311,0,0
8036704236,13.237,4.880,1010.465,4707.500,-4016.250,-2458.750,23.789,217,80,16565,538,-459,-281,-310,0,0
8036713650,13.725,4.697,1011.380,4742.500,-3990.000,-2476.250,23.789,225,77,16580,542,-456,-283,-310,0,0
8036723055,13.664,4.819,1010.526,4873.750,-3972.500,-2450.000,23.820,224,79,16566,557,-454,-280,-302,0,0
8036732466,14.762,3.111,1008.818,5005.000,-3998.750,-2502.500,23.820,242,51,16538,572,-457,-286,-302,0,0
8036741875,14.884,7.259,1008.513,5145.000,-3937.500,-2502.500,23.801,244,119,16533,588,-450,-286,-307,0,0
8036751288,13.542,4.758,1009.672,4847.500,-4033.750,-2458.750,23.801,222,78,16552,554,-461,-281,-307,0,0
8036760695,14.396,3.233,1009.367,4742.500,-3998.750,-2485.000,23.840,236,53,16547,542,-457,-284,-297,0,0
8036770102,15.738,4.392,1010.526,4707.500,-4007.500,-2458.750,23.840,258,72,16566,538,-458,-281,-297,0,0
8036779516,14.884,3.111,1011.380,4742.500,-4033.750,-2485.000,23.836,244,51,16580,542,-461,-284,-298,0,0
8036788924,14.518,5.185,1010.038,4856.250,-3972.500,-2502.500,23.836,238,85,16558,555,-454,-286,-298,0,0
8036798330,15.128,5.551,1009.001,4812.500,-3998.750,-2467.500,23.832,248,91,16541,550,-457,-282,-299,0,0
8036807738,14.457,4.758,1010.465,4803.750,-3990.000,-2467.500,23.832,237,78,16565,549,-456,-282,-299,0,0
8036817152,14.762,5.307,1010.404,4803.750,-4042.500,-2458.750,23.832,242,87,16564,549,-462,-281,-299,0,0
8036826558,13.176,5.124,1010.953,4795.000,-3981.250,-2476.250,23.832,216,84,16573,548,-455,-283,-299,0,0
8036835966,13.969,6.405,1010.038,4777.500,-4016.250,-2467.500,23.781,229,105,16558,546,-459,-282,-312,0,0
8036845380,13.908,5.307,1010.282,4830.000,-4042.500,-2485.000,23.781,228,87,16562,552,-462,-284,-312,0,0
8036854787,14.457,4.575,1009.672,4838.750,-3981.250,-2485.000,23.816,237,75,16552,553,-455,-284,-303,0,0
8036864194,14.640,4.026,1010.404,4803.750,-4033.750,-2423.750,23.816,240,66,16564,549,-461,-277,-303,0,0
8036873606,13.786,4.148,1009.062,4821.250,-4025.000,-2441.250,23.816,226,68,16542,551,-460,-279,-303,0,0
8036883019,13.908,4.819,1008.513,4803.750,-4007.500,-2511.250,23.816,228,79,16533,549,-458,-287,-303,0,0
8036892428,14.030,5.490,1009.001,4777.500,-4016.250,-2458.750,23.816,230,90,16541,546,-459,-281,-303,0,0
8036901834,13.908,5.673,1010.953,4707.500,-3998.750,-2441.250,23.816,228,93,16573,538,-457,-279,-303,0,0
8036911242,14.030,6.771,1009.367,4707.500,-4025.000,-2485.000,23.785,230,111,16547,538,-460,-284,-311,0,0
8036920656,13.054,5.307,1010.526,4760.000,-3998.750,-2458.750,23.785,214,87,16566,544,-457,-281,-311,0,0
8036930061,13.481,4.941,1009.611,4803.750,-4016.250,-2476.250,23.805,221,81,16551,549,-459,-283,-306,0,0
8036939473,13.542,4.819,1009.428,4856.250,-3981.250,-2458.750,23.805,222,79,16548,555,-455,-281,-306,0,0
8036948881,14.274,4.636,1009.428,4795.000,-3946.250,-2467.500,23.793,234,76,16548,548,-451,-282,-309,0,0
8036958287,13.786,4.270,1010.343,4847.500,-4016.250,-2485.000,23.793,226,70,16563,554,-459,-284,-309,0,0
8036967700,13.420,4.209,1009.672,4742.500,-3946.250,-2458.750,23.809,220,69,16552,542,-451,-281,-305,0,0
8036977108,13.725,5.002,1008.818,4777.500,-4068.750,-2450.000,23.809,225,82,16538,546,-465,-280,-305,0,0
8036986521,13.054,5.002,1009.428,4760.000,-4025.000,-2423.750,23.813,214,82,16548,544,-460,-277,-304,0,0
8036995926,13.664,5.795,1012.417,4838.750,-3937.500,-2432.500,23.813,224,95,16597,553,-450,-278,-304,0,0
8037005334,14.335,6.527,1011.075,4681.250,-4016.250,-2467.500,23.840,235,107,16575,535,-459,-282,-297,0,0
8037014748,15.006,5.246,1008.086,4751.250,-3998.750,-2467.500,23.840,246,86,16526,543,-457,-282,-297,0,0
8037024154,14.396,4.514,1009.489,4900.000,-4016.250,-2493.750,23.844,236,74,16549,560,-459,-285,-296,0,0
8037033568,14.396,4.392,1009.245,4768.750,-4025.000,-2485.000,23.844,236,72,16545,545,-460,-284,-296,0,0
8037042974,14.213,3.172,1012.051,4742.500,-3955.000,-2467.500,23.797,233,52,16591,542,-452,-282,-308,0,0
8037052380,14.701,6.100,1008.147,4768.750,-3955.000,-2467.500,23.797,241,100,16527,545,-452,-282,-308,0,0
8037061795,14.030,3.172,1006.988,4707.500,-3998.750,-2476.250,23.797,230,52,16508,538,-457,-283,-308,0,0
8037071202,14.518,4.758,1011.990,4777.500,-4016.250,-2432.500,23.797,238,78,16590,546,-459,-278,-308,0,0
8037080615,14.579,4.758,1009.062,4830.000,-4042.500,-2485.000,23.797,239,78,16542,552,-462,-284,-308,0,0
8037090023,14.518,5.307,1008.574,4803.750,-3972.500,-2450.000,23.797,238,87,16534,549,-454,-280,-308,0,0
8037099429,15.311,6.222,1009.489,4812.500,-4016.250,-2493.750,23.777,251,102,16549,550,-459,-285,-313,0,0
8037108840,14.457,5.185,1010.648,4742.500,-4025.000,-2485.000,23.777,237,85,16568,542,-460,-284,-313,0,0
8037118247,14.640,4.026,1009.306,4777.500,-4077.500,-2485.000,23.809,240,66,16546,546,-466,-284,-305,0,0
8037127661,14.213,4.331,1010.160,4716.250,-4042.500,-2476.250,23.809,233,71,16560,539,-462,-283,-305,0,0
8037137067,15.067,6.039,1009.855,4698.750,-4016.250,-2485.000,23.801,247,99,16555,537,-459,-284,-307,0,0
8037146480,14.091,4.941,1009.306,4681.250,-4033.750,-2511.250,23.801,231,81,16546,535,-461,-287,-307,0,0
8037155888,13.481,4.758,1009.428,4795.000,-3963.750,-2441.250,23.789,221,78,16548,548,-453,-279,-310,0,0
8037165294,14.762,3.233,1009.428,4672.500,-3963.750,-2458.750,23.789,242,53,16548,534,-453,-281,-310,0,0
8037174707,14.701,5.795,1010.648,4751.250,-4060.000,-2458.750,23.809,241,95,16568,543,-464,-281,-305,0,0
8037184111,14.335,5.246,1011.075,4777.500,-4033.750,-2476.250,23.809,235,86,16575,546,-461,-283,-305,0,0
8037193524,14.579,5.185,1007.293,4733.750,-3998.750,-2458.750,23.840,239,85,16513,541,-457,-281,-297,0,0
8037202931,15.006,4.636,1009.428,4681.250,-3963.750,-2441.250,23.840,246,76,16548,535,-453,-279,-297,0,0
8037212344,14.945,5.612,1010.587,4821.250,-3990.000,-2450.000,23.836,245,92,16567,551,-456,-280,-298,0,0
8037221751,15.067,5.490,1007.354,4681.250,-4007.500,-2441.250,23.836,247,90,16514,535,-458,-279,-298,0,0
8037231159,15.006,3.477,1010.465,4646.250,-4086.250,-2476.250,23.848,246,57,16565,531,-467,-283,-295,0,0
8037240572,14.030,5.002,1011.319,4628.750,-3998.750,-2476.250,23.848,230,82,16579,529,-457,-283,-295,0,0
8037249977,14.335,5.429,1009.001,4690.000,-3981.250,-2485.000,23.832,235,89,16541,536,-455,-284,-299,0,0
8037259392,13.054,4.270,1007.781,4646.250,-4025.000,-2493.750,23.832,214,70,16521,531,-460,-285,-299,0,0
8037268798,15.189,3.843,1014.186,4830.000,-4016.250,-2441.250,23.848,249,63,16626,552,-459,-279,-295,0,0
8037278209,14.762,6.222,1008.086,4865.000,-3990.000,-2476.250,23.848,242,102,16526,556,-456,-283,-295,0,0
8037287616,13.542,3.355,1006.927,4690.000,-3998.750,-2467.500,23.840,222,55,16507,536,-457,-282,-297,0,0
8037297023,13.603,5.917,1012.478,4821.250,-4033.750,-2493.750,23.840,223,97,16598,551,-461,-285,-297,0,0
8037306437,14.091,5.124,1008.391,4795.000,-4016.250,-2493.750,23.855,231,84,16531,548,-459,-285,-293,0,0
8037315845,14.762,4.758,1006.561,4716.250,-3990.000,-2485.000,23.855,242,78,16501,539,-456,-284,-293,0,0
8037325251,14.091,3.294,1011.380,4655.000,-3972.500,-2458.750,23.820,231,54,16580,532,-454,-281,-302,0,0
8037334663,14.152,4.941,1009.550,4742.500,-4033.750,-2458.750,23.820,232,81,16550,542,-461,-281,-302,0,0
8037344076,13.908,4.331,1009.611,4725.000,-4042.500,-2441.250,23.840,228,71,16551,540,-462,-279,-297,0,0
8037353484,14.518,5.063,1009.489,4725.000,-4025.000,-2458.750,23.840,238,83,16549,540,-460,-281,-297,0,0
8037362890,14.518,5.246,1007.354,4786.250,-4016.250,-2502.500,23.844,238,86,16514,547,-459,-286,-296,0,0
8037372302,15.067,5.246,1009.733,4812.500,-4016.250,-2493.750,23.844,247,86,16553,550,-459,-285,-296,0,0
8037381709,14.274,6.344,1011.136,4803.750,-3981.250,-2467.500,23.801,234,104,16576,549,-455,-282,-307,0,0
8037391116,14.152,6.222,1008.452,4716.250,-4025.000,-2458.750,23.801,232,102,16532,539,-460,-281,-307,0,0
8037400529,13.176,6.527,1011.990,4760.000,-4016.250,-2450.000,23.766,216,107,16590,544,-459,-280,-316,0,0
8037409941,13.420,4.941,1012.905,4760.000,-4007.500,-2458.750,23.766,220,81,16605,544,-458,-281,-316,0,0
8037419349,15.006,5.490,1007.232,4768.750,-4033.750,-2476.250,23.816,246,90,16512,545,-461,-283,-303,0,0
8037428755,14.335,4.575,1007.293,4672.500,-3981.250,-2476.250,23.816,235,75,16513,534,-455,-283,-303,0,0
8037438168,14.518,4.209,1011.685,4812.500,-3981.250,-2467.500,23.813,238,69,16585,550,-455,-282,-304,0,0
8037447574,15.067,3.965,1010.282,4786.250,-3998.750,-2467.500,23.813,247,65,16562,547,-457,-282,-304,0,0
8037456981,14.396,5.429,1008.025,4646.250,-4025.000,-2493.750,23.785,236,89,16525,531,-460,-285,-311,0,0
8037466394,13.786,4.514,1009.001,4760.000,-3981.250,-2467.500,23.785,226,74,16541,544,-455,-282,-311,0,0
8037475801,13.298,6.100,1010.465,4777.500,-4060.000,-2485.000,23.813,218,100,16565,546,-464,-284,-304,0,0
8037485215,14.579,5.673,1010.892,4733.750,-4033.750,-2458.750,23.813,239,93,16572,541,-461,-281,-304,0,0
8037494621,13.969,6.344,1009.001,4742.500,-4033.750,-2441.250,23.813,229,104,16541,542,-461,-279,-304,0,0
8037504035,14.152,5.063,1008.940,4655.000,-4016.250,-2502.500,23.813,232,83,16540,532,-459,-286,-304,0,0
8037513442,14.518,5.978,1010.038,4733.750,-3990.000,-2485.000,23.813,238,98,16558,541,-456,-284,-304,0,0
8037522847,14.640,4.026,1008.696,4655.000,-3946.250,-2467.500,23.813,240,66,16536,532,-451,-282,-304,0,0
8037532258,13.908,5.734,1007.720,4760.000,-4016.250,-2511.250,23.809,228,94,16520,544,-459,-287,-305,0,0
8037541671,13.908,4.026,1007.354,4707.500,-4051.250,-2458.750,23.809,228,66,16514,538,-463,-281,-305,0,0
8037551076,14.884,4.453,1009.916,4812.500,-4051.250,-2458.750,23.758,244,73,16556,550,-463,-281,-318,0,0
8037560490,14.152,5.002,1010.465,4830.000,-3937.500,-2450.000,23.758,232,82,16565,552,-450,-280,-318,0,0
8037569896,14.335,6.405,1007.964,4803.750,-3990.000,-2485.000,23.758,235,105,16524,549,-456,-284,-318,0,0
8037579308,15.433,5.856,1009.489,4856.250,-3990.000,-2458.750,23.758,253,96,16549,555,-456,-281,-318,0,0
8037588714,14.335,5.612,1010.953,4786.250,-4025.000,-2441.250,23.793,235,92,16573,547,-460,-279,-309,0,0
8037598122,13.481,6.954,1007.964,4795.000,-4033.750,-2458.750,23.793,221,114,16524,548,-461,-281,-309,0,0
8037607535,13.481,5.246,1009.001,4812.500,-4016.250,-2441.250,23.793,221,86,16541,550,-459,-279,-309,0,0
8037616940,15.006,4.880,1010.465,4803.750,-4016.250,-2502.500,23.793,246,80,16565,549,-459,-286,-309,0,0
8037626355,13.725,5.246,1008.513,4725.000,-3998.750,-2502.500,23.816,225,86,16533,540,-457,-286,-303,0,0
8037635761,14.945,4.209,1007.659,4655.000,-3990.000,-2476.250,23.816,245,69,16519,532,-456,-283,-303,0,0
8037645173,14.884,4.941,1007.903,4751.250,-4042.500,-2476.250,23.789,244,81,16523,543,-462,-283,-310,0,0
8037654579,14.091,3.843,1010.343,4786.250,-4025.000,-2476.250,23.789,231,63,16563,547,-460,-283,-310,0,0
8037663990,14.030,5.551,1008.940,4751.250,-4025.000,-2467.500,23.801,230,91,16540,543,-460,-282,-307,0,0
8037673399,13.725,6.588,1006.866,4760.000,-4060.000,-2485.000,23.801,225,108,16506,544,-464,-284,-307,0,0
8037682811,14.274,5.917,1008.879,4873.750,-4033.750,-2476.250,23.801,234,97,16539,557,-461,-283,-307,0,0
8037692217,14.274,7.076,1011.258,4803.750,-4025.000,-2476.250,23.801,234,116,16578,549,-460,-283,-307,0,0
8037701624,13.908,6.283,1011.807,4768.750,-4033.750,-2458.750,23.738,228,103,16587,545,-461,-281,-323,0,0
8037711038,13.847,4.453,1009.977,4646.250,-4051.250,-2493.750,23.738,227,73,16557,531,-463,-285,-323,0,0
8037720443,14.030,5.429,1009.672,4795.000,-3946.250,-2467.500,23.836,230,89,16552,548,-451,-282,-298,0,0
8037729855,15.311,5.307,1009.672,4812.500,-3998.750,-2485.000,23.836,251,87,16552,550,-457,-284,-298,0,0
8037739263,15.128,5.429,1008.635,4795.000,-4007.500,-2467.500,23.766,248,89,16535,548,-458,-282,-316,0,0
8037748676,15.738,4.270,1007.171,4803.750,-4042.500,-2450.000,23.766,258,70,16511,549,-462,-280,-316,0,0
8037758082,14.152,5.490,1009.001,4751.250,-3998.750,-2467.500,23.848,232,90,16541,543,-457,-282,-295,0,0
8037767489,13.969,6.100,1009.550,4742.500,-4042.500,-2458.750,23.848,229,100,16550,542,-462,-281,-295,0,0
8037776903,13.603,5.856,1011.319,4760.000,-4007.500,-2467.500,23.797,223,96,16579,544,-458,-282,-308,0,0
8037786308,14.762,5.795,1009.672,4795.000,-4016.250,-2458.750,23.797,242,95,16552,548,-459,-281,-308,0,0
8037795721,13.786,5.429,1008.330,4768.750,-3998.750,-2493.750,23.777,226,89,16530,545,-457,-285,-313,0,0
8037805128,14.579,5.978,1011.929,4760.000,-4007.500,-2458.750,23.777,239,98,16589,544,-458,-281,-313,0,0
8037814542,14.457,5.246,1011.868,4830.000,-4007.500,-2458.750,23.828,237,86,16588,552,-458,-281,-300,0,0
8037823946,14.396,5.856,1008.147,4690.000,-3963.750,-2458.750,23.828,236,96,16527,536,-453,-281,-300,0,0
8037833358,14.945,5.063,1008.269,4698.750,-4042.500,-2441.250,23.836,245,83,16529,537,-462,-279,-298,0,0
8037842764,13.908,6.100,1010.648,4733.750,-4016.250,-2458.750,23.836,228,100,16568,541,-459,-281,-298,0,0
8037852179,13.969,4.819,1010.221,4760.000,-3937.500,-2450.000,23.789,229,79,16561,544,-450,-280,-310,0,0
8037861584,14.701,4.026,1009.062,4777.500,-3902.500,-2432.500,23.789,241,66,16542,546,-446,-278,-310,0,0
8037870996,13.664,1.525,1008.696,5022.500,-3902.500,-2423.750,23.809,224,25,16536,574,-446,-277,-305,0,0
8037880402,13.786,11.163,1008.330,5390.000,-3972.500,-2450.000,23.809,226,183,16530,616,-454,-280,-305,0,0
8037889817,14.091,6.771,1008.940,4786.250,-4042.500,-2441.250,23.773,231,111,16540,547,-462,-279,-314,0,0
8037899223,13.847,5.734,1009.916,4698.750,-4025.000,-2467.500,23.773,227,94,16556,537,-460,-282,-314,0,0
8037908634,15.128,6.649,1009.123,4865.000,-4095.000,-2432.500,23.789,248,109,16543,556,-468,-278,-310,0,0
8037918040,15.372,5.063,1009.916,4768.750,-4042.500,-2467.500,23.789,252,83,16556,545,-462,-282,-310,0,0
8037927448,14.396,6.466,1008.147,4803.750,-4033.750,-2458.750,23.793,236,106,16527,549,-461,-281,-309,0,0
8037936861,14.579,5.917,1009.367,4716.250,-4033.750,-2441.250,23.793,239,97,16547,539,-461,-279,-309,0,0
8037946272,13.115,6.283,1010.831,4795.000,-4068.750,-2450.000,23.789,215,103,16571,548,-465,-280,-310,0,0
8037955676,13.969,5.246,1008.208,4786.250,-4016.250,-2450.000,23.789,229,86,16528,547,-459,-280,-310,0,0
8037965088,13.786,6.283,1007.354,4698.750,-4007.500,-2458.750,23.809,226,103,16514,537,-458,-281,-305,0,0
8037974499,14.701,5.307,1009.794,4733.750,-4016.250,-2485.000,23.809,241,87,16554,541,-459,-284,-305,0,0
8037983903,13.725,5.856,1010.648,4751.250,-4025.000,-2458.750,23.816,225,96,16568,543,-460,-281,-303,0,0
8037993315,15.006,5.490,1008.452,4707.500,-4033.750,-2467.500,23.816,246,90,16532,538,-461,-282,-303,0,0
8038002729,15.067,5.856,1007.537,4777.500,-4051.250,-2476.250,23.797,247,96,16517,546,-463,-283,-308,0,0
8038012135,14.823,5.002,1010.343,4768.750,-4025.000,-2450.000,23.797,243,82,16563,545,-460,-280,-308,0,0
8038021542,14.152,4.453,1010.648,4952.500,-4007.500,-2485.000,23.805,232,73,16568,566,-458,-284,-306,0,0
8038030953,12.993,7.564,1009.489,5022.500,-3990.000,-2485.000,23.805,213,124,16549,574,-456,-284,-306,0,0
8038040365,14.030,7.259,1009.550,4777.500,-4033.750,-2467.500,23.789,230,119,16550,546,-461,-282,-310,0,0
8038049769,13.359,5.856,1008.879,4707.500,-3990.000,-2458.750,23.789,219,96,16539,538,-456,-281,-310,0,0
8038059181,13.908,6.161,1008.147,4760.000,-3990.000,-2458.750,23.824,228,101,16527,544,-456,-281,-301,0,0
8038068592,15.555,5.307,1010.099,4681.250,-3998.750,-2485.000,23.824,255,87,16559,535,-457,-284,-301,0,0
8038077998,15.067,5.917,1009.672,4760.000,-4007.500,-2441.250,23.809,247,97,16552,544,-458,-279,-305,0,0
8038087406,15.250,5.246,1009.306,4751.250,-3972.500,-2485.000,23.809,250,86,16546,543,-454,-284,-305,0,0
8038096818,14.213,5.063,1009.062,4698.750,-3946.250,-2467.500,23.785,233,83,16542,537,-451,-282,-311,0,0
8038106230,13.847,5.490,1008.269,4803.750,-3972.500,-2493.750,23.785,227,90,16529,549,-454,-285,-311,0,0
8038115634,14.335,6.344,1009.672,4725.000,-3998.750,-2476.250,23.797,235,104,16552,540,-457,-283,-308,0,0
8038125045,15.067,5.917,1008.147,4681.250,-3998.750,-2467.500,23.797,247,97,16527,535,-457,-282,-308,0,0
8038134457,14.701,5.490,1008.879,4681.250,-3990.000,-2458.750,23.789,241,90,16539,535,-456,-281,-310,0,0
8038143868,14.518,5.856,1009.794,4733.750,-3998.750,-2458.750,23.789,238,96,16554,541,-457,-281,-310,0,0
8038153272,14.091,7.198,1009.428,4716.250,-3972.500,-2450.000,23.797,231,118,16548,539,-454,-280,-308,0,0
8038162683,14.701,5.551,1008.635,4777.500,-4051.250,-2476.250,23.797,241,91,16535,546,-463,-283,-308,0,0
8038172095,14.274,6.893,1008.940,4821.250,-4033.750,-2450.000,23.789,234,113,16540,551,-461,-280,-310,0,0
8038181506,13.847,5.063,1004.975,4733.750,-4086.250,-2450.000,23.789,227,83,16475,541,-467,-280,-310,0,0
8038190910,13.786,6.588,1016.138,4838.750,-4060.000,-2441.250,23.820,226,108,16658,553,-464,-279,-302,0,0
8038200322,14.457,4.697,1010.099,4646.250,-3990.000,-2441.250,23.820,237,77,16559,531,-456,-279,-302,0,0
8038209728,14.518,7.503,1006.927,4830.000,-3972.500,-2450.000,23.793,238,123,16507,552,-454,-280,-309,0,0
8038219142,14.762,5.917,1009.855,4681.250,-3911.250,-2476.250,23.793,242,97,16555,535,-447,-283,-309,0,0
8038228548,13.908,7.259,1009.428,4777.500,-3972.500,-2502.500,23.797,228,119,16548,546,-454,-286,-308,0,0
8038237960,14.762,6.466,1012.478,4751.250,-4007.500,-2476.250,23.797,242,106,16598,543,-458,-283,-308,0,0
8038247365,13.786,8.296,1008.025,4751.250,-4016.250,-2476.250,23.781,226,136,16525,543,-459,-283,-312,0,0
8038256777,13.664,4.148,1008.269,4611.250,-3972.500,-2476.250,23.781,224,68,16529,527,-454,-283,-312,0,0
8038266190,14.701,7.686,1008.147,4733.750,-3946.250,-2485.000,23.789,241,126,16527,541,-451,-284,-310,0,0
8038275597,14.396,5.490,1009.733,4611.250,-3876.250,-2467.500,23.789,236,90,16553,527,-443,-282,-310,0,0
8038285003,14.457,4.087,1006.927,4795.000,-4051.250,-2476.250,23.770,237,67,16507,548,-463,-283,-315,0,0
8038294414,14.884,3.904,1009.123,4812.500,-4060.000,-2476.250,23.770,244,64,16543,550,-464,-283,-315,0,0
8038303826,14.030,5.673,1011.319,4795.000,-4025.000,-2467.500,23.797,230,93,16579,548,-460,-282,-308,0,0
8038313230,14.884,5.246,1011.014,4751.250,-3990.000,-2458.750,23.797,244,86,16574,543,-456,-281,-308,0,0
8038322641,14.579,7.625,1010.160,4777.500,-3998.750,-2450.000,23.777,239,125,16560,546,-457,-280,-313,0,0
8038332054,13.786,7.442,1007.964,4690.000,-3981.250,-2450.000,23.777,226,122,16524,536,-455,-280,-313,0,0
8038341464,14.152,7.320,1009.977,4821.250,-4025.000,-2450.000,23.816,232,120,16557,551,-460,-280,-303,0,0
8038350868,14.701,5.429,1012.295,4707.500,-4016.250,-2485.000,23.816,241,89,16595,538,-459,-284,-303,0,0
8038360279,14.884,6.283,1009.672,4733.750,-4033.750,-2476.250,23.801,244,103,16552,541,-461,-283,-307,0,0
8038369690,15.128,5.612,1006.866,4655.000,-4016.250,-2467.500,23.801,248,92,16506,532,-459,-282,-307,0,0
8038379095,13.847,4.636,1008.513,4681.250,-3990.000,-2458.750,23.789,227,76,16533,535,-456,-281,-310,0,0
8038388506,13.359,5.185,1007.598,4663.750,-4007.500,-2467.500,23.789,219,85,16518,533,-458,-282,-310,0,0
8038397917,13.054,4.514,1008.696,4760.000,-4025.000,-2441.250,23.805,214,74,16536,544,-460,-279,-306,0,0
8038407329,13.786,5.429,1009.794,4751.250,-4033.750,-2432.500,23.805,226,89,16554,543,-461,-278,-306,0,0
8038416735,13.908,6.588,1010.221,4768.750,-4007.500,-2467.500,23.758,228,108,16561,545,-458,-282,-318,0,0
8038426149,14.091,6.405,1009.428,4803.750,-4016.250,-2476.250,23.758,231,105,16548,549,-459,-283,-318,0,0
8038435555,14.640,6.771,1011.868,4768.750,-4007.500,-2458.750,23.785,240,111,16588,545,-458,-281,-311,0,0
8038444967,14.335,7.137,1013.027,4698.750,-3998.750,-2485.000,23.785,235,117,16607,537,-457,-284,-311,0,0
8038454372,13.908,6.405,1010.343,4733.750,-4016.250,-2458.750,23.797,228,105,16563,541,-459,-281,-308,0,0
8038463783,14.396,5.917,1008.696,4681.250,-3990.000,-2476.250,23.797,236,97,16536,535,-456,-283,-308,0,0
8038473194,14.335,5.551,1009.794,4655.000,-3981.250,-2450.000,23.820,235,91,16554,532,-455,-280,-302,0,0
8038482598,14.335,4.880,1009.733,4585.000,-3963.750,-2493.750,23.820,235,80,16553,524,-453,-285,-302,0,0
8038492010,13.603,4.453,1008.208,4725.000,-4042.500,-2476.250,23.816,223,73,16528,540,-462,-283,-303,0,0
8038501421,13.969,4.575,1007.049,4707.500,-4077.500,-2485.000,23.816,229,75,16509,538,-466,-284,-303,0,0
8038510832,13.908,4.880,1009.001,4733.750,-4025.000,-2493.750,23.816,228,80,16541,541,-460,-285,-303,0,0
8038520237,14.579,5.246,1010.770,4742.500,-4016.250,-2467.500,23.816,239,86,16570,542,-459,-282,-303,0,0
8038529648,13.847,5.917,1007.537,4681.250,-4077.500,-2450.000,23.758,227,97,16517,535,-466,-280,-318,0,0
8038539060,14.579,6.954,1008.574,4742.500,-4033.750,-2476.250,23.758,239,114,16534,542,-461,-283,-318,0,0
8038548464,13.847,7.015,1012.234,4768.750,-4007.500,-2458.750,23.781,227,115,16594,545,-458,-281,-312,0,0
8038557875,13.237,6.710,1010.221,4698.750,-3981.250,-2485.000,23.781,217,110,16561,537,-455,-284,-312,0,0
8038567288,15.128,5.734,1008.025,4681.250,-4007.500,-2458.750,23.813,248,94,16525,535,-458,-281,-304,0,0
8038576694,14.335,5.612,1009.123,4655.000,-3963.750,-2441.250,23.813,235,92,16543,532,-453,-279,-304,0,0
8038586102,13.359,5.307,1012.234,4716.250,-3990.000,-2476.250,23.777,219,87,16594,539,-456,-283,-313,0,0
8038595513,14.274,4.819,1010.831,4690.000,-3972.500,-2432.500,23.777,234,79,16571,536,-454,-278,-313,0,0
8038604924,14.091,6.466,1007.415,4768.750,-4007.500,-2450.000,23.797,231,106,16515,545,-458,-280,-308,0,0
8038614329,14.030,5.978,1009.611,4803.750,-3981.250,-2450.000,23.797,230,98,16551,549,-455,-280,-308,0,0
8038623742,14.274,5.856,1009.977,4847.500,-3946.250,-2432.500,23.781,234,96,16557,554,-451,-278,-312,0,0
8038633149,15.067,6.100,1009.977,4795.000,-4007.500,-2458.750,23.781,247,100,16557,548,-458,-281,-312,0,0
8038642562,15.189,5.673,1009.428,4707.500,-3981.250,-2476.250,23.805,249,93,16548,538,-455,-283,-306,0,0
8038651967,14.091,6.039,1010.465,4681.250,-3902.500,-2485.000,23.805,231,99,16565,535,-446,-284,-306,0,0
8038661378,14.518,5.490,1010.770,4628.750,-3963.750,-2476.250,23.820,238,90,16570,529,-453,-283,-302,0,0
8038670790,13.664,5.490,1008.574,4681.250,-4016.250,-2493.750,23.820,224,90,16534,535,-459,-285,-302,0,0
8038680194,13.481,4.819,1009.611,4663.750,-3972.500,-2458.750,23.785,221,79,16551,533,-454,-281,-311,0,0
8038689606,15.067,5.307,1011.075,4620.000,-3981.250,-2458.750,23.785,247,87,16575,528,-455,-281,-311,0,0
8038699017,14.518,5.124,1009.306,4672.500,-3998.750,-2441.250,23.781,238,84,16546,534,-457,-279,-312,0,0
8038708428,14.030,5.795,1007.842,4725.000,-4007.500,-2441.250,23.781,230,95,16522,540,-458,-279,-312,0,0
8038717832,13.969,6.649,1011.197,4760.000,-3946.250,-2450.000,23.793,229,109,16577,544,-451,-280,-309,0,0
8038727244,14.518,5.917,1011.380,4733.750,-3972.500,-2450.000,23.793,238,97,16580,541,-454,-280,-309,0,0
8038736656,14.213,5.917,1009.001,4672.500,-3998.750,-2467.500,23.809,233,97,16541,534,-457,-282,-305,0,0
8038746059,14.457,6.588,1009.855,4690.000,-4051.250,-2485.000,23.809,237,108,16555,536,-463,-284,-305,0,0
8038755471,14.091,5.673,1009.367,4768.750,-4042.500,-2450.000,23.789,231,93,16547,545,-462,-280,-310,0,0
8038764882,14.091,5.551,1010.221,4777.500,-3998.750,-2458.750,23.789,231,91,16561,546,-457,-281,-310,0,0
8038774293,13.359,5.246,1009.428,4742.500,-4033.750,-2485.000,23.777,219,86,16548,542,-461,-284,-313,0,0
8038783698,14.213,6.100,1009.733,4690.000,-4025.000,-2450.000,23.777,233,100,16553,536,-460,-280,-313,0,0
8038793110,14.701,4.819,1010.709,4838.750,-4007.500,-2432.500,23.781,241,79,16569,553,-458,-278,-312,0,0
8038802521,14.945,5.368,1009.794,4795.000,-4051.250,-2432.500,23.781,245,88,16554,548,-463,-278,-312,0,0
8038811925,13.908,6.039,1010.892,4751.250,-4060.000,-2415.000,23.750,228,99,16572,543,-464,-276,-320,0,0
8038821336,14.152,6.405,1010.648,4777.500,-4042.500,-2432.500,23.750,232,105,16568,546,-462,-278,-320,0,0
8038830749,14.762,6.100,1010.099,4751.250,-3955.000,-2458.750,23.816,242,100,16559,543,-452,-281,-303,0,0
8038840153,13.603,6.893,1009.489,4777.500,-3998.750,-2476.250,23.816,223,113,16549,546,-457,-283,-303,0,0
8038849567,14.457,7.015,1010.099,4768.750,-4007.500,-2467.500,23.770,237,115,16559,545,-458,-282,-315,0,0
8038858974,15.494,6.588,1009.184,4707.500,-3972.500,-2485.000,23.770,254,108,16544,538,-454,-284,-315,0,0
8038868385,14.701,5.246,1011.075,4646.250,-3902.500,-2467.500,23.801,241,86,16575,531,-446,-282,-307,0,0
8038877790,13.847,6.283,1010.648,4760.000,-3937.500,-2485.000,23.801,227,103,16568,544,-450,-284,-307,0,0
8038887201,13.603,5.429,1009.733,4742.500,-4025.000,-2476.250,23.785,223,89,16553,542,-460,-283,-311,0,0
8038896613,13.969,5.551,1009.367,4716.250,-4016.250,-2476.250,23.785,229,91,16547,539,-459,-283,-311,0,0
8038906024,15.494,5.673,1009.123,4760.000,-3955.000,-2493.750,23.797,254,93,16543,544,-452,-285,-308,0,0
8038915428,14.701,6.893,1010.587,4725.000,-3928.750,-2450.000,23.797,241,113,16567,540,-449,-280,-308,0,0
8038924839,13.542,6.527,1009.611,4716.250,-3955.000,-2450.000,23.809,222,107,16551,539,-452,-280,-305,0,0
8038934252,13.725,6.283,1010.099,4655.000,-4025.000,-2485.000,23.809,225,103,16559,532,-460,-284,-305,0,0
8038943660,14.457,5.856,1010.160,4690.000,-4025.000,-2493.750,23.746,237,96,16560,536,-460,-285,-321,0,0
8038953066,13.542,5.673,1007.964,4760.000,-3972.500,-2450.000,23.746,222,93,16524,544,-454,-280,-321,0,0
8038962477,14.335,5.551,1008.879,4698.750,-3963.750,-2467.500,23.773,235,91,16539,537,-453,-282,-314,0,0
8038971889,14.335,6.161,1009.123,4733.750,-3990.000,-2467.500,23.773,235,101,16543,541,-456,-282,-314,0,0
8038981294,14.945,4.941,1011.197,4655.000,-4025.000,-2502.500,23.789,245,81,16577,532,-460,-286,-310,0,0
8038990705,14.091,5.429,1009.428,4655.000,-4025.000,-2493.750,23.789,231,89,16548,532,-460,-285,-310,0,0
8039000117,13.725,4.941,1008.269,4777.500,-4033.750,-2476.250,23.793,225,81,16529,546,-461,-283,-309,0,0
8039009522,14.396,5.795,1010.099,4716.250,-3981.250,-2467.500,23.793,236,95,16559,539,-455,-282,-309,0,0
8039018929,15.372,6.222,1010.526,4698.750,-3955.000,-2467.500,23.762,252,102,16566,537,-452,-282,-317,0,0
8039028342,13.786,6.222,1010.465,4716.250,-3998.750,-2485.000,23.762,226,102,16565,539,-457,-284,-317,0,0
8039037754,13.969,6.283,1009.428,4698.750,-3998.750,-2450.000,23.813,229,103,16548,537,-457,-280,-304,0,0
8039047158,14.152,6.649,1009.123,4707.500,-4042.500,-2511.250,23.813,232,109,16543,538,-462,-287,-304,0,0
8039056570,14.518,5.429,1011.136,4681.250,-4077.500,-2476.250,23.777,238,89,16576,535,-466,-283,-313,0,0
8039065981,14.457,4.087,1007.537,4663.750,-4068.750,-2485.000,23.777,237,67,16517,533,-465,-284,-313,0,0
8039075387,12.932,4.636,1008.025,4733.750,-4007.500,-2467.500,23.805,212,76,16525,541,-458,-282,-306,0,0
8039084801,14.091,4.636,1010.953,4760.000,-4016.250,-2458.750,23.805,231,76,16573,544,-459,-281,-306,0,0
8039094208,13.603,5.490,1010.526,4760.000,-4016.250,-2467.500,23.773,223,90,16566,544,-459,-282,-314,0,0
8039103620,14.823,6.405,1008.696,4672.500,-3990.000,-2476.250,23.773,243,105,16536,534,-456,-283,-314,0,0
8039113024,14.152,5.612,1008.818,4812.500,-4016.250,-2467.500,23.789,232,92,16538,550,-459,-282,-310,0,0
8039122435,13.725,6.161,1011.746,4830.000,-4042.500,-2458.750,23.789,225,101,16586,552,-462,-281,-310,0,0
8039131846,13.725,6.100,1010.526,4777.500,-3998.750,-2458.750,23.781,225,100,16566,546,-457,-281,-312,0,0
8039141251,14.152,5.917,1008.330,4725.000,-3990.000,-2476.250,23.781,232,97,16530,540,-456,-283,-312,0,0
8039150662,13.664,6.527,1009.733,4742.500,-4033.750,-2432.500,23.770,224,107,16553,542,-461,-278,-315,0,0
8039160073,13.237,6.954,1009.794,4751.250,-4068.750,-2441.250,23.770,217,114,16554,543,-465,-279,-315,0,0
8039169479,13.969,5.002,1009.428,4690.000,-4025.000,-2485.000,23.789,229,82,16548,536,-460,-284,-310,0,0
8039178889,13.542,5.002,1008.696,4707.500,-3955.000,-2476.250,23.789,222,82,16536,538,-452,-283,-310,0,0
8039188302,14.091,5.246,1010.526,4768.750,-3937.500,-2441.250,23.809,231,86,16566,545,-450,-279,-305,0,0
8039197707,14.457,5.429,1012.051,4795.000,-3946.250,-2458.750,23.809,237,89,16591,548,-451,-281,-305,0,0
8039207122,13.847,6.771,1010.221,4698.750,-4007.500,-2467.500,23.809,227,111,16561,537,-458,-282,-305,0,0
8039216527,14.213,6.832,1008.330,4742.500,-4007.500,-2458.750,23.809,233,112,16530,542,-458,-281,-305,0,0
8039225938,14.701,6.771,1011.685,4725.000,-4025.000,-2485.000,23.777,241,111,16585,540,-460,-284,-313,0,0
8039235351,15.189,6.344,1010.770,4777.500,-4033.750,-2485.000,23.777,249,104,16570,546,-461,-284,-313,0,0
8039244756,13.908,5.734,1009.184,4725.000,-4051.250,-2485.000,23.789,228,94,16544,540,-463,-284,-310,0,0
8039254167,13.054,5.917,1010.587,4742.500,-4025.000,-2467.500,23.789,214,97,16567,542,-460,-282,-310,0,0
8039263572,13.847,5.429,1010.404,4663.750,-4060.000,-2476.250,23.828,227,89,16564,533,-464,-283,-300,0,0
8039272983,14.640,5.002,1009.306,4681.250,-3998.750,-2450.000,23.828,240,82,16546,535,-457,-280,-300,0,0
8039282391,14.518,6.100,1008.025,4698.750,-4016.250,-2441.250,23.789,238,100,16525,537,-459,-279,-310,0,0
8039291803,14.884,5.185,1009.733,4663.750,-3963.750,-2450.000,23.789,244,85,16553,533,-453,-280,-310,0,0
8039301215,22.570,8.845,1009.123,4803.750,-3885.000,-2423.750,23.754,370,145,16543,549,-444,-277,-319,0,0
8039310619,5.063,4.575,1011.075,5057.500,-3963.750,-2318.750,23.754,83,75,16575,578,-453,-265,-319,0,0
8039320028,14.091,6.954,1010.465,4847.500,-4060.000,-2441.250,23.789,231,114,16565,554,-464,-279,-310,0,0
8039329442,14.091,8.540,1007.659,4471.250,-4103.750,-2450.000,23.789,231,140,16519,511,-469,-280,-310,0,0
8039338846,16.653,2.379,1009.977,4471.250,-4095.000,-2397.500,23.789,273,39,16557,511,-468,-274,-310,0,0
8039348258,19.764,9.760,1010.221,4996.250,-3998.750,-2222.500,23.789,324,160,16561,571,-457,-254,-310,0,0
8039357669,126.453,19.032,1008.086,4453.750,-4095.000,-997.500,23.773,2073,312,16526,509,-468,-114,-314,0,0
8039367080,135.847,-31.598,1017.846,5950.000,-3955.000,1461.250,23.773,2227,-518,16686,680,-452,167,-314,0,0
8039376485,149.084,55.144,1010.709,16450.000,-3858.750,-21621.250,23.773,2444,904,16569,1880,-441,-2471,-314,0,0
8039385896,-56.120,163.846,992.226,17001.250,-4462.500,-55081.250,23.773,-920,2686,16266,1943,-510,-6295,-314,0,0
8039395307,-335.744,135.664,1012.356,5880.000,-1802.500,-40766.250,23.801,-5504,2224,16596,672,-206,-4659,-307,0,0
8039404711,-29.585,-33.977,1032.852,-8995.000,-1443.750,-6160.000,23.801,-485,-557,16932,-1028,-165,-704,-307,0,0
8039414123,15.311,-8.906,999.668,-1023.750,586.250,323.750,23.793,251,-146,16388,-117,67,37,-309,0,0
8039423534,62.159,-19.703,1015.284,-1268.750,-437.500,10771.250,23.793,1019,-323,16644,-145,-50,1231,-309,0,0
8039432946,82.411,-61.488,1030.961,-13011.250,2143.750,22452.500,23.820,1351,-1008,16901,-1487,245,2566,-302,0,0
8039442350,-6.344,-78.629,1024.861,-21122.500,6387.500,28822.500,23.820,-104,-1289,16801,-2414,730,3294,-302,0,0
8039451763,33.977,-12.688,1038.708,-12608.750,9590.000,33363.750,23.813,557,-208,17028,-1441,1096,3813,-304,0,0
8039461167,-23.912,-22.570,1024.251,7927.500,11068.750,40066.250,23.813,-392,-370,16791,906,1265,4579,-304,0,0
8039470579,-36.295,8.296,985.394,10902.500,9852.500,35752.500,23.816,-595,136,16154,1246,1126,4086,-303,0,0
8039479993,-23.607,26.596,987.651,-7621.250,8478.750,24053.750,23.816,-387,436,16191,-871,969,2749,-303,0,0
8039489399,9.089,8.418,1033.340,-18620.000,7691.250,23765.000,23.797,149,138,16940,-2128,879,2716,-308,0,0
8039498811,11.224,-42.334,1017.724,-13781.250,9091.250,30625.000,23.797,184,-694,16684,-1575,1039,3500,-308,0,0
8039508215,26.291,-66.612,978.806,-13763.750,10010.000,31202.500,23.813,431,-1092,16046,-1573,1144,3566,-304,0,0
8039517626,53.558,-47.214,1059.631,-18768.750,10937.500,26328.750,23.813,878,-774,17371,-2145,1250,3009,-304,0,0
8039527038,130.967,-46.787,1104.527,-18462.500,20921.250,27063.750,23.844,2147,-767,18107,-2110,2391,3093,-296,0,0
8039536444,56.730,-33.062,1118.313,-19521.250,40092.500,31762.500,23.844,930,-542,18333,-2231,4582,3630,-296,0,0
8039545858,6.283,-64.782,1088.484,-27431.250,60865.000,37843.750,23.816,103,-1062,17844,-3135,6956,4325,-303,0,0
8039555264,13.847,-77.104,1071.099,-38325.000,78347.500,38613.750,23.816,227,-1264,17559,-4380,8954,4413,-303,0,0
8039564676,-7.198,-72.712,1012.600,-50811.250,90378.750,30117.500,23.785,-118,-1192,16600,-5807,10329,3442,-311,0,0
8039574082,-52.277,-87.291,962.397,-73053.750,92951.250,13221.250,23.785,-857,-1431,15777,-8349,10623,1511,-311,0,0
8039583491,-87.474,-88.389,990.579,-95611.250,89792.500,-6238.750,23.754,-1434,-1449,16239,-10927,10262,-713,-319,0,0
8039592903,-46.787,-99.979,1027.362,-107590.000,85566.250,-20133.750,23.754,-767,-1639,16842,-12296,9779,-2301,-319,0,0
8039602307,-143.472,-129.686,1154.242,-110608.750,81768.750,-26888.750,23.789,-2352,-2126,18922,-12641,9345,-3073,-310,0,0
8039611720,-224.480,-158.722,1300.459,-105008.750,76580.000,-27037.500,23.789,-3680,-2602,21319,-12001,8752,-3090,-310,0,0
8039621128,-283.528,-165.371,1405.074,-101718.750,64688.750,-28595.000,23.785,-4648,-2711,23034,-11625,7393,-3268,-311,0,0
8039630541,-369.965,-131.455,1455.521,-103171.250,41921.250,-31736.250,23.785,-6065,-2155,23861,-11791,4791,-3627,-311,0,0
8039639945,-382.592,-39.467,1398.120,-101281.250,10692.500,-31421.250,23.773,-6272,-647,22920,-11575,1222,-3591,-314,0,0
8039649357,-351.848,-24.766,1360.056,-129692.500,-19670.000,-33626.250,23.773,-5768,-406,22296,-14822,-2248,-3843,-314,0,0
8039658770,-307.013,-81.984,1320.589,-141408.750,-42183.750,-26468.750,23.789,-5033,-1344,21649,-16161,-4821,-3025,-310,0,0
8039668174,-220.820,-94.245,1324.737,-133892.500,-55737.500,-13116.250,23.789,-3620,-1545,21717,-15302,-6370,-1499,-310,0,0
8039677583,-254.370,-295.423,1340.902,-115456.250,-66517.500,1575.000,23.781,-4170,-4843,21982,-13195,-7602,180,-312,0,0
8039686995,-235.155,-336.842,1217.621,-42927.500,-76422.500,21612.500,23.781,-3855,-5522,19961,-4906,-8734,2470,-312,0,0
8039696401,-178.974,-375.028,1053.958,2913.750,-81506.250,27851.250,23.766,-2934,-6148,17278,333,-9315,3183,-316,0,0
8039705816,-133.895,-400.831,971.059,16467.500,-80036.250,19696.250,23.766,-2195,-6571,15919,1882,-9147,2251,-316,0,0
8039715222,-128.405,-329.888,973.804,14367.500,-76606.250,4033.750,23.797,-2105,-5408,15964,1642,-8755,461,-308,0,0
8039724634,-167.750,-221.613,1030.717,2511.250,-74751.250,-7962.500,23.797,-2750,-3633,16897,287,-8543,-910,-308,0,0
8039734040,-163.724,-204.289,1079.334,218.750,-74200.000,-4707.500,23.797,-2684,-3349,17694,25,-8480,-538,-308,0,0
8039743448,-150.670,-250.344,1102.453,4585.000,-74383.750,6457.500,23.797,-2470,-4104,18073,524,-8501,738,-308,0,0
8039752860,-140.300,-351.848,1103.490,5311.250,-77525.000,10605.000,23.820,-2300,-5768,18090,607,-8860,1212,-302,0,0
8039762272,-166.469,-365.085,1080.737,-315.000,-84708.750,8662.500,23.820,-2729,-5985,17717,-36,-9681,990,-302,0,0
8039771676,-145.119,-416.813,1006.805,-4051.250,-95523.750,4550.000,23.785,-2379,-6833,16505,-463,-10917,520,-311,0,0
8039781087,-101.992,-507.459,901.702,-7455.000,-104667.500,-4567.500,23.785,-1672,-8319,14782,-852,-11962,-522,-311,0,0
8039790499,-72.834,-499.651,834.236,-3141.250,-106916.250,-15373.750,23.766,-1194,-8191,13676,-359,-12219,-1757,-316,0,0
8039799904,-25.986,-486.963,808.311,7463.750,-104982.500,-23458.750,23.766,-426,-7983,13251,853,-11998,-2681,-316,0,0
8039809318,-45.079,-472.689,795.989,23528.750,-100843.750,-30231.250,23.793,-739,-7749,13049,2689,-11525,-3455,-309,0,0
8039818725,-103.761,-422.974,787.693,41142.500,-97221.250,-36470.000,23.793,-1701,-6934,12913,4702,-11111,-4168,-309,0,0
8039828137,-177.266,-298.534,730.292,61923.750,-95821.250,-39550.000,23.789,-2906,-4894,11972,7077,-10951,-4520,-310,0,0
8039837542,-112.911,-215.086,619.455,78907.500,-94648.750,-34860.000,23.789,-1851,-3526,10155,9018,-10817,-3984,-310,0,0
8039846953,52.765,-126.148,491.538,88628.750,-87298.750,-25462.500,23.789,865,-2068,8058,10129,-9977,-2910,-310,0,0
8039856364,104.554,-180.438,501.969,65073.750,-70761.250,-24561.250,23.789,1714,-2958,8229,7437,-8087,-2807,-310,0,0
8039865770,114.558,-200.324,628.605,39200.000,-53515.000,-31473.750,23.820,1878,-3284,10305,4480,-6116,-3597,-302,0,0
8039875181,82.411,-177.083,764.696,21035.000,-43645.000,-40705.000,23.820,1351,-2903,12536,2404,-4988,-4652,-302,0,0
8039884590,83.082,-32.086,917.928,-1732.500,-43478.750,-47136.250,23.820,1362,-526,15048,-198,-4969,-5387,-302,0,0
8039894002,117.242,-355.569,1026.691,7761.250,-50286.250,-43531.250,23.820,1922,-5829,16831,887,-5747,-4975,-302,0,0
8039903408,217.526,-363.743,914.878,97763.750,-54486.250,-32830.000,23.801,3566,-5963,14998,11173,-6227,-3752,-307,0,0
8039912815,183.488,-485.499,819.718,130243.750,-55002.500,-43662.500,23.801,3008,-7959,13438,14885,-6286,-4990,-307,0,0
8039922229,64.660,-396.317,750.666,150640.000,-48781.250,-59867.500,23.840,1060,-6497,12306,17216,-5575,-6842,-297,0,0
8039931634,12.078,-193.309,736.087,159460.000,-41615.000,-70665.000,23.840,198,-3169,12067,18224,-4756,-8076,-297,0,0
8039941047,143.472,-42.517,739.076,159915.000,-37441.250,-71400.000,23.816,2352,-697,12116,18276,-4279,-8160,-303,0,0
8039950454,153.964,57.218,731.817,161411.250,-30336.250,-66552.500,23.816,2524,938,11997,18447,-3467,-7606,-303,0,0
8039959867,155.855,177.571,722.301,165270.000,-22076.250,-58948.750,23.863,2555,2911,11841,18888,-2523,-6737,-291,0,0
8039969272,168.360,255.651,735.294,168262.500,-14210.000,-45832.500,23.863,2760,4191,12054,19230,-1624,-5238,-291,0,0
8039978684,194.163,325.862,732.305,169890.000,-9686.250,-30117.500,23.793,3183,5342,12005,19416,-1107,-3442,-309,0,0
8039988090,217.038,288.652,726.144,165025.000,-6790.000,-12897.500,23.793,3558,4732,11904,18860,-776,-1474,-309,0,0
8039997505,257.847,197.884,725.168,159906.250,-3885.000,2012.500,23.832,4227,3244,11888,18275,-444,230,-299,0,0
8040006910,331.962,95.770,742.675,156240.000,2467.500,5530.000,23.832,5442,1570,12175,17856,282,632,-299,0,0
8040016321,323.422,62.342,778.543,156870.000,11471.250,-3053.750,23.781,5302,1022,12763,17928,1311,-349,-312,0,0
8040025727,243.573,48.800,762.500,154192.500,14498.750,-18663.750,23.781,3993,800,12500,17622,1657,-2133,-312,0,0
8040035141,229.848,69.113,714.920,146886.250,11523.750,-35087.500,23.801,3768,1133,11720,16787,1317,-4010,-307,0,0
8040044548,197.274,409.981,1207.251,130690.000,18970.000,-52045.000,23.801,3234,6721,19791,14936,2168,-5948,-307,0,0
8040053960,-403.454,962.641,1981.829,144068.750,7490.000,-43365.000,23.809,-6614,15781,32489,16465,856,-4956,-305,0,0
8040063364,-85.278,466.467,1176.873,179357.500,-88121.250,7586.250,23.809,-1398,7647,19293,20498,-10071,867,-305,0,0
8040072777,111.691,379.603,473.848,157360.000,-128065.000,21175.000,23.770,1831,6223,7768,17984,-14636,2420,-315,0,0
8040082184,393.816,449.387,570.106,98962.500,-125177.500,17053.750,23.770,6456,7367,9346,11310,-14306,1949,-315,0,0
8040091598,207.400,295.484,978.501,48571.250,-102917.500,14288.750,23.789,3400,4844,16041,5551,-11762,1633,-310,0,0
8040101002,152.927,177.754,1020.530,43513.750,-108185.000,24578.750,23.789,2507,2914,16730,4973,-12364,2809,-310,0,0
8040110414,133.773,237.900,935.496,65038.750,-124145.000,36382.500,23.789,2193,3900,15336,7433,-14188,4158,-310,0,0
8040119826,154.025,303.170,824.293,71680.000,-133367.500,40985.000,23.789,2525,4970,13513,8192,-15242,4684,-310,0,0
8040129234,607.133,366.366,1233.420,60357.500,-138591.250,50592.500,23.789,9953,6006,20220,6898,-15839,5782,-310,0,0
8040138640,264.313,241.560,1319.125,44887.500,-201075.000,86275.000,23.789,4333,3960,21625,5130,-22980,9860,-310,0,0
8040148054,796.660,-152.012,261.995,46357.500,-219502.500,85198.750,23.801,13060,-2492,4295,5298,-25086,9737,-307,0,0
8040157462,876.875,-36.051,45.262,64146.250,-141382.500,35936.250,23.801,14375,-591,742,7331,-16158,4107,-307,0,0
8040166867,694.424,260.409,355.386,38736.250,-74970.000,15225.000,23.801,11384,4269,5826,4427,-8568,1740,-307,0,0
8040176279,549.305,463.539,914.817,-4121.250,-41335.000,5013.750,23.801,9005,7599,14997,-471,-4724,573,-307,0,0
8040185691,439.017,434.686,1020.530,-1750.000,-44406.250,22076.250,23.801,7197,7126,16730,-200,-5075,2523,-307,0,0
8040195097,464.576,268.034,810.995,14455.000,-56901.250,39917.500,23.801,7616,4394,13295,1652,-6503,4562,-307,0,0
8040204504,491.050,207.827,778.787,10010.000,-58808.750,32007.500,23.770,8050,3407,12767,1144,-6721,3658,-315,0,0
8040213917,448.106,299.327,856.928,10141.250,-57881.250,26547.500,23.770,7346,4907,14048,1159,-6615,3034,-315,0,0
8040223328,526.186,247.965,873.886,13973.750,-61845.000,32173.750,23.762,8626,4065,14326,1597,-7068,3677,-317,0,0
8040232734,625.677,160.491,825.147,19407.500,-67637.500,28096.250,23.762,10257,2631,13527,2218,-7730,3211,-317,0,0
8040242141,630.313,138.653,771.101,21481.250,-71181.250,14936.250,23.773,10333,2273,12641,2455,-8135,1707,-314,0,0
8040251555,655.872,202.032,741.882,19556.250,-72747.500,1732.500,23.773,10752,3312,12162,2235,-8314,198,-314,0,0
8040260960,623.176,280.844,700.524,17045.000,-74112.500,-9590.000,23.789,10216,4604,11484,1948,-8470,-1096,-310,0,0
8040270372,609.207,315.675,710.955,11182.500,-72546.250,-18943.750,23.789,9987,5175,11655,1278,-8291,-2165,-310,0,0
8040279779,549.366,342.515,751.154,8461.250,-71487.500,-22627.500,23.777,9006,5615,12314,967,-8170,-2586,-313,0,0
8040289193,452.498,332.816,832.528,6265.000,-72756.250,-21595.000,23.777,7418,5456,13648,716,-8315,-2468,-313,0,0
8040298599,335.622,395.768,833.138,14673.750,-78417.500,-15627.500,23.758,5502,6488,13658,1677,-8962,-1786,-318,0,0
8040308010,323.666,325.130,814.228,25873.750,-84236.250,-4462.500,23.758,5306,5330,13348,2957,-9627,-510,-318,0,0
8040317418,424.682,319.701,734.135,39226.250,-87115.000,4943.750,23.789,6962,5241,12035,4483,-9956,565,-310,0,0
8040326832,564.067,343.674,651.297,50233.750,-83746.250,11427.500,23.789,9247,5634,10677,5741,-9571,1306,-310,0,0
8040336237,653.005,486.902,625.433,65773.750,-72318.750,13247.500,23.813,10705,7982,10253,7517,-8265,1514,-304,0,0
8040345649,749.690,422.486,605.608,67488.750,-60226.250,19197.500,23.813,12290,6926,9928,7713,-6883,2194,-304,0,0
8040355057,842.471,328.119,509.777,46103.750,-45543.750,27413.750,23.762,13811,5379,8357,5269,-5205,3133,-317,0,0
8040364463,858.148,265.655,476.044,20553.750,-23187.500,29443.750,23.762,14068,4355,7804,2349,-2650,3365,-317,0,0
8040373876,805.749,261.141,630.984,-4331.250,-4620.000,20527.500,23.785,13209,4281,10344,-495,-528,2346,-311,0,0
8040383284,703.879,289.689,821.426,-15601.250,-4278.750,5057.500,23.785,11539,4749,13466,-1783,-489,578,-311,0,0
8040392697,623.359,302.194,872.849,-15960.000,-17823.750,-236.250,23.785,10219,4954,14309,-1824,-2037,-27,-311,0,0
8040402102,647.637,340.258,840.519,-13650.000,-32943.750,-682.500,23.785,10617,5578,13779,-1560,-3765,-78,-311,0,0
8040411514,668.438,326.045,783.789,-13326.250,-41212.500,-8.750,23.785,10958,5345,12849,-1523,-4710,-1,-311,0,0
8040420922,707.417,308.233,768.051,-11733.750,-41693.750,770.000,23.785,11597,5053,12591,-1341,-4765,88,-311,0,0
8040430328,679.906,276.818,771.894,-8592.500,-36968.750,936.250,23.770,11146,4538,12654,-982,-4225,107,-315,0,0
8040439742,631.472,314.089,805.688,-1846.250,-32506.250,2651.250,23.770,10352,5149,13208,-211,-3715,303,-315,0,0
8040449149,575.962,334.585,803.431,4961.250,-31675.000,7481.250,23.867,9442,5485,13171,567,-3620,855,-290,0,0
8040458562,541.558,336.110,780.861,10605.000,-33556.250,13798.750,23.867,8878,5510,12801,1212,-3835,1577,-290,0,0
8040467967,595.787,332.084,754.021,13308.750,-37511.250,19372.500,23.816,9767,5444,12361,1521,-4287,2214,-303,0,0
8040477378,651.053,299.998,727.669,14358.750,-41798.750,21402.500,23.816,10673,4918,11929,1641,-4777,2446,-303,0,0
8040486784,708.393,279.563,685.457,12897.500,-45386.250,19521.250,23.777,11613,4583,11237,1474,-5187,2231,-313,0,0
8040496199,758.962,254.980,654.713,9633.750,-44808.750,16703.750,23.777,12442,4180,10733,1101,-5121,1909,-313,0,0
8040505604,788.852,213.683,663.436,6676.250,-38727.500,13475.000,23.797,12932,3503,10876,763,-4426,1540,-308,0,0
8040515016,758.840,177.571,694.058,6326.250,-30187.500,10071.250,23.797,12440,2911,11378,723,-3450,1151,-308,0,0
8040524421,739.808,160.674,737.612,9318.750,-22128.750,8417.500,23.770,12128,2634,12092,1065,-2529,962,-315,0,0
8040533834,733.952,175.863,770.308,15513.750,-14490.000,7735.000,23.770,12032,2883,12628,1773,-1656,884,-315,0,0
8040543241,670.939,192.333,787.510,23056.250,-10255.000,9196.250,23.789,10999,3153,12910,2635,-1172,1051,-310,0,0
8040552654,644.099,219.966,806.298,29093.750,-13396.250,11130.000,23.789,10559,3606,13218,3325,-1531,1272,-310,0,0
8040562060,639.036,257.237,793.061,33976.250,-24832.500,12250.000,23.770,10476,4217,13001,3883,-2838,1400,-315,0,0
8040571472,672.830,275.171,748.470,37327.500,-41387.500,11270.000,23.770,11030,4511,12270,4266,-4730,1288,-315,0,0
8040580879,689.239,298.534,675.270,39077.500,-56656.250,8566.250,23.770,11299,4894,11070,4466,-6475,979,-315,0,0
8040590293,678.991,294.020,604.998,39506.250,-67978.750,9108.750,23.770,11131,4820,9918,4515,-7769,1041,-315,0,0
8040599699,704.733,295.179,566.995,39751.250,-75643.750,11313.750,23.785,11553,4839,9295,4543,-8645,1293,-311,0,0
8040609106,716.872,349.469,542.168,41405.000,-79983.750,14568.750,23.785,11752,5729,8888,4732,-9141,1665,-311,0,0
8040618520,834.236,295.118,512.949,38403.750,-79353.750,20938.750,23.813,13676,4838,8409,4389,-9069,2393,-304,0,0
8040627926,959.713,287.432,480.558,35936.250,-71391.250,20116.250,23.813,15733,4712,7878,4107,-8159,2299,-304,0,0
8040637334,1022.787,337.208,480.863,32156.250,-57548.750,13807.500,23.793,16767,5528,7883,3675,-6577,1578,-309,0,0
8040646746,997.411,389.485,510.326,22391.250,-43881.250,6641.250,23.793,16351,6385,8366,2559,-5015,759,-309,0,0
8040656152,914.573,393.816,556.076,10937.500,-34903.750,3386.250,23.797,14993,6456,9116,1250,-3989,387,-308,0,0
8040665564,826.245,366.671,592.554,2703.750,-31666.250,3010.000,23.797,13545,6011,9714,309,-3619,344,-308,0,0
8040674972,770.491,349.164,598.776,-3710.000,-32987.500,1548.750,23.797,12631,5724,9816,-424,-3770,177,-308,0,0
8040684385,739.381,343.186,588.772,-10001.250,-36382.500,-1881.250,23.797,12121,5626,9652,-1143,-4158,-215,-308,0,0
8040693791,701.073,315.797,568.154,-14113.750,-40836.250,-3071.250,23.797,11493,5177,9314,-1613,-4667,-351,-308,0,0
8040703199,688.263,253.516,528.992,-13011.250,-46698.750,-2493.750,23.797,11283,4156,8672,-1487,-5337,-285,-308,0,0
8040712612,743.224,189.466,490.928,1531.250,-52281.250,-2362.500,23.777,12184,3106,8048,175,-5975,-270,-313,0,0
8040722017,778.360,242.536,397.049,13912.500,-57085.000,-7446.250,23.777,12760,3976,6509,1590,-6524,-851,-313,0,0
8040731432,724.070,249.734,296.948,6098.750,-58738.750,-15662.500,23.820,11870,4094,4868,697,-6713,-1790,-302,0,0
8040740839,688.812,244.549,298.656,-96.250,-55510.000,-18663.750,23.820,11292,4009,4896,-11,-6344,-2133,-302,0,0
8040750245,748.714,248.636,425.109,-6973.750,-50960.000,-20536.250,23.789,12274,4076,6969,-797,-5824,-2347,-310,0,0
8040759660,828.014,305.854,579.500,-9380.000,-50233.750,-21630.000,23.789,13574,5014,9500,-1072,-5741,-2472,-310,0,0
8040769066,903.044,350.018,688.446,-8260.000,-51415.000,-18401.250,23.793,14804,5738,11286,-944,-5876,-2103,-309,0,0
8040778478,975.390,361.852,744.566,-595.000,-49385.000,-13833.750,23.793,15990,5932,12206,-68,-5644,-1581,-309,0,0
8040787886,958.798,348.127,680.638,11025.000,-45333.750,-11226.250,23.785,15718,5707,11158,1260,-5181,-1283,-311,0,0
8040797293,887.062,365.451,537.715,20116.250,-40433.750,-9511.250,23.785,14542,5991,8815,2299,-4621,-1087,-311,0,0
8040806706,813.984,386.496,401.563,21393.750,-36102.500,-6763.750,23.801,13344,6336,6583,2445,-4126,-773,-307,0,0
8040816114,795.684,369.416,322.019,16563.750,-33486.250,-2738.750,23.801,13044,6056,5279,1893,-3827,-313,-307,0,0
8040825521,829.844,338.611,325.435,8610.000,-31788.750,-428.750,23.766,13604,5551,5335,984,-3633,-49,-316,0,0
8040834932,864.797,306.220,364.353,971.250,-31753.750,-315.000,23.766,14177,5020,5973,111,-3629,-36,-316,0,0
8040844340,887.855,299.510,398.086,-3727.500,-33057.500,-2633.750,23.801,14555,4910,6526,-426,-3778,-301,-307,0,0
8040853753,903.105,306.464,418.704,-4550.000,-34151.250,-5013.750,23.801,14805,5024,6864,-520,-3903,-573,-307,0,0
8040863160,916.647,324.581,409.981,-2441.250,-32392.500,-6133.750,23.781,15027,5321,6721,-279,-3702,-701,-312,0,0
8040872571,913.963,344.955,400.892,-1890.000,-27168.750,-5635.000,23.781,14983,5655,6572,-216,-3105,-644,-312,0,0
8040881979,903.654,343.247,425.536,-2870.000,-20405.000,-4646.250,23.770,14814,5627,6976,-328,-2332,-531,-315,0,0
8040891386,896.029,321.897,457.988,-2485.000,-15688.750,-4716.250,23.770,14689,5277,7508,-284,-1793,-539,-315,0,0
8040900794,865.468,312.137,471.896,-1172.500,-13825.000,-6282.500,23.801,14188,5117,7736,-134,-1580,-718,-307,0,0
8040910207,807.579,332.511,471.713,297.500,-14218.750,-7542.500,23.801,13239,5451,7733,34,-1625,-862,-307,0,0
8040919614,762.866,367.952,470.310,1120.000,-16703.750,-6133.750,23.770,12506,6032,7710,128,-1909,-701,-315,0,0
8040929029,767.197,376.248,481.778,-78.750,-19591.250,-1776.250,23.770,12577,6168,7898,-9,-2239,-203,-315,0,0
8040938435,801.784,346.602,513.315,-936.250,-21936.250,2415.000,23.801,13144,5682,8415,-107,-2507,276,-307,0,0
8040947841,846.558,316.041,521.306,997.500,-24228.750,4278.750,23.801,13878,5181,8546,114,-2769,489,-307,0,0
8040957256,879.132,298.412,479.704,5145.000,-25961.250,3762.500,23.746,14412,4892,7864,588,-2967,430,-321,0,0
8040966662,882.182,309.270,417.789,8566.250,-25690.000,1881.250,23.746,14462,5070,6849,979,-2936,215,-321,0,0
8040976075,877.302,329.400,384.605,9318.750,-23668.750,350.000,23.773,14382,5400,6305,1065,-2705,40,-314,0,0
8040985483,874.984,333.487,378.566,7822.500,-21490.000,-376.250,23.773,14344,5467,6206,894,-2456,-43,-314,0,0
8040994890,872.117,325.374,394.060,5888.750,-20116.250,-875.000,23.809,14297,5334,6460,673,-2299,-100,-305,0,0
8041004298,874.069,325.801,403.027,4961.250,-19337.500,-1198.750,23.809,14329,5341,6607,567,-2210,-137,-305,0,0
8041013711,876.570,334.036,388.204,3963.750,-18296.250,-472.500,23.789,14370,5476,6364,453,-2091,-54,-310,0,0
8041023117,872.544,339.709,389.180,1207.500,-16056.250,892.500,23.789,14304,5569,6380,138,-1835,102,-310,0,0
8041032526,857.782,332.938,437.248,-1828.750,-13720.000,2336.250,23.789,14062,5458,7168,-209,-1568,267,-310,0,0
8041041939,863.821,310.734,470.493,-2213.750,-13658.750,3141.250,23.789,14161,5094,7713,-253,-1561,359,-310,0,0
8041051347,861.320,294.081,472.018,-148.750,-15478.750,2695.000,23.797,14120,4821,7738,-17,-1769,308,-308,0,0
8041060753,880.535,283.833,454.877,2380.000,-17613.750,945.000,23.797,14435,4653,7457,272,-2013,108,-308,0,0
8041070167,896.700,284.565,434.442,4497.500,-18497.500,-2047.500,23.789,14700,4665,7122,514,-2114,-234,-310,0,0
8041079572,890.478,290.116,431.636,4865.000,-18488.750,-4882.500,23.789,14598,4756,7076,556,-2113,-558,-310,0,0
8041088986,924.943,299.571,404.796,4068.750,-18943.750,-7735.000,23.852,15163,4911,6636,465,-2165,-884,-294,0,0
8041098392,867.725,331.718,402.478,2021.250,-16056.250,-9117.500,23.852,14225,5438,6598,231,-1835,-1042,-294,0,0
8041107800,859.612,331.901,442.433,726.250,-14516.250,-8216.250,23.813,14092,5441,7253,83,-1659,-939,-304,0,0
8041117214,866.200,331.535,456.524,813.750,-14183.750,-6842.500,23.813,14200,5435,7484,93,-1621,-782,-304,0,0
8041126621,838.933,321.531,520.818,1925.000,-13405.000,-4655.000,23.828,13753,5271,8538,220,-1532,-532,-300,0,0
8041136033,824.598,306.647,562.054,4497.500,-15461.250,-3307.500,23.828,13518,5027,9214,514,-1767,-378,-300,0,0
8041145441,826.916,286.456,572.485,11025.000,-19075.000,-1820.000,23.789,13556,4696,9385,1260,-2180,-208,-310,0,0
8041154847,819.413,269.071,571.814,18191.250,-22163.750,-1592.500,23.789,13433,4411,9374,2079,-2533,-182,-310,0,0
8041164261,807.274,268.644,515.145,26993.750,-22820.000,-1548.750,23.828,13234,4404,8445,3085,-2608,-177,-300,0,0
8041173668,828.929,308.355,436.638,34037.500,-19145.000,-743.750,23.828,13589,5055,7158,3890,-2188,-85,-300,0,0
8041183075,867.481,313.967,399.367,39410.000,-12643.750,2581.250,23.754,14221,5147,6547,4504,-1445,295,-319,0,0
8041192483,880.291,352.336,305.549,41720.000,-5451.250,5180.000,23.754,14431,5776,5009,4768,-623,592,-319,0,0
8041201897,933.117,312.991,310.917,42428.750,3185.000,9878.750,23.805,15297,5131,5097,4849,364,1129,-306,0,0
8041211305,952.210,304.939,290.726,40880.000,4488.750,9345.000,23.805,15610,4999,4766,4672,513,1068,-306,0,0
8041220711,964.654,329.705,165.981,38158.750,-1610.000,6081.250,23.793,15814,5405,2721,4361,-184,695,-309,0,0
8041230124,998.997,325.435,67.771,28691.250,-2992.500,3132.500,23.793,16377,5335,1111,3279,-342,358,-309,0,0
8041239533,1022.116,395.402,-45.384,12783.750,-236.250,-1785.000,23.828,16756,6482,-744,1461,-27,-204,-300,0,0
8041248945,1027.179,447.557,14.701,-5801.250,13107.500,-743.750,23.828,16839,7337,241,-663,1498,-85,-300,0,0
8041258351,963.373,411.262,183.427,-23983.750,21901.250,4856.250,23.770,15793,6742,3007,-2741,2503,555,-315,0,0
8041267759,980.514,371.978,265.777,-35638.750,25217.500,10071.250,23.770,16074,6098,4357,-4073,2882,1151,-315,0,0
8041277172,882.731,383.141,426.573,-46121.250,26696.250,15548.750,23.848,14471,6281,6993,-5271,3051,1777,-295,0,0
8041286577,824.415,406.260,476.471,-48912.500,24115.000,24500.000,23.848,13515,6660,7811,-5590,2756,2800,-295,0,0
8041295990,863.577,308.721,500.871,-47433.750,22163.750,32777.500,23.813,14157,5061,8211,-5421,2533,3746,-304,0,0
8041305398,756.278,261.873,592.798,-46567.500,21192.500,32366.250,23.813,12398,4293,9718,-5322,2422,3699,-304,0,0
8041314811,789.401,209.352,683.688,-36706.250,16791.250,32996.250,23.758,12941,3432,11208,-4195,1919,3771,-318,0,0
8041324217,790.133,182.939,726.937,-23231.250,11917.500,34142.500,23.758,12953,2999,11917,-2655,1362,3902,-318,0,0
8041333625,696.681,214.781,808.250,-12923.750,10010.000,33512.500,23.801,11421,3521,13250,-1477,1144,3830,-307,0,0
8041343038,738.954,177.571,826.916,2371.250,1925.000,32340.000,23.801,12114,2911,13556,271,220,3696,-307,0,0
8041352447,767.746,167.994,738.710,17246.250,-8268.750,27947.500,23.801,12586,2754,12110,1971,-945,3194,-307,0,0
8041361854,801.235,134.505,653.798,29645.000,-15400.000,22181.250,23.801,13135,2205,10718,3388,-1760,2535,-307,0,0
8041371261,799.588,166.774,534.726,36400.000,-22846.250,11016.250,23.785,13108,2734,8766,4160,-2611,1259,-311,0,0
8041380675,870.592,220.942,483.730,43146.250,-23695.000,5145.000,23.785,14272,3622,7930,4931,-2708,588,-311,0,0
8041390082,826.062,240.218,427.488,47950.000,-23502.500,1067.500,23.781,13542,3938,7008,5480,-2686,122,-312,0,0
8041399490,921.405,273.646,305.671,53488.750,-21341.250,-2047.500,23.781,15105,4486,5011,6113,-2439,-234,-312,0,0
8041408904,879.376,345.016,232.044,55361.250,-12302.500,-2913.750,23.816,14416,5656,3804,6327,-1406,-333,-303,0,0
8041418312,938.058,318.115,224.663,50286.250,-5180.000,-7428.750,23.816,15378,5215,3683,5747,-592,-849,-303,0,0
8041427719,882.853,350.811,162.138,40503.750,-1417.500,-13291.250,23.813,14473,5751,2658,4629,-162,-1519,-304,0,0
8041437132,996.252,406.199,202.703,28927.500,-446.250,-15828.750,23.813,16332,6659,3323,3306,-51,-1809,-304,0,0
8041446540,955.809,270.657,204.228,16065.000,-4471.250,-20965.000,23.762,15669,4437,3348,1836,-511,-2396,-317,0,0
8041455946,1070.794,247.233,62.769,2021.250,-9651.250,-24867.500,23.762,17554,4053,1029,231,-1103,-2842,-317,0,0
8041465354,1047.492,301.279,126.636,-8365.000,-1583.750,-20011.250,23.789,17172,4939,2076,-956,-181,-2287,-310,0,0
8041474767,1034.499,291.153,189.100,-10438.750,7253.750,-12285.000,23.789,16959,4773,3100,-1193,829,-1404,-310,0,0
8041484175,1017.907,282.674,210.267,-9021.250,10797.500,-6457.500,23.801,16687,4634,3447,-1031,1234,-738,-307,0,0
8041493583,1112.945,314.394,121.085,-9966.250,13693.750,-1890.000,23.801,18245,5154,1985,-1139,1565,-216,-307,0,0
8041502997,1201.944,301.035,75.701,-22085.000,28192.500,-2231.250,23.805,19704,4935,1241,-2524,3222,-255,-306,0,0
8041512405,1125.755,267.485,223.321,-36995.000,49551.250,-5495.000,23.805,18455,4385,3661,-4228,5663,-628,-306,0,0
8041521810,1003.023,226.981,410.042,-46200.000,62282.500,-8942.500,23.832,16443,3721,6722,-5280,7118,-1022,-299,0,0
8041531225,892.491,193.248,532.896,-47451.250,62667.500,-11462.500,23.832,14631,3168,8736,-5423,7162,-1310,-299,0,0
8041540633,767.868,178.608,607.682,-45377.500,54775.000,-13352.500,23.789,12588,2928,9962,-5186,6260,-1526,-310,0,0
8041550039,641.720,174.338,695.644,-42901.250,38080.000,-13798.750,23.789,10520,2858,11404,-4903,4352,-1577,-310,0,0
8041559447,553.514,194.468,710.650,-36470.000,15286.250,-12057.500,23.801,9074,3188,11650,-4168,1747,-1378,-307,0,0
8041568861,545.096,213.622,695.644,-29120.000,-4961.250,-8163.750,23.801,8936,3502,11404,-3328,-567,-933,-307,0,0
8041578269,575.901,240.950,694.668,-20247.500,-19495.000,-4130.000,23.770,9441,3950,11388,-2314,-2228,-472,-315,0,0
8041587675,610.671,255.163,762.134,-13457.500,-31053.750,-700.000,23.770,10011,4183,12494,-1538,-3549,-80,-315,0,0
8041597089,683.627,241.926,764.696,-4900.000,-42796.250,1680.000,23.793,11207,3966,12536,-560,-4891,192,-309,0,0
8041606497,812.276,237.656,664.229,5897.500,-47293.750,1811.250,23.793,13316,3896,10889,674,-5405,207,-309,0,0
8041615904,868.457,270.535,574.132,13860.000,-39445.000,-262.500,23.832,14237,4435,9412,1584,-4508,-30,-299,0,0
8041625319,870.043,317.932,570.899,18103.750,-24692.500,-1881.250,23.832,14263,5212,9359,2069,-2822,-215,-299,0,0
8041634726,830.576,318.237,594.018,22365.000,-9940.000,-1058.750,23.777,13616,5217,9738,2556,-1136,-121,-313,0,0
8041644134,790.194,303.902,608.902,26451.250,953.750,1032.500,23.777,12954,4982,9982,3023,109,118,-313,0,0
8041653541,737.368,283.101,662.033,29706.250,4515.000,3185.000,23.754,12088,4641,10853,3395,516,364,-319,0,0
8041662954,740.418,253.760,643.916,33608.750,-3211.250,5022.500,23.754,12138,4160,10556,3841,-367,574,-319,0,0
8041672362,808.738,244.305,532.530,37038.750,-13763.750,5302.500,23.789,13258,4005,8730,4233,-1573,606,-310,0,0
8041681768,887.672,248.209,424.194,37012.500,-19460.000,4095.000,23.789,14552,4069,6954,4230,-2224,468,-310,0,0
8041691182,920.429,270.779,356.057,33976.250,-19713.750,2170.000,23.789,15089,4439,5837,3883,-2253,248,-310,0,0
8041700590,949.709,299.571,312.503,29198.750,-19337.500,385.000,23.789,15569,4911,5123,3337,-2210,44,-310,0,0
8041709996,994.910,302.560,280.478,23703.750,-18786.250,-1172.500,23.797,16310,4960,4598,2709,-2147,-134,-308,0,0
8041719412,1015.101,292.495,241.621,17377.500,-15872.500,-3307.500,23.797,16641,4795,3961,1986,-1814,-378,-308,0,0
8041728819,1008.879,287.859,237.107,11322.500,-9922.500,-6046.250,23.785,16539,4719,3887,1294,-1134,-691,-311,0,0
8041738226,981.795,295.301,265.289,6370.000,-2826.250,-8653.750,23.785,16095,4841,4349,728,-323,-989,-311,0,0
8041747633,932.446,310.551,309.636,2765.000,3228.750,-9975.000,23.789,15286,5091,5076,316,369,-1140,-310,0,0
8041757047,893.406,315.004,369.538,-210.000,7201.250,-9633.750,23.789,14646,5164,6058,-24,823,-1101,-310,0,0
8041766454,868.335,297.131,432.612,-1776.250,9432.500,-8741.250,23.797,14235,4871,7092,-203,1078,-999,-308,0,0
8041775868,840.031,282.552,487.756,-1881.250,9975.000,-8601.250,23.797,13771,4632,7996,-215,1140,-983,-308,0,0
8041785276,808.616,284.321,529.236,-446.250,7988.750,-8653.750,23.801,13256,4661,8676,-51,913,-989,-307,0,0
8041794683,778.848,300.974,533.811,2117.500,4418.750,-7078.750,23.801,12768,4934,8751,242,505,-809,-307,0,0
8041804091,766.099,308.294,537.166,4103.750,770.000,-3351.250,23.750,12559,5054,8806,469,88,-383,-320,0,0
8041813505,793.610,289.140,551.013,6431.250,-2957.500,218.750,23.750,13010,4740,9033,735,-338,25,-320,0,0
8041822911,839.726,261.507,535.336,9301.250,-7393.750,1391.250,23.813,13766,4287,8776,1063,-845,159,-304,0,0
8041832319,863.455,257.176,491.782,11672.500,-11173.750,157.500,23.813,14155,4216,8062,1334,-1277,18,-304,0,0
8041841733,869.250,278.892,452.864,12600.000,-12521.250,-1426.250,23.809,14250,4572,7424,1440,-1431,-163,-305,0,0
8041851141,872.239,292.434,434.076,11996.250,-11576.250,-1776.250,23.809,14299,4794,7116,1371,-1323,-203,-305,0,0
8041860548,865.773,289.262,444.019,10946.250,-9905.000,-1426.250,23.781,14193,4742,7279,1251,-1132,-163,-312,0,0
8041869955,866.200,275.232,461.038,10710.000,-9695.000,-708.750,23.781,14200,4512,7558,1224,-1108,-81,-312,0,0
8041879371,870.653,265.716,457.622,11978.750,-10386.250,-175.000,23.813,14273,4356,7502,1369,-1187,-20,-304,0,0
8041888777,865.773,271.267,448.289,12993.750,-11051.250,-367.500,23.813,14193,4447,7349,1485,-1263,-42,-304,0,0
8041898184,853.695,293.471,421.388,13133.750,-11628.750,350.000,23.813,13995,4811,6908,1501,-1329,40,-304,0,0
8041907598,879.498,297.070,418.399,11838.750,-11366.250,1610.000,23.813,14418,4870,6859,1353,-1299,184,-304,0,0
8041917006,1018.944,261.324,357.216,9178.750,-10158.750,-105.000,23.809,16704,4284,5856,1049,-1161,-12,-305,0,0
8041926414,878.583,286.212,382.409,5792.500,-4812.500,-3027.500,23.809,14403,4692,6269,662,-550,-346,-305,0,0
8041935822,887.367,321.592,373.320,4970.000,-3561.250,-2310.000,23.789,14547,5272,6120,568,-407,-264,-310,0,0
8041945229,896.090,287.432,405.345,1890.000,-1426.250,-717.500,23.789,14690,4712,6645,216,-163,-82,-310,0,0
8041954642,887.245,254.492,430.294,-157.500,-936.250,87.500,23.820,14545,4172,7054,-18,-107,10,-302,0,0
8041964051,888.465,250.405,462.441,-831.250,-1741.250,-315.000,23.820,14565,4105,7581,-95,-199,-36,-302,0,0
8041973457,885.537,241.560,484.523,-822.500,-5188.750,-1181.250,23.742,14517,3960,7943,-94,-593,-135,-322,0,0
8041982872,916.525,258.152,433.466,-43.750,-9196.250,-1085.000,23.742,15025,4232,7106,-5,-1051,-124,-322,0,0
8041992279,903.715,290.848,376.187,201.250,-11383.750,1260.000,23.824,14815,4768,6167,23,-1301,144,-301,0,0
8042001686,948.367,288.225,290.543,-2791.250,-14052.500,568.750,23.824,15547,4725,4763,-319,-1606,65,-301,0,0
8042011101,940.132,313.784,254.492,-7227.500,-10972.500,542.500,23.793,15412,5144,4172,-826,-1254,62,-309,0,0
8042020508,927.749,322.751,290.116,-10622.500,-7446.250,665.000,23.793,15209,5291,4756,-1214,-851,76,-309,0,0
8042029916,908.778,273.280,319.396,-10815.000,-5285.000,402.500,23.777,14898,4480,5236,-1236,-604,46,-313,0,0
8042039329,896.761,252.296,369.172,-11375.000,-4060.000,-4025.000,23.777,14701,4136,6052,-1300,-464,-460,-313,0,0
8042048736,880.169,299.449,424.987,-9555.000,-6230.000,-8697.500,23.813,14429,4909,6967,-1092,-712,-994,-304,0,0
8042058143,832.284,307.074,540.765,-7603.750,-5862.500,-11506.250,23.813,13644,5034,8865,-869,-670,-1315,-304,0,0
8042067557,742.187,293.471,678.259,-3928.750,-10648.750,-13046.250,23.750,12167,4811,11119,-449,-1217,-1491,-320,0,0
8042076964,803.553,308.721,587.857,4243.750,-16983.750,-12188.750,23.750,13173,5061,9637,485,-1941,-1393,-320,0,0
8042086372,746.823,267.302,682.773,7997.500,-14358.750,-11602.500,23.781,12243,4382,11193,914,-1641,-1326,-312,0,0
8042095779,773.358,249.429,695.278,14805.000,-17920.000,-11322.500,23.781,12678,4089,11398,1692,-2048,-1294,-312,0,0
8042105193,788.852,236.192,619.150,21560.000,-21822.500,-10421.250,23.785,12932,3872,10150,2464,-2494,-1191,-311,0,0
8042114599,849.059,245.525,536.129,24981.250,-23038.750,-8837.500,23.785,13919,4025,8789,2855,-2633,-1010,-311,0,0
8042124007,882.243,232.105,486.719,26608.750,-21026.250,-6667.500,23.809,14463,3805,7979,3041,-2403,-762,-305,0,0
8042133421,865.712,231.556,385.459,27466.250,-15942.500,-3867.500,23.809,14192,3796,6319,3139,-1822,-442,-305,0,0
8042142828,900.177,270.901,382.226,27667.500,-4261.250,1890.000,23.773,14757,4441,6266,3162,-487,216,-314,0,0
8042152236,908.412,271.633,368.806,28210.000,5512.500,9520.000,23.773,14892,4453,6046,3224,630,1088,-314,0,0
8042161644,958.188,265.472,320.067,27317.500,14253.750,16642.500,23.824,15708,4352,5247,3122,1629,1902,-301,0,0
8042171058,1004.243,280.356,328.302,22968.750,21498.750,23100.000,23.824,16463,4596,5382,2625,2457,2640,-301,0,0
8042180464,889.990,304.024,263.825,16371.250,21385.000,24473.750,23.801,14590,4984,4325,1871,2444,2797,-307,0,0
8042189872,991.372,302.499,204.533,9257.500,18471.250,25243.750,23.801,16252,4959,3353,1058,2111,2885,-307,0,0
8042199286,948.245,313.662,145.180,1137.500,18733.750,25926.250,23.785,15545,5142,2380,130,2141,2963,-311,0,0
8042208694,1068.659,249.307,122.122,-9896.250,21052.500,22286.250,23.785,17519,4087,2002,-1131,2406,2547,-311,0,0
8042218100,945.073,350.933,183.305,-19162.500,24893.750,16100.000,23.859,15493,5753,3005,-2190,2845,1840,-292,0,0
8042227514,910.547,412.543,267.363,-23607.500,25462.500,19285.000,23.859,14927,6763,4383,-2698,2910,2204,-292,0,0
8042236922,949.953,273.341,344.223,-32768.750,21630.000,17036.250,23.789,15573,4481,5643,-3745,2472,1947,-310,0,0
8042246329,894.992,193.614,463.356,-32865.000,16205.000,12258.750,23.789,14672,3174,7596,-3756,1852,1401,-310,0,0
8042255742,913.719,150.304,472.140,-21315.000,4663.750,3447.500,23.816,14979,2464,7740,-2436,533,394,-303,0,0
8042265150,838.628,139.141,540.948,-16406.250,-4865.000,-11987.500,23.816,13748,2281,8868,-1875,-556,-1370,-303,0,0
8042274557,841.556,191.662,548.512,-14971.250,-16975.000,-29286.250,23.789,13796,3142,8992,-1711,-1940,-3347,-310,0,0
8042283965,936.045,261.568,532.225,-12766.250,-20326.250,-42805.000,23.789,15345,4288,8725,-1459,-2323,-4892,-310,0,0
8042293379,921.222,333.609,592.615,-10176.250,-12880.000,-51082.500,23.750,15102,5469,9715,-1163,-1472,-5838,-320,0,0
8042302786,805.078,324.520,649.772,-8951.250,-7875.000,-54906.250,23.750,13198,5320,10652,-1023,-900,-6275,-320,0,0
8042312193,676.978,323.483,630.069,-8680.000,-11847.500,-54670.000,23.734,11098,5303,10329,-992,-1354,-6248,-324,0,0
8042321608,633.790,314.394,575.413,-5775.000,-19748.750,-50137.500,23.734,10390,5154,9433,-660,-2257,-5730,-324,0,0
8042331016,646.966,307.074,574.620,-297.500,-26118.750,-42831.250,23.836,10606,5034,9420,-34,-2985,-4895,-298,0,0
8042340422,711.382,287.981,603.107,2248.750,-32567.500,-36793.750,23.836,11662,4721,9887,257,-3722,-4205,-298,0,0
8042349835,783.057,266.814,614.087,5136.250,-38893.750,-32847.500,23.801,12837,4374,10067,587,-4445,-3754,-307,0,0
8042359243,805.566,254.431,589.687,9563.750,-45053.750,-30581.250,23.801,13206,4171,9667,1093,-5149,-3495,-307,0,0
8042368649,811.605,268.034,506.361,13483.750,-50426.250,-27947.500,23.805,13305,4394,8301,1541,-5763,-3194,-306,0,0
8042378064,793.061,253.211,441.945,15522.500,-51738.750,-24193.750,23.805,13001,4151,7245,1774,-5913,-2765,-306,0,0
8042387471,849.425,308.355,405.772,19512.500,-50531.250,-20151.250,23.793,13925,5055,6652,2230,-5775,-2303,-309,0,0
8042396878,879.498,382.531,361.181,18961.250,-46926.250,-12582.500,23.793,14418,6271,5921,2167,-5363,-1438,-309,0,0
8042406287,1323.151,306.098,250.954,11095.000,-39296.250,-5827.500,23.746,21691,5018,4114,1268,-4491,-666,-321,0,0
8042415700,909.876,264.679,267.424,1627.500,-15181.250,-6790.000,23.746,14916,4339,4384,186,-1735,-776,-321,0,0
8042425108,880.901,273.219,375.455,-1496.250,-6930.000,-3937.500,23.789,14441,4479,6155,-171,-792,-450,-310,0,0
8042434515,968.436,280.844,237.595,-192.500,-3368.750,-131.250,23.789,15876,4604,3895,-22,-385,-15,-310,0,0
8042443930,923.113,353.190,293.959,-4112.500,11838.750,7201.250,23.801,15133,5790,4819,-470,1353,823,-307,0,0
8042453336,943.731,351.970,345.565,-3683.750,27352.500,22382.500,23.801,15471,5770,5665,-421,3126,2558,-307,0,0
8042462743,859.673,364.719,391.010,-4016.250,43916.250,36968.750,23.770,14093,5979,6410,-459,5019,4225,-315,0,0
8042472157,819.535,354.410,489.830,-2222.500,54521.250,50391.250,23.770,13435,5810,8030,-254,6231,5759,-315,0,0
8042481563,858.880,344.589,460.367,-1933.750,54512.500,60401.250,23.785,14080,5649,7547,-221,6230,6903,-311,0,0
8042490970,861.564,352.275,424.743,-8207.500,55037.500,67462.500,23.785,14124,5775,6963,-938,6290,7710,-311,0,0
8042500385,823.988,330.986,455.914,-8522.500,58467.500,76142.500,23.828,13508,5426,7474,-974,6682,8702,-300,0,0
8042509793,903.288,237.229,519.598,306.250,55020.000,78863.750,23.828,14808,3889,8518,35,6288,9013,-300,0,0
8042519200,860.954,186.538,587.491,7630.000,44738.750,73841.250,23.828,14114,3058,9631,872,5113,8439,-300,0,0
8042528614,807.457,102.968,561.444,14498.750,27571.250,59500.000,23.828,13237,1688,9204,1657,3151,6800,-300,0,0
8042538022,868.762,57.462,527.040,16292.500,11410.000,39480.000,23.789,14242,942,8640,1862,1304,4512,-310,0,0
8042547428,904.630,48.739,498.492,16843.750,-70.000,18068.750,23.789,14830,799,8172,1925,-8,2065,-310,0,0
8042556835,903.532,158.539,459.452,18200.000,-6956.250,-1636.250,23.785,14812,2599,7532,2080,-795,-187,-311,0,0
8042566250,955.687,256.078,404.186,17885.000,-9660.000,-15680.000,23.785,15667,4198,6626,2044,-1104,-1792,-311,0,0
8042575657,943.182,250.710,401.014,12057.500,-7603.750,-28463.750,23.828,15462,4110,6574,1378,-869,-3253,-300,0,0
8042585065,863.028,206.302,493.002,8190.000,-5538.750,-40503.750,23.828,14148,3382,8082,936,-633,-4629,-300,0,0
8042594478,778.604,165.066,569.618,9572.500,-10937.500,-53996.250,23.820,12764,2706,9338,1094,-1250,-6171,-302,0,0
8042603885,693.997,198.555,556.076,13763.750,-22986.250,-61311.250,23.820,11377,3255,9116,1573,-2627,-7007,-302,0,0
8042613293,629.581,349.835,471.164,16791.250,-33801.250,-51747.500,23.797,10321,5735,7724,1919,-3863,-5914,-308,0,0
8042622707,632.570,609.085,521.062,17990.000,-37721.250,-28988.750,23.797,10370,9985,8542,2056,-4311,-3313,-308,0,0
8042632115,662.704,473.787,563.518,10080.000,-44730.000,-761.250,23.797,10864,7767,9238,1152,-5112,-87,-308,0,0
8042641520,1232.261,152.134,242.231,-358.750,-48247.500,10272.500,23.797,20201,2494,3971,-41,-5514,1174,-308,0,0
8042650935,890.783,53.375,461.404,-12451.250,-18357.500,-306.250,23.824,14603,875,7564,-1423,-2098,-35,-301,0,0
8042660343,896.517,245.098,413.275,-4742.500,-24150.000,-4025.000,23.824,14697,4018,6775,-542,-2760,-460,-301,0,0
8042669750,984.906,295.057,183.305,-866.250,-26713.750,-3325.000,23.758,16146,4837,3005,-99,-3053,-380,-318,0,0
8042679157,946.049,228.140,271.511,-8968.750,-18970.000,-2738.750,23.758,15509,3740,4451,-1025,-2168,-313,-318,0,0
8042688570,978.501,262.056,210.694,-10570.000,-13877.500,-3605.000,23.789,16041,4296,3454,-1208,-1586,-412,-310,0,0
8042697978,922.564,306.281,336.415,-11068.750,-6597.500,-2633.750,23.789,15124,5021,5515,-1265,-754,-301,-310,0,0
8042707386,893.955,292.373,385.459,-13431.250,-5311.250,-481.250,23.824,14655,4793,6319,-1535,-607,-55,-301,0,0
8042716799,865.346,251.503,459.269,-12740.000,-5162.500,1277.500,23.824,14186,4123,7529,-1456,-590,146,-301,0,0
8042726207,818.620,232.227,513.559,-7936.250,-3456.250,927.500,23.820,13420,3807,8419,-907,-395,106,-302,0,0
8042735614,785.497,239.364,619.516,-7000.000,-1872.500,-1321.250,23.820,12877,3924,10156,-800,-214,-151,-302,0,0
8042745022,768.234,260.592,688.385,-2310.000,-805.000,-726.250,23.785,12594,4272,11285,-264,-92,-83,-311,0,0
8042754435,775.859,224.663,772.443,6501.250,-2485.000,1811.250,23.785,12719,3683,12663,743,-284,207,-311,0,0
8042763842,799.649,194.712,670.451,16502.500,-10648.750,2992.500,23.805,13109,3192,10991,1886,-1217,342,-306,0,0
8042773250,788.852,271.755,526.125,26740.000,-9310.000,7201.250,23.805,12932,4455,8625,3056,-1064,823,-306,0,0
8042782664,854.427,309.331,492.575,34851.250,227.500,16738.750,23.820,14007,5071,8075,3983,26,1913,-302,0,0
8042792072,903.715,228.811,455.182,37030.000,6256.250,23266.250,23.820,14815,3751,7462,4232,715,2659,-302,0,0
8042801478,962.824,213.866,339.892,34387.500,3062.500,23660.000,23.793,15784,3506,5572,3930,350,2704,-309,0,0
8042810892,976.732,233.935,217.831,26048.750,-2065.000,19503.750,23.793,16012,3835,3571,2977,-236,2229,-309,0,0
8042820300,996.008,231.739,179.462,14227.500,-1968.750,14402.500,23.785,16328,3799,2942,1626,-225,1646,-311,0,0
8042829707,987.834,246.196,158.051,6370.000,455.000,11480.000,23.785,16194,4036,2591,728,52,1312,-311,0,0
8042839122,999.668,251.137,172.996,1487.500,5783.750,10228.750,23.809,16388,4117,2836,170,661,1169,-305,0,0
8042848528,1007.659,253.028,203.984,-1286.250,8933.750,10045.000,23.809,16519,4148,3344,-147,1021,1148,-305,0,0
8042857935,1015.467,251.137,225.395,-638.750,13518.750,12302.500,23.797,16647,4117,3695,-73,1545,1406,-308,0,0
8042867350,996.191,246.867,279.746,831.250,10902.500,14936.250,23.797,16331,4047,4586,95,1246,1707,-308,0,0
8042876757,1012.783,187.148,243.817,-1155.000,5013.750,13755.000,23.824,16603,3068,3997,-132,573,1572,-301,0,0
8042886165,970.998,92.293,302.072,-9537.500,-5040.000,7096.250,23.824,15918,1513,4952,-1090,-576,811,-301,0,0
8042895571,1049.871,71.736,205.082,-14472.500,-16992.500,-3780.000,23.785,17211,1176,3362,-1654,-1942,-432,-311,0,0
8042904986,986.248,130.174,234.240,-20685.000,-18112.500,-14656.250,23.785,16168,2134,3840,-2364,-2070,-1675,-311,0,0
8042914393,977.464,191.723,311.893,-24403.750,-18427.500,-20536.250,23.816,16024,3143,5113,-2789,-2106,-2347,-303,0,0
8042923799,978.013,192.150,374.601,-26985.000,-14341.250,-23415.000,23.816,16033,3150,6141,-3084,-1639,-2676,-303,0,0
8042933214,991.494,148.718,461.038,-27615.000,-3832.500,-26652.500,23.816,16254,2438,7558,-3156,-438,-3046,-303,0,0
8042942622,923.113,145.180,576.389,-22968.750,11567.500,-31298.750,23.816,15133,2380,9449,-2625,1322,-3577,-303,0,0
8042952029,808.067,191.418,744.810,-11681.250,28752.500,-32830.000,23.801,13247,3138,12210,-1335,3286,-3752,-307,0,0
8042961442,691.008,219.539,895.968,4506.250,43032.500,-29505.000,23.801,11328,3599,14688,515,4918,-3372,-307,0,0
8042970849,573.217,191.784,997.838,20405.000,50347.500,-24360.000,23.813,9397,3144,16358,2332,5754,-2784,-304,0,0
8042980256,507.337,200.507,993.141,38911.250,47381.250,-20335.000,23.813,8317,3287,16281,4447,5415,-2324,-304,0,0
8042989670,511.180,236.375,946.903,54267.500,37528.750,-17115.000,23.785,8380,3875,15523,6202,4289,-1956,-311,0,0
8042999076,551.989,264.374,867.969,63927.500,24036.250,-15260.000,23.785,9049,4334,14229,7306,2747,-1744,-311,0,0
8043008484,561.139,308.172,780.007,67252.500,9800.000,-13868.750,23.820,9199,5052,12787,7686,1120,-1585,-302,0,0
8043017896,552.538,372.344,663.314,67042.500,-6352.500,-9931.250,23.820,9058,6104,10874,7662,-726,-1135,-302,0,0
8043027303,633.912,429.501,524.661,64111.250,-21507.500,-2826.250,23.836,10392,7041,8601,7327,-2458,-323,-298,0,0
8043036717,767.014,422.974,423.767,56621.250,-29837.500,5880.000,23.836,12574,6934,6947,6471,-3410,672,-298,0,0
8043046123,886.208,369.477,372.588,47687.500,-32961.250,11830.000,23.844,14528,6057,6108,5450,-3767,1352,-296,0,0
8043055530,955.626,272.670,322.019,40083.750,-33390.000,12276.250,23.844,15666,4470,5279,4581,-3816,1403,-296,0,0
8043064945,1060.851,258.091,277.184,33600.000,-30668.750,5626.250,23.816,17391,4231,4544,3840,-3505,643,-303,0,0
8043074353,1084.397,279.929,234.179,31570.000,-24403.750,-1671.250,23.816,17777,4589,3839,3608,-2789,-191,-303,0,0
8043083760,1062.071,302.560,208.010,26232.500,-18182.500,-10246.250,23.770,17411,4960,3410,2998,-2078,-1171,-315,0,0
8043093174,1013.271,327.387,196.725,18681.250,-14936.250,-17088.750,23.770,16611,5367,3225,2135,-1707,-1953,-315,0,0
8043102581,975.939,327.570,234.118,10465.000,-12705.000,-20930.000,23.820,15999,5370,3838,1196,-1452,-2392,-302,0,0
8043111988,940.254,312.930,271.938,3535.000,-11033.750,-23712.500,23.820,15414,5130,4458,404,-1261,-2710,-302,0,0
8043121401,899.628,320.311,279.258,-1863.750,-9966.250,-24062.500,23.797,14748,5251,4578,-213,-1139,-2750,-308,0,0
8043130808,853.085,341.112,303.414,-6317.500,-6702.500,-20282.500,23.797,13985,5592,4974,-722,-766,-2318,-308,0,0
8043140215,804.407,344.589,395.829,-9467.500,-2170.000,-12705.000,23.805,13187,5649,6489,-1082,-248,-1452,-306,0,0
8043149629,789.035,325.313,522.343,-8697.500,-1303.750,-4987.500,23.805,12935,5333,8563,-994,-149,-570,-306,0,0
8043159036,831.247,276.391,600.728,-5748.750,-5722.500,393.750,23.777,13627,4531,9848,-657,-654,45,-313,0,0
8043168442,868.030,226.798,600.118,-26.250,-11401.250,1286.250,23.777,14230,3718,9838,-3,-1303,147,-313,0,0
8043177856,876.570,225.090,553.148,6413.750,-15583.750,-1846.250,23.797,14370,3690,9068,733,-1781,-211,-308,0,0
8043187264,877.180,265.045,497.150,10815.000,-17998.750,-5678.750,23.797,14380,4345,8150,1236,-2057,-649,-308,0,0
8043196672,881.694,301.157,454.938,13063.750,-18208.750,-7743.750,23.797,14454,4937,7458,1493,-2081,-885,-308,0,0
8043206079,964.288,301.645,409.737,13545.000,-17097.500,-8505.000,23.797,15808,4945,6717,1548,-1954,-972,-308,0,0
8043215494,885.415,307.379,390.034,11952.500,-12845.000,-8986.250,23.777,14515,5039,6394,1366,-1468,-1027,-313,0,0
8043224901,852.414,294.752,402.051,10377.500,-10132.500,-8347.500,23.777,13974,4832,6591,1186,-1158,-954,-313,0,0
8043234308,886.757,282.552,436.394,10115.000,-7883.750,-7297.500,23.773,14537,4632,7154,1156,-901,-834,-314,0,0
8043243721,852.841,287.310,472.140,12250.000,-5346.250,-6151.250,23.773,13981,4710,7740,1400,-611,-703,-314,0,0
8043253129,868.762,273.280,514.596,15750.000,-4200.000,-4375.000,23.781,14242,4480,8436,1800,-480,-500,-312,0,0
8043262534,824.476,285.114,480.131,20562.500,-3386.250,-2030.000,23.781,13516,4674,7871,2350,-387,-232,-312,0,0
8043271949,892.674,284.199,498.919,24211.250,-1505.000,-315.000,23.813,14634,4659,8179,2767,-172,-36,-304,0,0
8043281356,838.567,321.531,409.554,26048.750,280.000,2476.250,23.813,13747,5271,6714,2977,32,283,-304,0,0
8043290763,892.491,291.153,430.721,26705.000,4331.250,7840.000,23.793,14631,4773,7061,3052,495,896,-309,0,0
8043300179,945.134,281.271,379.969,25366.250,2843.750,8373.750,23.793,15494,4611,6229,2899,325,957,-309,0,0
8043309584,914.512,320.494,286.517,24272.500,1181.250,8715.000,23.793,14992,5254,4697,2774,135,996,-309,0,0
8043318991,965.569,295.606,268.644,21411.250,192.500,9642.500,23.793,15829,4846,4404,2447,22,1102,-309,0,0
8043328406,973.499,314.821,137.677,15522.500,-3780.000,4987.500,23.758,15959,5161,2257,1774,-432,570,-318,0,0
8043337814,989.176,388.936,52.521,8610.000,-1076.250,3123.750,23.758,16216,6376,861,984,-123,357,-318,0,0
8043347221,972.950,389.973,147.315,-2730.000,6921.250,3771.250,23.773,15950,6393,2415,-312,791,431,-314,0,0
8043356634,937.936,317.566,276.818,-11051.250,8120.000,2992.500,23.773,15376,5206,4538,-1263,928,342,-314,0,0
8043366041,924.760,288.164,333.975,-13982.500,3683.750,-1566.250,23.789,15160,4724,5475,-1598,421,-179,-310,0,0
8043375449,853.146,327.448,384.239,-15137.500,-997.500,-7612.500,23.789,13986,5368,6299,-1730,-114,-870,-310,0,0
8043384863,873.154,344.711,443.226,-17500.000,-5416.250,-13037.500,23.809,14314,5651,7266,-2000,-619,-1490,-305,0,0
8043394270,762.500,347.700,582.001,-19468.750,-8347.500,-16520.000,23.809,12500,5700,9541,-2225,-954,-1888,-305,0,0
8043403677,788.974,325.923,616.100,-16458.750,-13685.000,-15531.250,23.781,12934,5343,10100,-1881,-1564,-1775,-312,0,0
8043413090,743.224,306.281,680.028,-13597.500,-10613.750,-12713.750,23.781,12184,5021,11148,-1554,-1213,-1453,-312,0,0
8043422497,766.465,272.365,718.519,-6545.000,-7463.750,-6142.500,23.805,12565,4465,11779,-748,-853,-702,-306,0,0
8043431903,788.120,221.003,770.125,971.250,-7122.500,-918.750,23.805,12920,3623,12625,111,-814,-105,-306,0,0
8043441317,809.836,193.187,662.094,10963.750,-13396.250,1820.000,23.820,13276,3167,10854,1253,-1531,208,-302,0,0
8043450725,861.564,197.579,471.225,17937.500,-15890.000,2467.500,23.820,14124,3239,7725,2050,-1816,282,-302,0,0
8043460132,886.086,270.840,361.181,20072.500,-9546.250,4375.000,23.813,14526,4440,5921,2294,-1091,500,-304,0,0
8043469547,927.871,221.857,375.455,19355.000,-1435.000,7280.000,23.813,15211,3637,6155,2212,-164,832,-304,0,0
8043478953,984.784,250.588,310.063,20903.750,831.250,7341.250,23.813,16144,4108,5083,2389,95,839,-304,0,0
8043488360,951.417,343.125,174.277,21805.000,3998.750,11200.000,23.813,15597,5625,2857,2492,457,1280,-304,0,0
8043497774,977.403,320.006,111.203,14463.750,7026.250,10517.500,23.801,16023,5246,1823,1653,803,1202,-307,0,0
8043507180,984.418,367.403,107.360,4637.500,12460.000,9310.000,23.801,16138,6023,1760,530,1424,1064,-307,0,0
8043516588,969.107,359.595,219.173,-5328.750,17482.500,8925.000,23.809,15887,5895,3593,-609,1998,1020,-305,0,0
8043526002,893.284,334.097,350.018,-11340.000,16835.000,7367.500,23.809,14644,5477,5738,-1296,1924,842,-305,0,0
8043535410,858.880,291.092,446.032,-10911.250,10753.750,5416.250,23.805,14080,4772,7312,-1247,1229,619,-306,0,0
8043544817,860.893,269.010,488.671,-10430.000,2546.250,-2852.500,23.805,14113,4410,8011,-1192,291,-326,-306,0,0
8043554224,790.255,332.084,550.647,-8750.000,-2922.500,-10132.500,23.793,12955,5444,9027,-1000,-334,-1158,-309,0,0
8043563640,781.715,359.656,582.916,-6816.250,-9511.250,-12512.500,23.793,12815,5896,9556,-779,-1087,-1430,-309,0,0
8043573047,780.800,339.404,590.785,-5941.250,-12005.000,-12092.500,23.762,12800,5564,9685,-679,-1372,-1382,-317,0,0
8043582453,763.354,315.614,615.673,-4130.000,-11471.250,-10045.000,23.762,12514,5174,10093,-472,-1311,-1148,-317,0,0
8043591867,812.886,315.919,592.737,-192.500,-11383.750,-5853.750,23.789,13326,5179,9717,-22,-1301,-669,-310,0,0
8043601275,815.631,269.071,576.877,3491.250,-9730.000,-1662.500,23.789,13371,4411,9457,399,-1112,-190,-310,0,0
8043610682,864.187,239.974,537.532,5950.000,-13588.750,-1697.500,23.805,14167,3934,8812,680,-1553,-194,-306,0,0
8043620095,908.412,257.786,410.103,9038.750,-16948.750,-2231.250,23.805,14892,4226,6723,1033,-1937,-255,-306,0,0
8043629503,904.447,249.673,338.733,8382.500,-15688.750,-2948.750,23.813,14827,4093,5553,958,-1793,-337,-304,0,0
8043638910,929.457,265.045,288.957,5188.750,-12346.250,-4217.500,23.813,15237,4345,4737,593,-1411,-482,-304,0,0
8043648317,919.087,283.650,305.671,1898.750,-6326.250,-3605.000,23.824,15067,4650,5011,217,-723,-412,-301,0,0
8043657731,913.231,277.855,325.435,-1146.250,-1181.250,-2065.000,23.824,14971,4555,5335,-131,-135,-236,-301,0,0
8043667138,917.135,294.752,364.536,-3640.000,3500.000,-297.500,23.809,15035,4832,5976,-416,400,-34,-305,0,0
8043676546,886.086,301.523,420.107,-3421.250,7148.750,3421.250,23.809,14526,4943,6887,-391,817,391,-305,0,0
8043685959,883.768,288.164,450.912,-3298.750,9415.000,5678.750,23.813,14488,4724,7392,-377,1076,649,-304,0,0
8043695367,834.785,306.525,501.908,-1758.750,11628.750,8671.250,23.813,13685,5025,8228,-201,1329,991,-304,0,0
8043704774,840.214,320.006,503.067,1636.250,12258.750,12853.750,23.805,13774,5246,8247,187,1401,1469,-306,0,0
8043714188,849.730,276.574,517.707,1470.000,11401.250,14446.250,23.805,13930,4534,8487,168,1303,1651,-306,0,0
8043723597,856.501,272.243,472.079,2975.000,6938.750,12678.750,23.832,14041,4463,7739,340,793,1449,-299,0,0
8043733002,868.213,278.526,412.177,2222.500,2581.250,8540.000,23.832,14233,4566,6757,254,295,976,-299,0,0
8043742417,876.021,256.566,444.141,-1085.000,8.750,3806.250,23.785,14361,4206,7281,-124,1,435,-311,0,0
8043751824,893.528,270.779,398.635,-2257.500,-5337.500,-1496.250,23.785,14648,4439,6535,-258,-610,-171,-311,0,0
8043761230,901.214,302.804,385.642,-3937.500,-7595.000,-4891.250,23.793,14774,4964,6322,-450,-868,-559,-309,0,0
8043770644,904.203,271.999,409.920,-8802.500,-12880.000,-8968.750,23.793,14823,4459,6720,-1006,-1472,-1025,-309,0,0
8043780051,904.691,220.271,413.946,-12521.250,-19626.250,-14358.750,23.793,14831,3611,6786,-1431,-2243,-1641,-309,0,0
8043789464,906.033,242.963,367.342,-15968.750,-22610.000,-19048.750,23.793,14853,3983,6022,-1825,-2584,-2177,-309,0,0
8043798870,885.293,295.789,394.060,-18506.250,-20011.250,-17823.750,23.789,14513,4849,6460,-2115,-2287,-2037,-310,0,0
8043808278,916.647,285.541,376.126,-20772.500,-16205.000,-12713.750,23.789,15027,4681,6166,-2374,-1852,-1453,-310,0,0
8043817692,888.465,266.387,439.749,-25602.500,-8968.750,-7218.750,23.809,14565,4367,7209,-2926,-1025,-825,-305,0,0
8043827100,856.745,296.765,503.189,-26591.250,-3998.750,-673.750,23.809,14045,4865,8249,-3039,-457,-77,-305,0,0
8043836506,860.344,268.400,547.109,-23450.000,-2292.500,4733.750,23.777,14104,4400,8969,-2680,-262,541,-313,0,0
8043845920,824.659,281.271,574.437,-19468.750,-1338.750,10946.250,23.777,13519,4611,9417,-2225,-153,1251,-313,0,0
8043855328,808.738,275.293,574.925,-12451.250,-113.750,15163.750,23.832,13258,4513,9425,-1423,-13,1733,-299,0,0
8043864734,805.200,267.546,540.704,-297.500,52.500,21437.500,23.832,13200,4386,8864,-34,6,2450,-299,0,0
8043874142,881.206,211.426,504.653,8496.250,1312.500,23248.750,23.809,14446,3466,8273,971,150,2657,-305,0,0
8043883556,869.616,214.049,464.027,12775.000,1680.000,19976.250,23.809,14256,3509,7607,1460,192,2283,-305,0,0
8043892962,894.199,192.089,413.885,19022.500,2196.250,16397.500,23.805,14659,3149,6785,2174,251,1874,-306,0,0
8043902371,897.249,238.510,331.840,24972.500,5565.000,15338.750,23.805,14709,3910,5440,2854,636,1753,-306,0,0
8043911784,931.775,245.830,295.972,27335.000,10780.000,14778.750,23.809,15275,4030,4852,3124,1232,1689,-305,0,0
8043921192,959.591,232.166,275.842,23248.750,10998.750,11060.000,23.809,15731,3806,4522,2657,1257,1264,-305,0,0
8043930598,1038.037,258.701,262.056,17158.750,8715.000,4987.500,23.836,17017,4241,4296,1961,996,570,-298,0,0
8043940012,1203.652,186.965,249.490,8067.500,7936.250,-6510.000,23.836,19732,3065,4090,922,907,-744,-298,0,0
8043949420,1194.136,154.696,230.519,-6081.250,13650.000,-24692.500,23.781,19576,2536,3779,-695,1560,-2822,-312,0,0
8043958827,1034.499,281.393,288.835,-14691.250,21717.500,-38115.000,23.781,16959,4613,4735,-1679,2482,-4356,-312,0,0
8043968239,803.797,391.071,356.423,-17325.000,24255.000,-38027.500,23.789,13177,6411,5843,-1980,2772,-4346,-310,0,0
8043977647,636.779,307.074,466.040,-24815.000,18173.750,-28971.250,23.789,10439,5034,7640,-2836,2077,-3311,-310,0,0
8043987059,624.762,212.890,535.031,-22863.750,4480.000,-18900.000,23.805,10242,3490,8771,-2613,512,-2160,-306,0,0
8043996466,672.708,209.352,542.717,-18418.750,-6553.750,-12118.750,23.805,11028,3432,8897,-2105,-749,-1385,-306,0,0
8044005874,711.321,251.320,619.943,-14070.000,-10718.750,-6046.250,23.797,11661,4120,10163,-1608,-1225,-691,-308,0,0
8044015281,753.411,265.167,677.466,-9003.750,-13160.000,148.750,23.797,12351,4347,11106,-1029,-1504,17,-308,0,0
8044024696,789.889,246.379,707.661,-4165.000,-14621.250,4567.500,23.824,12949,4039,11601,-476,-1671,522,-301,0,0
8044034102,812.886,212.829,712.419,-236.250,-14971.250,5713.750,23.824,13326,3489,11679,-27,-1711,653,-301,0,0
8044043516,826.611,197.640,664.168,5713.750,-13912.500,4130.000,23.832,13551,3240,10888,653,-1590,472,-299,0,0
8044052924,823.378,232.593,593.408,12460.000,-9318.750,1566.250,23.832,13498,3813,9728,1424,-1065,179,-299,0,0
8044062331,799.771,275.415,593.652,17115.000,-2108.750,472.500,23.789,13111,4515,9732,1956,-241,54,-310,0,0
8044071739,780.068,294.325,599.569,20825.000,2240.000,1102.500,23.789,12788,4825,9829,2380,256,126,-310,0,0
8044081153,734.318,286.212,629.032,24342.500,1260.000,2896.250,23.789,12038,4692,10312,2782,144,331,-310,0,0
8044090560,750.422,277.489,581.940,27562.500,-8566.250,4506.250,23.789,12302,4549,9540,3150,-979,515,-310,0,0
8044099967,832.833,278.465,458.415,28428.750,-18821.250,5328.750,23.816,13653,4565,7515,3249,-2151,609,-303,0,0
8044109381,927.200,256.688,389.241,25068.750,-22566.250,3893.750,23.816,15200,4208,6381,2865,-2579,445,-303,0,0
8044118789,981.063,234.972,343.430,20195.000,-22697.500,-35.000,23.824,16083,3852,5630,2308,-2594,-4,-301,0,0
8044128196,1001.376,242.170,282.552,16143.750,-21061.250,-4567.500,23.824,16416,3970,4632,1845,-2407,-522,-301,0,0
8044137604,1003.633,271.694,246.806,11506.250,-16651.250,-7980.000,23.801,16453,4454,4046,1315,-1903,-912,-307,0,0
8044147016,979.843,276.818,260.653,6063.750,-9975.000,-9695.000,23.801,16063,4538,4273,693,-1140,-1108,-307,0,0
8044156424,929.091,270.169,317.993,1942.500,-4051.250,-10307.500,23.828,15231,4429,5213,222,-463,-1178,-300,0,0
8044165831,885.537,265.594,391.986,-332.500,-1356.250,-10403.750,23.828,14517,4354,6426,-38,-155,-1189,-300,0,0
8044175245,850.767,266.143,461.465,-1093.750,-1338.750,-10272.500,23.848,13947,4363,7565,-125,-153,-1174,-295,0,0
8044184653,804.651,274.866,517.768,-910.000,-3202.500,-9835.000,23.848,13191,4506,8488,-104,-366,-1124,-295,0,0
8044194059,744.993,290.238,587.735,306.250,-6203.750,-7595.000,23.781,12213,4758,9635,35,-709,-868,-312,0,0
8044203473,700.402,287.188,669.841,3780.000,-11252.500,-3158.750,23.781,11482,4708,10981,432,-1286,-361,-312,0,0
8044212881,1019.249,222.345,695.034,9021.250,-18786.250,813.750,23.824,16709,3645,11394,1031,-2147,93,-301,0,0
8044222288,820.023,196.664,612.501,11348.750,-16283.750,-4121.250,23.824,13443,3224,10041,1297,-1861,-471,-301,0,0
8044231702,779.336,235.094,600.118,15295.000,-17456.250,-5145.000,23.820,12776,3854,9838,1748,-1995,-588,-302,0,0
8044241109,863.089,248.758,476.105,19740.000,-18541.250,-3438.750,23.820,14149,4078,7805,2256,-2119,-393,-302,0,0
8044250516,888.953,231.617,473.360,20772.500,-11313.750,787.500,23.785,14573,3797,7760,2374,-1293,90,-311,0,0
8044259929,870.958,257.664,378.383,23870.000,-4471.250,4628.750,23.785,14278,4224,6203,2728,-511,529,-311,0,0
8044269335,910.974,258.396,410.896,25873.750,4532.500,11908.750,23.797,14934,4236,6736,2957,518,1361,-308,0,0
8044278748,991.982,178.303,401.563,28070.000,5293.750,15190.000,23.797,16262,2923,6583,3208,605,1736,-308,0,0
8044288156,955.077,297.070,176.168,30572.500,43.750,16257.500,23.824,15657,4870,2888,3494,5,1858,-301,0,0
8044297562,1016.626,321.043,46.421,22767.500,3001.250,17080.000,23.824,16666,5263,761,2602,343,1952,-301,0,0
8044306976,1034.621,330.620,14.274,8198.750,10491.250,15216.250,23.840,16961,5420,234,937,1199,1739,-297,0,0
8044316382,1042.002,342.881,23.790,-6545.000,18620.000,12197.500,23.840,17082,5621,390,-748,2128,1394,-297,0,0
8044325789,952.759,361.852,206.424,-18681.250,25978.750,11611.250,23.824,15619,5932,3384,-2135,2969,1327,-301,0,0
8044335203,940.864,373.076,321.043,-24727.500,22645.000,11401.250,23.824,15424,6116,5263,-2826,2588,1303,-301,0,0
8044344610,897.554,246.623,454.145,-31088.750,15408.750,8190.000,23.844,14714,4043,7445,-3553,1761,936,-296,0,0
8044354023,837.835,165.188,604.815,-31893.750,1540.000,-2450.000,23.844,13735,2708,9915,-3645,176,-280,-296,0,0
8044363430,868.396,171.715,568.703,-25558.750,-12398.750,-15513.750,23.852,14236,2815,9323,-2921,-1417,-1773,-294,0,0
8044372838,720.715,169.092,705.343,-20265.000,-21560.000,-28113.750,23.852,11815,2772,11563,-2316,-2464,-3213,-294,0,0
8044382245,776.164,268.156,638.426,-11777.500,-32838.750,-37458.750,23.809,12724,4396,10466,-1346,-3753,-4281,-305,0,0
8044391660,689.361,270.352,746.335,-10832.500,-34588.750,-40801.250,23.809,11301,4432,12235,-1238,-3953,-4663,-305,0,0
8044401067,785.863,215.696,718.336,-4593.750,-43592.500,-43522.500,23.828,12883,3536,11776,-525,-4982,-4974,-300,0,0
8044410473,814.777,182.817,694.668,5565.000,-49901.250,-48221.250,23.828,13357,2997,11388,636,-5703,-5511,-300,0,0
8044419888,779.763,196.054,613.721,11165.000,-55781.250,-50785.000,23.836,12783,3214,10061,1276,-6375,-5804,-298,0,0
8044429295,869.555,237.595,480.558,19241.250,-56358.750,-44808.750,23.836,14255,3895,7878,2199,-6441,-5121,-298,0,0
8044438702,873.154,351.970,417.362,26188.750,-45150.000,-33530.000,23.863,14314,5770,6842,2993,-5160,-3832,-291,0,0
8044448116,913.231,314.028,436.028,16782.500,-35148.750,-22653.750,23.863,14971,5148,7148,1918,-4017,-2589,-291,0,0
8044457523,888.709,238.571,358.070,16511.250,-28892.500,-13947.500,23.816,14569,3911,5870,1887,-3302,-1594,-303,0,0
8044466930,932.934,205.082,329.217,15767.500,-22986.250,-11016.250,23.816,15294,3362,5397,1802,-2627,-1259,-303,0,0
8044476345,927.688,232.898,273.158,15435.000,-15373.750,-8653.750,23.836,15208,3818,4478,1764,-1757,-989,-298,0,0
8044485753,933.117,284.504,322.873,15198.750,-2231.250,-4103.750,23.836,15297,4664,5293,1737,-255,-469,-298,0,0
8044495159,907.009,332.084,371.917,17071.250,11060.000,4786.250,23.824,14869,5444,6097,1951,1264,547,-301,0,0
8044504566,854.122,356.667,350.933,20632.500,26416.250,20221.250,23.824,14002,5847,5753,2358,3019,2311,-301,0,0
8044513981,900.665,293.471,506.361,22671.250,43015.000,36750.000,23.820,14765,4811,8301,2591,4916,4200,-302,0,0
8044523388,868.762,251.869,525.149,26075.000,46086.250,43583.750,23.820,14242,4129,8609,2980,5267,4981,-302,0,0
8044532796,931.287,238.327,432.490,27527.500,35472.500,44301.250,23.816,15267,3907,7090,3146,4054,5063,-303,0,0
8044542209,986.370,282.430,279.624,22023.750,22741.250,37161.250,23.816,16170,4630,4584,2517,2599,4247,-303,0,0
8044551616,955.321,312.137,247.660,11970.000,15680.000,31123.750,23.801,15661,5117,4060,1368,1792,3557,-307,0,0
8044561022,953.796,331.840,177.998,3788.750,12923.750,28708.750,23.801,15636,5440,2918,433,1477,3281,-307,0,0
8044570437,919.331,356.118,205.570,-4970.000,16450.000,27965.000,23.805,15071,5838,3370,-568,1880,3196,-306,0,0
8044579844,945.134,218.868,344.406,-13011.250,17167.500,24123.750,23.805,15494,3588,5646,-1487,1962,2757,-306,0,0
8044589257,934.520,162.931,400.892,-13956.250,9310.000,14218.750,23.789,15320,2671,6572,-1595,1064,1625,-310,0,0
8044598664,876.265,190.198,449.326,-3745.000,962.500,6851.250,23.789,14365,3118,7366,-428,110,783,-310,0,0
8044608072,926.285,205.387,415.044,-787.500,-10648.750,-2353.750,23.859,15185,3367,6804,-90,-1217,-269,-292,0,0
8044617479,945.927,188.307,398.513,-4725.000,-17123.750,-11707.500,23.859,15507,3087,6533,-540,-1957,-1338,-292,0,0
8044626891,1002.901,183.183,377.773,-7446.250,-18803.750,-21192.500,23.777,16441,3003,6193,-851,-2149,-2422,-313,0,0
8044636299,994.361,208.376,380.762,-10071.250,-13711.250,-31482.500,23.777,16301,3416,6242,-1151,-1567,-3598,-313,0,0
8044645713,881.877,273.829,423.462,-12206.250,-4768.750,-37493.750,23.844,14457,4489,6942,-1395,-545,-4285,-296,0,0
8044655121,738.466,352.641,521.550,-10465.000,4383.750,-34055.000,23.844,12106,5781,8550,-1196,501,-3892,-296,0,0
8044664527,660.386,365.573,649.711,-5958.750,8303.750,-23835.000,23.828,10826,5993,10651,-681,949,-2724,-300,0,0
8044673940,664.290,318.176,686.006,227.500,5582.500,-12941.250,23.828,10890,5216,11246,26,638,-1479,-300,0,0
8044683349,693.204,293.349,661.911,7000.000,1557.500,-5880.000,23.805,11364,4809,10851,800,178,-672,-306,0,0
8044692756,736.026,308.355,641.415,11147.500,-603.750,-2082.500,23.805,12066,5055,10515,1274,-69,-238,-306,0,0
8044702163,770.247,295.362,646.661,14035.000,-726.250,262.500,23.758,12627,4842,10601,1604,-83,30,-318,0,0
8044711577,764.147,274.012,665.632,18602.500,-2423.750,1085.000,23.758,12527,4492,10912,2126,-277,124,-318,0,0
8044720984,785.680,251.320,633.363,23441.250,-9065.000,988.750,23.832,12880,4120,10383,2679,-1036,113,-299,0,0
8044730392,826.733,251.259,542.717,27606.250,-16388.750,-682.500,23.832,13553,4119,8897,3155,-1873,-78,-299,0,0
8044739805,855.647,258.701,457.256,29207.500,-20308.750,-2003.750,23.848,14027,4241,7496,3338,-2321,-229,-295,0,0
8044749213,902.800,272.548,391.376,29242.500,-20746.250,-2905.000,23.848,14800,4468,6416,3342,-2371,-332,-295,0,0
8044758619,925.065,274.622,344.467,27536.250,-18042.500,-3508.750,23.824,15165,4502,5647,3147,-2062,-401,-301,0,0
8044768032,923.723,278.404,318.298,24937.500,-14787.500,-3290.000,23.824,15143,4564,5218,2850,-1690,-376,-301,0,0
8044777439,915.976,289.323,311.405,22916.250,-11978.750,-2642.500,23.820,15016,4743,5105,2619,-1369,-302,-302,0,0
8044786853,910.547,296.887,312.320,19915.000,-10377.500,-1960.000,23.820,14927,4867,5120,2276,-1186,-224,-302,0,0
8044796259,906.094,300.547,324.398,16213.750,-9765.000,-1636.250,23.828,14854,4927,5318,1853,-1116,-187,-300,0,0
8044805667,906.155,300.730,343.308,12040.000,-10202.500,-918.750,23.828,14855,4930,5628,1376,-1166,-105,-300,0,0
8044815080,1088.972,272.304,294.630,7367.500,-9730.000,-1548.750,23.793,17852,4464,4830,842,-1112,-177,-309,0,0
8044824487,912.255,260.775,337.696,411.250,-3185.000,-3937.500,23.793,14955,4275,5536,47,-364,-450,-309,0,0
8044833894,913.902,269.376,388.570,-1776.250,-2108.750,-2887.500,23.777,14982,4416,6370,-203,-241,-330,-313,0,0
8044843307,910.852,243.329,394.670,-3298.750,-3377.500,-2537.500,23.777,14932,3989,6470,-377,-386,-290,-313,0,0
8044852713,941.535,246.867,350.018,-4436.250,-4436.250,-2485.000,23.789,15435,4047,5738,-507,-507,-284,-310,0,0
8044862128,911.096,276.208,348.310,-6256.250,-3911.250,-988.750,23.789,14936,4528,5710,-715,-447,-113,-310,0,0
8044871534,950.624,280.295,316.041,-8452.500,-3578.750,122.500,23.793,15584,4595,5181,-966,-409,14,-309,0,0
8044880946,920.673,297.131,339.709,-10622.500,-1995.000,1373.750,23.793,15093,4871,5569,-1214,-228,157,-309,0,0
8044890352,901.153,313.845,346.480,-12293.750,-2765.000,2231.250,23.832,14773,5145,5680,-1405,-316,255,-299,0,0
8044899759,935.923,299.571,334.097,-14437.500,-3307.500,1741.250,23.832,15343,4911,5477,-1650,-378,199,-299,0,0
8044909173,926.163,307.684,370.026,-15767.500,-3587.500,761.250,23.789,15183,5044,6066,-1802,-410,87,-310,0,0
8044918580,832.406,273.829,473.909,-15627.500,-1872.500,-927.500,23.789,13646,4489,7769,-1786,-214,-106,-310,0,0
8044927987,786.473,239.791,602.009,-12880.000,-7043.750,-4663.750,23.836,12893,3931,9869,-1472,-805,-533,-298,0,0
8044937402,836.981,280.112,586.271,-3928.750,-12626.250,-7498.750,23.836,13721,4592,9611,-449,-1443,-857,-298,0,0
8044946809,757.010,261.751,694.790,3395.000,-13632.500,-7848.750,23.797,12410,4291,11390,388,-1558,-897,-308,0,0
8044956217,796.660,271.206,616.100,11182.500,-18961.250,-8557.500,23.797,13060,4446,10100,1278,-2167,-978,-308,0,0
8044965624,790.194,255.224,627.873,15522.500,-20230.000,-9423.750,23.797,12954,4184,10293,1774,-2312,-1077,-308,0,0
8044975037,810.568,275.598,547.353,19083.750,-21595.000,-8505.000,23.797,13288,4518,8973,2181,-2468,-972,-308,0,0
8044984445,861.198,239.059,513.071,19897.500,-23905.000,-9301.250,23.828,14118,3919,8411,2274,-2732,-1063,-300,0,0
8044993852,908.778,259.372,374.174,20396.250,-23362.500,-8793.750,23.828,14898,4252,6134,2331,-2670,-1005,-300,0,0
8045003266,914.451,206.668,386.618,18068.750,-16091.250,-6982.500,23.816,14991,3388,6338,2065,-1839,-798,-303,0,0
8045012674,871.751,188.734,355.752,17368.750,-9747.500,-6597.500,23.816,14291,3094,5832,1985,-1114,-754,-303,0,0
8045022080,892.796,215.147,379.359,19495.000,61.250,-2756.250,23.816,14636,3527,6219,2228,7,-315,-303,0,0
8045031494,924.943,230.214,455.853,21787.500,7061.250,2651.250,23.816,15163,3774,7473,2490,807,303,-303,0,0
8045040901,987.529,227.103,391.437,25322.500,7271.250,7271.250,23.816,16189,3723,6417,2894,831,831,-303,0,0
8045050314,915.183,281.759,247.782,22942.500,6028.750,9170.000,23.816,15003,4619,4062,2622,689,1048,-303,0,0
8045059719,989.176,342.271,162.931,16957.500,8863.750,14621.250,23.824,16216,5611,2671,1938,1013,1671,-301,0,0
8045069132,1013.759,317.871,139.446,4663.750,9870.000,12538.750,23.824,16619,5211,2286,533,1128,1433,-301,0,0
8045078540,1010.465,347.883,46.116,-4392.500,11707.500,11725.000,23.836,16565,5703,756,-502,1338,1340,-298,0,0
8045087945,968.497,335.439,139.995,-14752.500,18611.250,10351.250,23.836,15877,5499,2295,-1686,2127,1183,-298,0,0
8045097360,929.884,358.192,217.465,-21953.750,20798.750,10176.250,23.828,15244,5872,3565,-2509,2377,1163,-300,0,0
8045106767,928.054,348.310,303.292,-27746.250,18856.250,8496.250,23.828,15214,5710,4972,-3171,2155,971,-300,0,0
8045116180,891.942,335.805,355.142,-31736.250,18016.250,7210.000,23.824,14622,5505,5822,-3627,2059,824,-301,0,0
8045125587,860.771,297.009,523.441,-36898.750,14367.500,2870.000,23.824,14111,4869,8581,-4217,1642,328,-301,0,0
8045134994,765.855,235.460,659.715,-34545.000,3841.250,-1225.000,23.805,12555,3860,10815,-3948,439,-140,-306,0,0
8045144402,857.660,193.126,592.920,-25707.500,-8653.750,-7472.500,23.805,14060,3166,9720,-2938,-989,-854,-306,0,0
8045153817,730.231,249.368,712.297,-20247.500,-5713.750,-10622.500,23.824,11971,4088,11677,-2314,-653,-1214,-301,0,0
8045163224,781.654,263.032,692.472,-13860.000,-9730.000,-7778.750,23.824,12814,4312,11352,-1584,-1112,-889,-301,0,0
8045172632,812.032,207.888,662.460,-7700.000,-10456.250,-2651.250,23.805,13312,3408,10860,-880,-1195,-303,-306,0,0
8045182045,815.509,184.220,675.331,-3080.000,-7910.000,2843.750,23.805,13369,3020,11071,-352,-904,325,-306,0,0
8045191452,846.985,126.880,637.633,3631.250,-11278.750,6256.250,23.793,13885,2080,10453,415,-1289,715,-309,0,0
8045200859,904.142,147.071,443.897,9966.250,-16485.000,4707.500,23.793,14822,2411,7277,1139,-1884,538,-309,0,0
8045210266,911.462,269.010,341.173,12906.250,-11392.500,6326.250,23.813,14942,4410,5593,1475,-1302,723,-304,0,0
8045219681,936.106,306.159,261.263,8365.000,-2782.500,11506.250,23.813,15346,5019,4283,956,-318,1315,-304,0,0
8045229088,902.800,350.994,299.144,1863.750,9835.000,19950.000,23.785,14800,5754,4904,213,1124,2280,-311,0,0
8045238496,902.312,288.835,399.794,1960.000,16371.250,29898.750,23.785,14792,4735,6554,224,1871,3417,-311,0,0
8045247909,904.508,190.137,410.591,-2896.250,15750.000,28437.500,23.805,14828,3117,6731,-331,1800,3250,-306,0,0
8045257316,858.575,179.401,494.283,-3123.750,15925.000,25576.250,23.805,14075,2941,8103,-357,1820,2923,-306,0,0
8045266724,858.148,178.181,500.627,1925.000,13177.500,21341.250,23.813,14068,2921,8207,220,1506,2439,-304,0,0
8045276137,830.881,203.740,531.188,4541.250,9493.750,14883.750,23.813,13621,3340,8708,519,1085,1701,-304,0,0
8045285544,874.496,252.845,499.590,6728.750,3342.500,9616.250,23.828,14336,4145,8190,769,382,1099,-300,0,0
8045294957,882.853,220.332,493.246,5556.250,-3430.000,2546.250,23.828,14473,3612,8086,635,-392,291,-300,0,0
8045304364,876.814,256.444,411.262,4156.250,-9248.750,-4182.500,23.828,14374,4204,6742,475,-1057,-478,-300,0,0
8045313770,848.022,187.148,429.440,2546.250,-8697.500,-11506.250,23.828,13902,3068,7040,291,-994,-1315,-300,0,0
8045323178,862.296,105.469,539.301,-3937.500,-13895.000,-26993.750,23.809,14136,1729,8841,-450,-1588,-3085,-305,0,0
8045332590,909.632,129.015,515.816,-4357.500,-27825.000,-41606.250,23.809,14912,2115,8456,-498,-3180,-4755,-305,0,0
8045341998,852.475,153.720,467.870,-2397.500,-39830.000,-50382.500,23.813,13975,2520,7670,-274,-4552,-5758,-304,0,0
8045351412,1009.977,343.979,310.185,-437.500,-44126.250,-46917.500,23.813,16557,5639,5085,-50,-5043,-5362,-304,0,0
8045360818,889.319,442.311,321.531,1155.000,-31701.250,-30353.750,23.855,14579,7251,5271,132,-3623,-3469,-293,0,0
8045370225,948.489,288.286,257.359,-12845.000,-26355.000,-18235.000,23.855,15549,4726,4219,-1468,-3012,-2084,-293,0,0
8045379639,971.791,213.134,293.166,-20903.750,-17500.000,-12600.000,23.809,15931,3494,4806,-2389,-2000,-1440,-305,0,0
8045389045,969.351,232.532,320.616,-20387.500,-12521.250,-9546.250,23.809,15891,3812,5256,-2330,-1431,-1091,-305,0,0
8045398459,932.324,222.223,364.475,-20343.750,-7516.250,-5337.500,23.859,15284,3643,5975,-2325,-859,-610,-292,0,0
8045407866,930.372,137.372,363.011,-19932.500,-7621.250,-3316.250,23.859,15252,2252,5951,-2278,-871,-379,-292,0,0
8045417273,991.616,161.101,254.553,-17430.000,-7140.000,-5110.000,23.828,16256,2641,4173,-1992,-816,-584,-300,0,0
8045426688,924.394,197.762,384.056,-16493.750,2633.750,-5670.000,23.828,15154,3242,6296,-1885,301,-648,-300,0,0
8045436094,964.105,165.798,436.455,-15172.500,1207.500,-5057.500,23.809,15805,2718,7155,-1734,138,-578,-305,0,0
8045445501,903.715,135.115,475.556,-13352.500,-1732.500,-6842.500,23.809,14815,2215,7796,-1526,-198,-782,-305,0,0
8045454909,1160.769,107.299,308.050,-8172.500,-5993.750,-11366.250,23.844,19029,1759,5050,-934,-685,-1299,-296,0,0
8045464322,1272.155,144.326,154.818,-8426.250,10036.250,-21971.250,23.844,20855,2366,2538,-963,1147,-2511,-296,0,0
8045473730,1120.936,244.610,242.719,-12302.500,35533.750,-31972.500,23.840,18376,4010,3979,-1406,4061,-3654,-297,0,0
8045483143,916.159,327.387,316.346,-14148.750,48580.000,-34352.500,23.840,15019,5367,5186,-1617,5552,-3926,-297,0,0
8045492549,739.991,357.521,399.611,-20597.500,47398.750,-32095.000,23.828,12131,5861,6551,-2354,5417,-3668,-300,0,0
8045501956,677.222,304.146,484.279,-27650.000,35761.250,-26635.000,23.828,11102,4986,7939,-3160,4087,-3044,-300,0,0
8045511370,707.295,230.214,495.015,-28840.000,21647.500,-21297.500,23.820,11595,3774,8115,-3296,2474,-2434,-302,0,0
8045520778,749.812,213.256,508.435,-28070.000,12801.250,-19302.500,23.820,12292,3496,8335,-3208,1463,-2206,-302,0,0
8045530185,759.023,248.758,576.938,-27098.750,8960.000,-18506.250,23.805,12443,4078,9458,-3097,1024,-2115,-306,0,0
8045539598,768.600,274.012,641.720,-26258.750,6151.250,-16030.000,23.805,12600,4492,10520,-3001,703,-1832,-306,0,0
8045549005,745.786,254.858,693.509,-25392.500,3797.500,-12897.500,23.805,12226,4178,11369,-2902,434,-1474,-306,0,0
8045558413,728.401,234.118,698.572,-21035.000,1610.000,-9555.000,23.805,11941,3838,11452,-2404,184,-1092,-306,0,0
8045567827,725.839,227.469,693.326,-14455.000,1067.500,-6676.250,23.816,11899,3729,11366,-1652,122,-763,-303,0,0
8045577235,729.926,230.702,694.241,-8102.500,577.500,-4550.000,23.816,11966,3782,11381,-926,66,-520,-303,0,0
8045586640,736.392,231.007,680.028,-3447.500,-927.500,-2835.000,23.848,12072,3787,11148,-394,-106,-324,-295,0,0
8045596055,756.888,235.704,644.953,665.000,-2003.750,-1592.500,23.848,12408,3864,10573,76,-229,-182,-295,0,0
8045605462,798.429,243.085,610.854,4873.750,-1373.750,-1023.750,23.813,13089,3985,10014,557,-157,-117,-304,0,0
8045614869,825.330,246.501,594.445,7428.750,1067.500,-1330.000,23.813,13530,4041,9745,849,122,-152,-304,0,0
8045624284,833.565,237.229,608.231,9205.000,2826.250,-2773.750,23.801,13665,3889,9971,1052,323,-317,-307,0,0
8045633690,812.764,232.105,603.229,12328.750,787.500,-5013.750,23.801,13324,3805,9889,1409,90,-573,-307,0,0
8045643098,823.744,244.305,532.347,15365.000,-4900.000,-6886.250,23.840,13504,4005,8727,1756,-560,-787,-297,0,0
8045652505,845.399,272.548,443.714,16135.000,-8408.750,-7787.500,23.840,13859,4468,7274,1844,-961,-890,-297,0,0
8045661919,863.394,293.898,423.828,14306.250,-8006.250,-7472.500,23.820,14154,4818,6948,1635,-915,-854,-302,0,0
8045671324,887.611,284.809,443.775,11865.000,-6877.500,-6991.250,23.820,14551,4669,7275,1356,-786,-799,-302,0,0
8045680739,896.639,261.263,453.596,10185.000,-6431.250,-7253.750,23.840,14699,4283,7436,1164,-735,-829,-297,0,0
8045690146,889.868,264.618,434.076,9082.500,-6396.250,-8592.500,23.840,14588,4338,7116,1038,-731,-982,-297,0,0
8045699553,866.017,294.142,421.327,7700.000,-4576.250,-8960.000,23.809,14197,4822,6907,880,-523,-1024,-305,0,0
8045708966,844.118,303.475,445.666,5713.750,-1636.250,-7113.750,23.809,13838,4975,7306,653,-187,-813,-305,0,0
8045718374,838.323,282.430,485.987,4156.250,210.000,-4567.500,23.789,13743,4630,7967,475,24,-522,-310,0,0
8045727781,841.007,256.139,509.594,4637.500,192.500,-3228.750,23.789,13787,4199,8354,530,22,-369,-310,0,0
8045737189,847.839,249.185,507.276,6028.750,-813.750,-2992.500,23.797,13899,4085,8316,689,-93,-342,-308,0,0
8045746604,847.351,245.891,519.842,5993.750,-1732.500,-3228.750,23.797,13891,4031,8522,685,-198,-369,-308,0,0
8045756012,836.676,236.192,534.055,5810.000,-3045.000,-3360.000,23.793,13716,3872,8755,664,-348,-384,-309,0,0
8045765420,840.275,235.826,531.554,6868.750,-4943.750,-3220.000,23.793,13775,3866,8714,785,-565,-368,-309,0,0
8045774827,843.386,245.891,511.302,8356.250,-5985.000,-2432.500,23.813,13826,4031,8382,955,-684,-278,-304,0,0
8045784242,854.488,256.871,496.540,8898.750,-5748.750,-1155.000,23.813,14008,4211,8140,1017,-657,-132,-304,0,0
8045793650,869.494,250.710,487.573,8443.750,-4856.250,-105.000,23.816,14254,4110,7993,965,-555,-12,-303,0,0
8045803057,875.350,239.974,484.096,7595.000,-3998.750,-148.750,23.816,14350,3934,7936,868,-457,-17,-303,0,0
8045812470,863.577,239.242,490.074,6886.250,-4130.000,-1207.500,23.805,14157,3922,8034,787,-472,-138,-306,0,0
8045821877,864.248,239.730,484.157,6886.250,-5293.750,-2161.250,23.805,14168,3930,7937,787,-605,-247,-306,0,0
8045831285,866.139,240.950,470.249,6693.750,-5801.250,-2913.750,23.793,14199,3950,7709,765,-663,-333,-309,0,0
8045840691,868.213,248.636,469.151,6720.000,-5433.750,-3631.250,23.793,14233,4076,7691,768,-621,-415,-309,0,0
8045850106,867.908,258.091,465.308,6247.500,-4698.750,-4165.000,23.832,14228,4231,7628,714,-537,-476,-299,0,0
8045859513,866.200,261.690,472.872,5171.250,-3701.250,-4576.250,23.832,14200,4290,7752,591,-423,-523,-299,0,0
8045868920,860.466,259.555,488.915,3990.000,-2668.750,-4803.750,23.852,14106,4255,8015,456,-305,-549,-294,0,0
8045878334,845.216,258.335,508.984,3788.750,-2301.250,-4900.000,23.852,13856,4235,8344,433,-263,-560,-294,0,0
8045887741,832.589,264.069,514.474,4296.250,-2940.000,-4768.750,23.859,13649,4329,8434,491,-336,-545,-292,0,0
8045897149,821.853,269.681,510.509,4768.750,-4121.250,-3850.000,23.859,13473,4421,8369,545,-471,-440,-292,0,0
8045906562,817.095,272.609,511.912,5241.250,-5188.750,-2616.250,23.820,13395,4469,8392,599,-593,-299,-302,0,0
8045915970,833.565,269.498,510.753,6020.000,-6580.000,-1391.250,23.820,13665,4418,8373,688,-752,-159,-302,0,0
8045925378,859.307,254.614,500.627,6125.000,-7297.500,-901.250,23.836,14087,4174,8207,700,-834,-103,-298,0,0
8045934791,864.004,245.952,500.749,5941.250,-7061.250,-1540.000,23.836,14164,4032,8209,679,-807,-176,-298,0,0
8045944199,862.906,250.771,496.296,6650.000,-6895.000,-2415.000,23.824,14146,4111,8136,760,-788,-276,-301,0,0
8045953604,862.967,252.845,480.436,7306.250,-6868.750,-3010.000,23.824,14147,4145,7876,835,-785,-344,-301,0,0
8045963019,863.272,256.322,470.981,7043.750,-6641.250,-3211.250,23.855,14152,4202,7721,805,-759,-367,-293,0,0
8045972425,874.496,254.675,472.689,6746.250,-6020.000,-3185.000,23.855,14336,4175,7749,771,-688,-364,-293,0,0
8045981831,881.206,246.440,469.395,6755.000,-5057.500,-3473.750,23.859,14446,4040,7695,772,-578,-397,-292,0,0
8045991246,875.899,247.904,467.260,6352.500,-4051.250,-4392.500,23.859,14359,4064,7660,726,-463,-502,-292,0,0
8046000652,864.736,261.385,464.698,5643.750,-3561.250,-5521.250,23.852,14176,4285,7618,645,-407,-631,-294,0,0
8046010066,859.490,270.230,464.637,4340.000,-2870.000,-5827.500,23.852,14090,4430,7617,496,-328,-666,-294,0,0
8046019474,843.691,267.790,488.122,2905.000,-1688.750,-5538.750,23.813,13831,4390,8002,332,-193,-633,-304,0,0
8046028880,827.465,260.958,518.439,2406.250,-1898.750,-5040.000,23.813,13565,4278,8499,275,-217,-576,-304,0,0
8046038288,825.757,256.749,526.186,3570.000,-3526.250,-4173.750,23.828,13537,4209,8626,408,-403,-477,-300,0,0
8046047702,838.689,258.457,513.559,5363.750,-4943.750,-3272.500,23.828,13749,4237,8419,613,-565,-374,-300,0,0
8046057108,843.264,260.165,497.394,6483.750,-5293.750,-2677.500,23.844,13824,4265,8154,741,-605,-306,-296,0,0
8046066516,858.209,264.801,499.590,6667.500,-4838.750,-1863.750,23.844,14069,4341,8190,762,-553,-213,-296,0,0
8046075930,866.566,251.198,501.481,6615.000,-4602.500,-1513.750,23.848,14206,4118,8221,756,-526,-173,-295,0,0
8046085338,867.054,241.865,488.305,6912.500,-4952.500,-2108.750,23.848,14214,3965,8005,790,-566,-241,-295,0,0
8046094746,856.318,249.856,476.166,6851.250,-4567.500,-2493.750,23.789,14038,4096,7806,783,-522,-285,-310,0,0
8046104159,847.595,263.642,487.756,6790.000,-4121.250,-2257.500,23.789,13895,4322,7996,776,-471,-258,-310,0,0
8046113568,854.854,261.446,481.229,6440.000,-4637.500,-1566.250,23.844,14014,4286,7889,736,-530,-179,-296,0,0
8046122975,864.980,254.614,475.373,5748.750,-4830.000,-1732.500,23.844,14180,4174,7793,657,-552,-198,-296,0,0
8046132382,870.897,253.516,476.654,5040.000,-4322.500,-2467.500,23.883,14277,4156,7814,576,-494,-282,-286,0,0
8046141795,864.065,257.420,484.279,4891.250,-3605.000,-3438.750,23.883,14165,4220,7939,559,-412,-393,-286,0,0
8046151203,860.710,263.886,485.377,4978.750,-3473.750,-4243.750,23.828,14110,4326,7957,569,-397,-485,-300,0,0
8046160610,858.392,269.071,476.898,5075.000,-3351.250,-4830.000,23.828,14072,4411,7818,580,-383,-552,-300,0,0
8046170023,855.403,275.415,476.837,4795.000,-3071.250,-5258.750,23.836,14023,4515,7817,548,-351,-601,-298,0,0
8046179431,849.669,278.404,478.057,4488.750,-2590.000,-5276.250,23.836,13929,4564,7837,513,-296,-603,-298,0,0
8046188838,842.959,280.905,481.595,4532.500,-2213.750,-5013.750,23.848,13819,4605,7895,518,-253,-573,-295,0,0
8046198253,840.092,279.929,485.316,4462.500,-2248.750,-4401.250,23.848,13772,4589,7956,510,-257,-503,-295,0,0
8046207660,844.484,275.476,496.052,4637.500,-2248.750,-3815.000,23.871,13844,4516,8132,530,-257,-436,-289,0,0
8046217066,847.412,270.047,500.932,4873.750,-2441.250,-3421.250,23.871,13892,4427,8212,557,-279,-391,-289,0,0
8046226481,856.257,263.581,496.784,5407.500,-2668.750,-3535.000,23.836,14037,4321,8144,618,-305,-404,-298,0,0
8046235888,859.246,263.154,489.525,5486.250,-2388.750,-3990.000,23.836,14086,4314,8025,627,-273,-456,-298,0,0
8046245295,860.649,261.873,494.161,5118.750,-1933.750,-4506.250,23.809,14109,4293,8101,585,-221,-515,-305,0,0
8046254702,855.830,248.026,502.030,4786.250,-1610.000,-4908.750,23.809,14030,4066,8230,547,-184,-561,-305,0,0
8046264116,853.390,241.072,511.973,5048.750,-1653.750,-5311.250,23.805,13990,3952,8393,577,-189,-607,-306,0,0
8046273523,853.878,240.706,522.404,5845.000,-2082.500,-5775.000,23.805,13998,3946,8564,668,-238,-660,-306,0,0
8046282930,845.582,244.793,516.426,6667.500,-3316.250,-6168.750,23.840,13862,4013,8466,762,-379,-705,-297,0,0
8046292345,842.044,253.821,493.856,6667.500,-4707.500,-6431.250,23.840,13804,4161,8096,762,-538,-735,-297,0,0
8046301753,841.739,266.814,484.279,5678.750,-4978.750,-6335.000,23.793,13799,4374,7939,649,-569,-724,-309,0,0
8046311158,844.545,272.548,499.102,4830.000,-4445.000,-5495.000,23.793,13845,4468,8182,552,-508,-628,-309,0,0
8046320573,842.349,263.032,499.895,4751.250,-4506.250,-4130.000,23.824,13809,4312,8195,543,-515,-472,-301,0,0
8046329980,835.517,259.677,492.209,4943.750,-4777.500,-3176.250,23.824,13697,4257,8069,565,-546,-363,-301,0,0
8046339388,834.602,270.047,489.952,5862.500,-4585.000,-2275.000,23.801,13682,4427,8032,670,-524,-260,-307,0,0
8046348795,843.447,271.999,492.575,6492.500,-4462.500,-1408.750,23.801,13827,4459,8075,742,-510,-161,-307,0,0
8046358210,854.549,262.056,499.102,6518.750,-4830.000,-1268.750,23.793,14009,4296,8182,745,-552,-145,-309,0,0
8046367617,868.274,258.884,492.697,6895.000,-5556.250,-2012.500,23.793,14234,4244,8077,788,-635,-230,-309,0,0
8046377030,873.154,262.666,475.922,7017.500,-5600.000,-3045.000,23.848,14314,4306,7802,802,-640,-348,-295,0,0
8046386438,869.189,270.840,470.371,6825.000,-5022.500,-4182.500,23.848,14249,4440,7711,780,-574,-478,-295,0,0
8046395845,856.074,280.966,466.345,6282.500,-4357.500,-4803.750,23.813,14034,4606,7645,718,-498,-549,-304,0,0
8046405253,849.425,289.323,468.114,5661.250,-3473.750,-4261.250,23.813,13925,4743,7674,647,-397,-487,-304,0,0
8046414667,847.534,285.907,475.556,5136.250,-2406.250,-3228.750,23.863,13894,4687,7796,587,-275,-369,-291,0,0
8046424073,847.351,279.563,480.314,4488.750,-1645.000,-2292.500,23.863,13891,4583,7874,513,-188,-262,-291,0,0
8046433480,849.242,271.999,489.098,4138.750,-997.500,-1793.750,23.828,13922,4459,8018,473,-114,-205,-300,0,0
8046442894,852.353,271.999,492.636,4138.750,-770.000,-1811.250,23.828,13973,4459,8076,473,-88,-207,-300,0,0
8046452302,853.634,267.546,501.542,4366.250,-533.750,-2021.250,23.859,13994,4386,8222,499,-61,-231,-292,0,0
8046461710,848.754,261.690,504.409,4873.750,-822.500,-2415.000,23.859,13914,4290,8269,557,-94,-276,-292,0,0
8046471123,841.861,265.960,498.919,5197.500,-1662.500,-2983.750,23.855,13801,4360,8179,594,-190,-341,-293,0,0
8046480530,840.153,270.413,498.797,4996.250,-2782.500,-3272.500,23.855,13773,4433,8177,571,-318,-374,-293,0,0
8046489937,844.301,265.411,499.895,4655.000,-3412.500,-3106.250,23.781,13841,4351,8195,532,-390,-355,-312,0,0
8046499345,849.364,261.202,510.265,4672.500,-3631.250,-3141.250,23.781,13924,4282,8365,534,-415,-359,-312,0,0
8046508759,852.048,255.163,513.620,5127.500,-4418.750,-3403.750,23.820,13968,4183,8420,586,-505,-389,-302,0,0
8046518166,850.218,256.444,499.163,5748.750,-5328.750,-3928.750,23.820,13938,4204,8183,657,-609,-449,-302,0,0
8046527574,841.251,266.875,485.194,5836.250,-5512.500,-4103.750,23.789,13791,4375,7954,667,-630,-469,-310,0,0
8046536987,835.029,279.502,484.218,5582.500,-5206.250,-3508.750,23.789,13689,4582,7938,638,-595,-401,-310,0,0
8046546395,843.874,282.369,488.000,5530.000,-4908.750,-2467.500,23.855,13834,4629,8000,632,-561,-282,-293,0,0
8046555802,848.083,279.685,483.608,5390.000,-4576.250,-1618.750,23.855,13903,4585,7928,616,-523,-185,-293,0,0
8046565210,848.693,277.733,482.083,5635.000,-3815.000,-840.000,23.824,13913,4553,7903,644,-436,-96,-301,0,0
8046574624,852.414,279.746,479.582,6098.750,-3150.000,-481.250,23.824,13974,4586,7862,697,-360,-55,-301,0,0
8046584030,857.477,278.648,478.240,5757.500,-2887.500,-525.000,23.832,14057,4568,7840,658,-330,-60,-299,0,0
8046593445,866.261,271.267,479.277,4873.750,-2905.000,-971.250,23.832,14201,4447,7857,557,-332,-111,-299,0,0
8046602852,864.736,266.265,480.985,4025.000,-2581.250,-1811.250,23.824,14176,4365,7885,460,-295,-207,-301,0,0
8046612259,864.248,263.520,488.305,3640.000,-1986.250,-2668.750,23.824,14168,4320,8005,416,-227,-305,-301,0,0
8046621666,857.782,256.688,497.882,3360.000,-1653.750,-3543.750,23.832,14062,4208,8162,384,-189,-405,-299,0,0
8046631080,850.340,256.261,500.078,3421.250,-2038.750,-4340.000,23.832,13940,4201,8198,391,-233,-496,-299,0,0
8046640488,838.079,266.753,493.917,3456.250,-2493.750,-4803.750,23.832,13739,4373,8097,395,-285,-549,-299,0,0
8046649895,831.186,276.818,494.283,3246.250,-2773.750,-4550.000,23.832,13626,4538,8103,371,-317,-520,-299,0,0
8046659310,828.868,274.805,507.215,3246.250,-2808.750,-3605.000,23.797,13588,4505,8315,371,-321,-412,-308,0,0
8046668717,831.247,267.241,514.169,4051.250,-3220.000,-2511.250,23.797,13627,4381,8429,463,-368,-287,-308,0,0
8046678125,836.737,266.997,510.570,5442.500,-3832.500,-1601.250,23.832,13717,4377,8370,622,-438,-183,-299,0,0
8046687532,841.495,269.315,499.407,6396.250,-4182.500,-1146.250,23.832,13795,4415,8187,731,-478,-131,-299,0,0
8046696945,851.133,275.903,483.486,6685.000,-4208.750,-936.250,23.820,13953,4523,7926,764,-481,-107,-302,0,0
8046706353,857.111,281.637,482.327,5722.500,-3718.750,-1085.000,23.820,14051,4617,7907,654,-425,-124,-302,0,0
8046715766,860.893,273.768,490.989,4392.500,-3377.500,-1338.750,23.801,14113,4488,8049,502,-386,-153,-307,0,0
8046725174,856.257,265.167,484.767,3955.000,-3386.250,-1820.000,23.801,14037,4347,7947,452,-387,-208,-307,0,0
8046734582,850.645,271.084,482.388,3858.750,-3202.500,-2633.750,23.789,13945,4444,7908,441,-366,-301,-310,0,0
8046743988,844.179,274.134,486.475,3552.500,-3465.000,-3097.500,23.789,13839,4494,7975,406,-396,-354,-310,0,0
8046753403,845.704,269.986,489.769,2940.000,-4077.500,-3202.500,23.801,13864,4426,8029,336,-466,-366,-307,0,0
8046762810,846.436,264.801,488.854,2642.500,-4585.000,-3246.250,23.801,13876,4341,8014,302,-524,-371,-307,0,0
8046772218,844.423,267.546,487.329,2432.500,-4891.250,-3447.500,23.805,13843,4386,7989,278,-559,-394,-306,0,0
8046781631,839.360,271.572,486.109,1793.750,-4900.000,-3123.750,23.805,13760,4452,7969,205,-560,-357,-306,0,0
8046791038,835.944,273.768,492.880,1207.500,-4733.750,-2222.500,23.867,13704,4488,8080,138,-541,-254,-290,0,0
8046800446,837.347,267.180,506.117,901.250,-4480.000,-1216.250,23.867,13727,4380,8297,103,-512,-139,-290,0,0
8046809859,842.715,255.712,523.258,1610.000,-4698.750,-735.000,23.809,13815,4192,8578,184,-537,-84,-305,0,0
8046819266,853.695,248.087,527.772,2861.250,-5503.750,-1015.000,23.809,13995,4067,8652,327,-629,-116,-305,0,0
8046828673,856.318,248.026,511.668,4121.250,-6020.000,-1916.250,23.844,14038,4066,8388,471,-688,-219,-296,0,0
8046838087,848.266,258.457,503.555,5057.500,-5643.750,-2467.500,23.844,13906,4237,8255,578,-645,-282,-296,0,0
8046847495,843.569,266.143,505.385,5818.750,-5136.250,-2231.250,23.836,13829,4363,8285,665,-587,-255,-298,0,0
8046856901,849.303,258.396,505.385,6177.500,-5285.000,-1758.750,23.836,13923,4236,8285,706,-604,-201,-298,0,0
8046866310,852.902,254.126,496.784,6728.750,-5731.250,-1986.250,23.832,13982,4166,8144,769,-655,-227,-299,0,0
8046875723,853.024,267.363,489.281,7332.500,-5775.000,-2388.750,23.832,13984,4383,8021,838,-660,-273,-299,0,0
8046885131,850.035,281.698,479.887,7113.750,-5783.750,-2458.750,23.813,13935,4618,7867,813,-661,-281,-304,0,0
8046894539,854.061,286.639,468.907,6168.750,-5442.500,-1968.750,23.813,14001,4699,7687,705,-622,-225,-304,0,0
8046903952,859.307,285.114,462.929,5328.750,-4383.750,-1417.500,23.867,14087,4674,7589,609,-501,-162,-290,0,0
8046913359,862.906,276.574,470.066,4313.750,-2852.500,-1207.500,23.867,14146,4534,7706,493,-326,-138,-290,0,0
8046922766,855.708,270.291,482.022,3718.750,-1645.000,-1330.000,23.820,14028,4431,7902,425,-188,-152,-302,0,0
8046932180,846.741,269.254,489.891,3692.500,-1391.250,-1461.250,23.820,13881,4414,8031,422,-159,-167,-302,0,0
8046941587,846.985,264.496,499.285,3902.500,-1750.000,-1426.250,23.848,13885,4336,8185,446,-200,-163,-295,0,0
8046950994,850.218,262.605,503.494,4226.250,-2283.750,-1583.750,23.848,13938,4305,8254,483,-261,-181,-295,0,0
8046960402,851.499,260.226,503.006,4480.000,-2616.250,-1732.500,23.805,13959,4266,8246,512,-299,-198,-306,0,0
8046969816,849.181,261.690,504.531,4725.000,-2677.500,-2126.250,23.805,13921,4290,8271,540,-306,-243,-306,0,0
8046979224,842.654,267.912,507.764,4891.250,-3036.250,-2493.750,23.852,13814,4392,8324,559,-347,-285,-294,0,0
8046988631,838.506,270.108,508.008,5083.750,-3631.250,-2563.750,23.852,13746,4428,8328,581,-415,-293,-294,0,0
8046998046,839.787,267.485,504.409,5398.750,-4060.000,-2388.750,23.875,13767,4385,8269,617,-464,-273,-288,0,0
8047007452,839.848,266.936,504.897,5521.250,-4095.000,-2117.500,23.875,13768,4376,8277,631,-468,-242,-288,0,0
8047016859,844.911,265.472,498.797,6151.250,-4392.500,-1881.250,23.797,13851,4352,8177,703,-502,-215,-308,0,0
8047026274,857.355,265.472,490.806,6160.000,-4497.500,-1995.000,23.797,14055,4352,8046,704,-514,-228,-308,0,0
8047035680,858.697,264.069,482.266,5556.250,-4287.500,-2135.000,23.816,14077,4329,7906,635,-490,-244,-303,0,0
8047045087,865.102,263.947,473.604,4952.500,-3753.750,-2616.250,23.816,14182,4327,7764,566,-429,-299,-303,0,0
8047054502,862.662,267.363,476.776,3963.750,-3010.000,-3185.000,23.855,14142,4383,7816,453,-344,-364,-293,0,0
8047063908,856.745,267.119,488.732,3106.250,-2283.750,-3482.500,23.855,14045,4379,8012,355,-261,-398,-293,0,0
8047073317,848.327,264.862,491.782,3255.000,-1942.500,-3368.750,23.813,13907,4342,8062,372,-222,-385,-304,0,0
8047082723,846.741,264.740,496.540,3718.750,-1697.500,-3307.500,23.813,13881,4340,8140,425,-194,-378,-304,0,0
8047092138,852.292,266.814,493.490,4182.500,-1645.000,-3298.750,23.824,13972,4374,8090,478,-188,-377,-301,0,0
8047101545,856.013,267.973,484.767,4585.000,-1338.750,-3465.000,23.824,14033,4393,7947,524,-153,-396,-301,0,0
8047110951,857.843,270.047,475.983,4217.500,-568.750,-4016.250,23.832,14063,4427,7803,482,-65,-459,-299,0,0
8047120367,852.414,271.816,478.179,3605.000,288.750,-4558.750,23.832,13974,4456,7839,412,33,-521,-299,0,0
8047129772,854.305,273.524,487.390,2922.500,787.500,-4663.750,23.816,14005,4484,7990,334,90,-533,-303,0,0
8047139186,846.863,266.021,493.490,1706.250,1023.750,-4226.250,23.816,13883,4361,8090,195,117,-483,-303,0,0
8047148594,835.273,263.459,506.178,1513.750,1225.000,-4016.250,23.805,13693,4319,8298,173,140,-459,-306,0,0
8047158000,831.003,260.836,507.703,1408.750,1058.750,-3491.250,23.805,13623,4276,8323,161,121,-399,-306,0,0
8047167409,825.086,265.350,525.759,1417.500,796.250,-2817.500,23.816,13526,4350,8619,162,91,-322,-303,0,0
8047176823,819.352,266.631,545.584,1426.250,-735.000,-2065.000,23.816,13432,4371,8944,163,-84,-236,-303,0,0
8047186231,833.260,256.749,532.835,2362.500,-2931.250,-1347.500,23.859,13660,4209,8735,270,-335,-154,-292,0,0
8047195638,847.534,251.076,519.964,3053.750,-3963.750,-1531.250,23.859,13894,4116,8524,349,-453,-175,-292,0,0
8047205046,849.181,249.978,512.339,3333.750,-4147.500,-2196.250,23.824,13921,4098,8399,381,-474,-251,-301,0,0
8047214461,848.632,254.248,511.302,4130.000,-4051.250,-2686.250,23.824,13912,4168,8382,472,-463,-307,-301,0,0
8047223868,847.473,258.457,507.581,4462.500,-4103.750,-3062.500,23.844,13893,4237,8321,510,-469,-350,-296,0,0
8047233275,848.876,261.995,507.398,4427.500,-4182.500,-3561.250,23.844,13916,4295,8318,506,-478,-407,-296,0,0
8047242688,845.582,264.984,506.056,4558.750,-4646.250,-3797.500,23.816,13862,4344,8296,521,-531,-434,-303,0,0
8047252096,843.569,268.949,498.492,5258.750,-4987.500,-3841.250,23.816,13829,4409,8172,601,-570,-439,-303,0,0
8047261502,836.798,277.977,488.122,5652.500,-5022.500,-3596.250,23.801,13718,4557,8002,646,-574,-411,-307,0,0
8047270915,838.933,285.480,481.900,5110.000,-4900.000,-3053.750,23.801,13753,4680,7900,584,-560,-349,-307,0,0
8047280324,843.508,282.003,484.828,4488.750,-4392.500,-2292.500,23.875,13828,4623,7948,513,-502,-262,-288,0,0
8047289730,845.399,272.487,495.686,3736.250,-3675.000,-1741.250,23.875,13859,4467,8126,427,-420,-199,-288,0,0
8047299139,844.423,264.984,508.679,3666.250,-3010.000,-1470.000,23.859,13843,4344,8339,419,-344,-168,-292,0,0
8047308552,838.811,260.409,517.036,4331.250,-2940.000,-1373.750,23.859,13751,4269,8476,495,-336,-157,-292,0,0
8047317958,837.408,257.664,515.450,5188.750,-3456.250,-1452.500,23.816,13728,4224,8450,593,-395,-166,-303,0,0
8047327367,839.360,258.579,514.474,5652.500,-4165.000,-1750.000,23.816,13760,4239,8434,646,-476,-200,-303,0,0
8047336780,845.033,259.799,514.596,5713.750,-4856.250,-2091.250,23.848,13853,4259,8436,653,-555,-239,-295,0,0
8047346187,851.499,259.860,508.740,6098.750,-5267.500,-2415.000,23.848,13959,4260,8340,697,-602,-276,-295,0,0
8047355594,857.782,261.202,498.004,6387.500,-4943.750,-2843.750,23.816,14062,4282,8164,730,-565,-325,-303,0,0
8047365008,848.815,267.241,495.625,6230.000,-4182.500,-3325.000,23.816,13915,4381,8125,712,-478,-380,-303,0,0
8047374416,841.373,274.073,494.527,5941.250,-4112.500,-3438.750,23.836,13793,4493,8107,679,-470,-393,-298,0,0
8047383822,840.458,274.561,491.477,5521.250,-4287.500,-3088.750,23.836,13778,4501,8057,631,-490,-353,-298,0,0
8047393236,846.009,273.524,487.878,5381.250,-4138.750,-2511.250,23.848,13869,4484,7998,615,-473,-287,-295,0,0
8047402643,849.913,273.829,488.976,5232.500,-3386.250,-2038.750,23.848,13933,4489,8016,598,-387,-233,-295,0,0
8047412057,847.473,271.206,497.638,4856.250,-2616.250,-1968.750,23.836,13893,4446,8158,555,-299,-225,-298,0,0
8047421462,845.460,264.435,506.300,4698.750,-2458.750,-2091.250,23.836,13860,4335,8300,537,-281,-239,-298,0,0
8047430870,844.423,261.751,507.642,4821.250,-2616.250,-2388.750,23.844,13843,4291,8322,551,-299,-273,-296,0,0
8047440283,841.373,260.592,509.899,5267.500,-2633.750,-2651.250,23.844,13793,4272,8359,602,-301,-303,-296,0,0
8047449691,841.800,263.032,514.047,5748.750,-2677.500,-2948.750,23.852,13800,4312,8427,657,-306,-337,-294,0,0
8047459098,839.055,260.897,514.779,5941.250,-3062.500,-3036.250,23.852,13755,4277,8439,679,-350,-347,-294,0,0
8047468512,836.371,262.056,512.522,6098.750,-3762.500,-3193.750,23.836,13711,4296,8402,697,-430,-365,-298,0,0
8047477920,839.482,263.581,510.204,6256.250,-4523.750,-3220.000,23.836,13762,4321,8364,715,-517,-368,-298,0,0
8047487326,844.423,262.544,503.189,6422.500,-4900.000,-3088.750,23.832,13843,4304,8249,734,-560,-353,-299,0,0
8047496741,848.754,266.387,498.553,6203.750,-4821.250,-2966.250,23.832,13914,4367,8173,709,-551,-339,-299,0,0
8047506148,848.205,271.267,497.028,5705.000,-4471.250,-2695.000,23.824,13905,4447,8148,652,-511,-308,-301,0,0
8047515555,842.715,269.986,492.209,5197.500,-4226.250,-2310.000,23.824,13815,4426,8069,594,-483,-264,-301,0,0
8047524963,844.240,269.681,491.843,5092.500,-3972.500,-1951.250,23.797,13840,4421,8063,582,-454,-223,-308,0,0
8047534377,847.656,268.766,495.564,4812.500,-3955.000,-1863.750,23.797,13896,4406,8124,550,-452,-213,-308,0,0
8047543784,850.340,266.143,497.699,4655.000,-3780.000,-2047.500,23.875,13940,4363,8159,532,-432,-234,-288,0,0
8047553190,848.632,268.644,498.858,4698.750,-3570.000,-2388.750,23.875,13912,4404,8178,537,-408,-273,-288,0,0
8047562604,842.532,274.683,501.542,4611.250,-3307.500,-2633.750,23.844,13812,4503,8222,527,-378,-301,-296,0,0
8047572012,839.604,273.707,503.799,4611.250,-3176.250,-2590.000,23.844,13764,4487,8259,527,-363,-296,-296,0,0
8047581419,839.482,268.461,505.385,4620.000,-3176.250,-2493.750,23.848,13762,4401,8285,528,-363,-285,-295,0,0
8047590834,842.288,265.289,509.472,4690.000,-3430.000,-2581.250,23.848,13808,4349,8352,536,-392,-295,-295,0,0
8047600240,844.911,266.936,509.777,4777.500,-3710.000,-2747.500,23.816,13851,4376,8357,546,-424,-314,-303,0,0
8047609647,846.009,265.777,505.202,5057.500,-3893.750,-2756.250,23.816,13869,4357,8282,578,-445,-315,-303,0,0
8047619062,838.689,265.655,502.579,5101.250,-3920.000,-2782.500,23.824,13749,4355,8239,583,-448,-318,-301,0,0
8047628469,834.053,269.498,505.263,5127.500,-4112.500,-2651.250,23.824,13673,4418,8283,586,-470,-303,-301,0,0
8047637877,838.262,270.169,500.810,5372.500,-4488.750,-2152.500,23.852,13742,4429,8210,614,-513,-246,-294,0,0
8047647290,846.009,270.535,495.442,5696.250,-4506.250,-1820.000,23.852,13869,4435,8122,651,-515,-208,-294,0,0
8047656697,848.510,270.657,494.893,5661.250,-4235.000,-1715.000,23.813,13910,4437,8113,647,-484,-196,-304,0,0
8047666104,851.133,268.949,493.673,5293.750,-3876.250,-1767.500,23.813,13953,4409,8093,605,-443,-202,-304,0,0
8047675512,847.473,265.594,494.649,4681.250,-3570.000,-2047.500,23.813,13893,4354,8109,535,-408,-234,-304,0,0
8047684927,844.301,266.387,500.200,4278.750,-3307.500,-2213.750,23.813,13841,4367,8200,489,-378,-253,-304,0,0
8047694333,845.887,263.703,507.459,4165.000,-3246.250,-2240.000,23.801,13867,4323,8319,476,-371,-256,-307,0,0
8047703742,845.460,259.250,509.716,4383.750,-3351.250,-2353.750,23.801,13860,4250,8356,501,-383,-269,-307,0,0
8047713156,845.704,260.287,508.679,4917.500,-3596.250,-2660.000,23.832,13864,4267,8339,562,-411,-304,-299,0,0
8047722563,841.861,264.435,506.605,4961.250,-3710.000,-2808.750,23.832,13801,4335,8305,567,-424,-321,-299,0,0
8047731970,839.909,266.692,503.921,5092.500,-4007.500,-2756.250,23.816,13769,4372,8261,582,-458,-315,-303,0,0
8047741383,845.399,266.387,499.224,5162.500,-4243.750,-2668.750,23.816,13859,4367,8184,590,-485,-305,-303,0,0
8047750791,847.717,267.363,497.882,4970.000,-4077.500,-2808.750,23.840,13897,4383,8162,568,-466,-321,-297,0,0
8047760197,847.473,271.633,498.370,4585.000,-3902.500,-3027.500,23.840,13893,4453,8170,524,-446,-346,-297,0,0
8047769610,843.325,271.572,497.760,4086.250,-3718.750,-2966.250,23.824,13825,4452,8160,467,-425,-339,-301,0,0
8047779019,834.663,269.132,502.274,4033.750,-3535.000,-2695.000,23.824,13683,4412,8234,461,-404,-308,-301,0,0
8047788425,833.687,270.108,505.324,4418.750,-3587.500,-2240.000,23.836,13667,4428,8284,505,-410,-256,-298,0,0
8047797837,841.007,272.182,508.130,4891.250,-3937.500,-1916.250,23.836,13787,4462,8330,559,-450,-219,-298,0,0
8047807246,848.815,264.740,504.958,4795.000,-4313.750,-1916.250,23.773,13915,4340,8278,548,-493,-219,-314,0,0
8047816653,849.791,262.727,502.640,4681.250,-4305.000,-2458.750,23.773,13931,4307,8240,535,-492,-281,-314,0,0
8047826065,844.301,267.851,503.982,4593.750,-4121.250,-2948.750,23.816,13841,4391,8262,525,-471,-337,-303,0,0
8047835473,839.970,271.511,503.738,4716.250,-4165.000,-2992.500,23.816,13770,4451,8258,539,-476,-342,-303,0,0
8047844886,839.787,271.206,498.431,4830.000,-4287.500,-2756.250,23.777,13767,4446,8171,552,-490,-315,-313,0,0
8047854295,842.044,267.790,495.442,4733.750,-4060.000,-2485.000,23.777,13804,4390,8122,541,-464,-284,-313,0,0
8047863701,846.802,267.546,502.213,4488.750,-3692.500,-2397.500,23.816,13882,4386,8233,513,-422,-274,-303,0,0
8047873114,846.070,266.143,507.520,4366.250,-3753.750,-2511.250,23.816,13870,4363,8320,499,-429,-287,-303,0,0
8047882520,840.641,261.629,505.446,4488.750,-4077.500,-2616.250,23.789,13781,4289,8286,513,-466,-299,-310,0,0
8047891927,838.994,263.581,507.215,4690.000,-4208.750,-2660.000,23.789,13754,4321,8315,536,-481,-304,-310,0,0
8047901340,837.469,266.509,510.082,5206.250,-4541.250,-2546.250,23.789,13729,4369,8362,595,-519,-291,-310,0,0
8047910749,839.299,265.472,506.422,5425.000,-4865.000,-2283.750,23.789,13759,4352,8302,620,-556,-261,-310,0,0
8047920155,842.532,266.692,502.335,5486.250,-5048.750,-2178.750,23.816,13812,4372,8235,627,-577,-249,-303,0,0
8047929569,847.656,272.853,499.895,5530.000,-5101.250,-2187.500,23.816,13896,4473,8195,632,-583,-250,-303,0,0
8047938977,848.388,274.317,493.429,5416.250,-4961.250,-2073.750,23.793,13908,4497,8089,619,-567,-237,-309,0,0
8047948383,850.645,272.243,486.414,5040.000,-4620.000,-2012.500,23.793,13945,4463,7974,576,-528,-230,-309,0,0
8047957798,853.268,269.620,487.756,4305.000,-3990.000,-2248.750,23.832,13988,4420,7996,492,-456,-257,-299,0,0
8047967205,853.268,267.729,497.455,3771.250,-3596.250,-2738.750,23.832,13988,4389,8155,431,-411,-313,-299,0,0
8047976611,849.364,265.899,501.420,3613.750,-3430.000,-3150.000,23.797,13924,4359,8220,413,-392,-360,-308,0,0
8047986026,840.641,269.376,499.041,3631.250,-3246.250,-3342.500,23.797,13781,4416,8181,415,-371,-382,-308,0,0
8047995433,831.125,271.816,504.592,3806.250,-3185.000,-3193.750,23.832,13625,4456,8272,435,-364,-365,-299,0,0
8048004841,831.979,270.718,513.498,3928.750,-3561.250,-2721.250,23.832,13639,4438,8418,449,-407,-311,-299,0,0
8048014254,836.859,264.862,515.938,4252.500,-4025.000,-2380.000,23.844,13719,4342,8458,486,-460,-272,-296,0,0
8048023660,840.763,264.191,513.681,4725.000,-4270.000,-2266.250,23.844,13783,4331,8421,540,-488,-259,-296,0,0
8048033069,840.031,266.570,508.313,5206.250,-4532.500,-2170.000,23.820,13771,4370,8333,595,-518,-248,-302,0,0
8048042476,843.081,268.278,501.786,5320.000,-4550.000,-1977.500,23.820,13821,4398,8226,608,-520,-226,-302,0,0
8048051891,843.386,265.411,499.102,5180.000,-4585.000,-1898.750,23.824,13826,4351,8182,592,-524,-217,-301,0,0
8048061297,844.606,265.167,493.429,5040.000,-4786.250,-1881.250,23.824,13846,4347,8089,576,-547,-215,-301,0,0
8048070704,848.998,268.766,491.233,4830.000,-4742.500,-1942.500,23.824,13918,4406,8053,552,-542,-222,-301,0,0
8048080119,851.316,268.156,499.529,4602.500,-4313.750,-1951.250,23.824,13956,4396,8189,526,-493,-223,-301,0,0
8048089525,853.024,262.727,504.165,4445.000,-4130.000,-2143.750,23.855,13984,4307,8265,508,-472,-245,-293,0,0
8048098937,849.303,261.751,500.322,4322.500,-4226.250,-2800.000,23.855,13923,4291,8202,494,-483,-320,-293,0,0
8048108345,842.044,270.047,500.444,4357.500,-4217.500,-3342.500,23.801,13804,4427,8204,498,-482,-382,-307,0,0
8048117757,840.946,275.537,502.396,4208.750,-4025.000,-3185.000,23.801,13786,4517,8236,481,-460,-364,-307,0,0
8048127162,838.323,271.145,506.117,4366.250,-3885.000,-2730.000,23.852,13743,4445,8297,499,-444,-312,-294,0,0
8048136575,841.373,267.119,506.056,4611.250,-3928.750,-2563.750,23.852,13793,4379,8296,527,-449,-293,-294,0,0
8048145981,843.386,266.570,500.627,4786.250,-4200.000,-2520.000,23.801,13826,4370,8207,547,-480,-288,-307,0,0
8048155388,844.850,267.302,502.213,4480.000,-4296.250,-2625.000,23.801,13850,4382,8233,512,-491,-300,-307,0,0
8048164800,843.996,263.093,504.226,4261.250,-4340.000,-2546.250,23.848,13836,4313,8266,487,-496,-291,-295,0,0
8048174212,843.447,261.019,502.945,4585.000,-4383.750,-2423.750,23.848,13827,4279,8245,524,-501,-277,-295,0,0
8048183620,841.983,262.605,503.860,4585.000,-4515.000,-2415.000,23.797,13803,4305,8260,524,-516,-276,-308,0,0
8048193026,844.301,263.398,503.677,4672.500,-4777.500,-2205.000,23.797,13841,4318,8257,534,-546,-252,-308,0,0
8048202440,849.120,262.788,498.309,4917.500,-4812.500,-2117.500,23.832,13920,4308,8169,562,-550,-242,-299,0,0
8048211848,846.009,263.337,498.553,5031.250,-4523.750,-2143.750,23.832,13869,4317,8173,575,-517,-245,-299,0,0
8048221255,848.510,267.973,499.712,5075.000,-4366.250,-2318.750,23.863,13910,4393,8192,580,-499,-265,-291,0,0
8048230664,855.647,267.363,496.723,5232.500,-4261.250,-2485.000,23.863,14027,4383,8143,598,-487,-284,-291,0,0
8048240078,856.928,265.533,489.464,5075.000,-3867.500,-2966.250,23.797,14048,4353,8024,580,-442,-339,-308,0,0
8048249485,847.534,271.511,490.684,4768.750,-3246.250,-3561.250,23.797,13894,4451,8044,545,-371,-407,-308,0,0
8048258892,838.140,280.600,493.856,4445.000,-3053.750,-3701.250,23.848,13740,4600,8096,508,-349,-423,-295,0,0
8048268305,837.469,278.099,500.566,4016.250,-3080.000,-3430.000,23.848,13729,4559,8206,459,-352,-392,-295,0,0
8048277713,835.456,274.073,506.605,3876.250,-3158.750,-3115.000,23.820,13696,4493,8305,443,-361,-356,-302,0,0
8048287119,835.578,271.145,509.350,4296.250,-3403.750,-2677.500,23.820,13698,4445,8350,491,-389,-306,-302,0,0
8048296532,839.726,269.742,506.544,4602.500,-3622.500,-2327.500,23.789,13766,4422,8304,526,-414,-266,-310,0,0
8048305941,843.813,264.130,504.775,4795.000,-3622.500,-2135.000,23.789,13833,4330,8275,548,-414,-244,-310,0,0
8048315347,846.375,259.860,503.372,4908.750,-3771.250,-2161.250,23.816,13875,4260,8252,561,-431,-247,-303,0,0
8048324762,847.900,260.958,503.189,5031.250,-4007.500,-2353.750,23.816,13900,4278,8249,575,-458,-269,-303,0,0
8048334169,849.913,261.690,501.054,5040.000,-3972.500,-2476.250,23.840,13933,4290,8214,576,-454,-283,-297,0,0
8048343575,849.486,260.958,501.664,4917.500,-3640.000,-2625.000,23.840,13926,4278,8224,562,-416,-300,-297,0,0
8048352989,846.558,261.385,503.311,4865.000,-3316.250,-2870.000,23.809,13878,4285,8251,556,-379,-328,-305,0,0
8048362396,839.055,265.289,509.594,4733.750,-3351.250,-3176.250,23.809,13755,4349,8354,541,-383,-363,-305,0,0
8048371808,833.626,272.304,510.997,4970.000,-4007.500,-3176.250,23.836,13666,4464,8377,568,-458,-363,-298,0,0
8048381217,836.676,275.476,498.370,5442.500,-4576.250,-2817.500,23.836,13716,4516,8170,622,-523,-322,-298,0,0
8048390623,841.922,281.027,489.098,5276.250,-4506.250,-2572.500,23.820,13802,4607,8018,603,-515,-294,-302,0,0
8048400035,846.375,281.210,491.721,4672.500,-3946.250,-2327.500,23.820,13875,4610,8061,534,-451,-266,-302,0,0
8048409444,850.096,272.243,500.261,4121.250,-3447.500,-2108.750,23.828,13936,4463,8201,471,-394,-241,-300,0,0
8048418850,850.035,262.361,503.372,4033.750,-3123.750,-2205.000,23.828,13935,4301,8252,461,-357,-252,-300,0,0
8048428261,845.521,259.006,505.995,4322.500,-2983.750,-2581.250,23.828,13861,4246,8295,494,-341,-295,-300,0,0
8048437668,845.399,260.653,506.483,4646.250,-3097.500,-2887.500,23.828,13859,4273,8303,531,-354,-330,-300,0,0
8048447083,844.545,262.483,506.178,4611.250,-3386.250,-3193.750,23.844,13845,4303,8298,527,-387,-365,-296,0,0
8048456489,844.240,265.655,506.666,4471.250,-3587.500,-3333.750,23.844,13840,4355,8306,511,-410,-381,-296,0,0
8048465898,838.750,266.265,503.006,4471.250,-3727.500,-3298.750,23.840,13750,4365,8246,511,-426,-377,-297,0,0
8048475311,836.127,268.278,504.043,4453.750,-3701.250,-3123.750,23.840,13707,4398,8263,509,-423,-357,-297,0,0
8048484720,836.127,271.084,507.154,4646.250,-3788.750,-2721.250,23.844,13707,4444,8314,531,-433,-311,-296,0,0
8048494126,837.713,268.705,507.642,4812.500,-3981.250,-2397.500,23.844,13733,4405,8322,550,-455,-274,-296,0,0
8048503539,841.129,269.925,504.592,5031.250,-4208.750,-2240.000,23.813,13789,4425,8272,575,-481,-256,-304,0,0
8048512946,846.619,270.657,499.895,5057.500,-4296.250,-2178.750,23.813,13879,4437,8195,578,-491,-249,-304,0,0
8048522353,845.338,271.023,500.444,4803.750,-4051.250,-2345.000,23.840,13858,4443,8204,549,-463,-268,-297,0,0
8048531767,841.617,269.742,501.115,4471.250,-3867.500,-2485.000,23.840,13797,4422,8215,511,-442,-284,-297,0,0
8048541175,837.164,268.888,505.324,4585.000,-3885.000,-2528.750,23.828,13724,4408,8284,524,-444,-289,-300,0,0
8048550580,837.652,269.986,507.032,4873.750,-4165.000,-2380.000,23.828,13732,4426,8312,557,-476,-272,-300,0,0
8048559992,844.240,269.925,506.605,5075.000,-4366.250,-2257.500,23.816,13840,4425,8305,580,-499,-258,-303,0,0
8048569402,847.351,269.193,500.932,5215.000,-4313.750,-2275.000,23.816,13891,4413,8212,596,-493,-260,-303,0,0
8048578814,845.826,267.180,500.749,4970.000,-4156.250,-2546.250,23.832,13866,4380,8209,568,-475,-291,-299,0,0
8048588218,845.582,266.692,501.847,4795.000,-4182.500,-2756.250,23.832,13862,4372,8227,548,-478,-315,-299,0,0
8048597631,846.131,264.008,499.651,4847.500,-4051.250,-2677.500,23.820,13871,4328,8191,554,-463,-306,-302,0,0
8048607039,842.654,263.886,501.603,4725.000,-3885.000,-2520.000,23.820,13814,4326,8223,540,-444,-288,-302,0,0
8048616445,839.238,263.581,506.361,4733.750,-3928.750,-2283.750,23.805,13758,4321,8301,541,-449,-261,-306,0,0
8048625856,841.251,262.544,505.202,4803.750,-4287.500,-2021.250,23.805,13791,4304,8282,549,-490,-231,-306,0,0
8048635268,846.314,262.849,500.810,4891.250,-4480.000,-2021.250,23.848,13874,4309,8210,559,-512,-231,-295,0,0
8048644675,845.277,264.862,501.603,4795.000,-4243.750,-2310.000,23.848,13857,4342,8223,548,-485,-264,-295,0,0
8048654082,841.556,271.328,503.799,4812.500,-4235.000,-2537.500,23.859,13796,4448,8259,550,-484,-290,-292,0,0
8048663495,842.837,275.171,499.956,4873.750,-4348.750,-2458.750,23.859,13817,4511,8196,557,-497,-281,-292,0,0
8048672901,841.495,275.049,497.455,4795.000,-4103.750,-2283.750,23.828,13795,4509,8155,548,-469,-261,-300,0,0
8048682317,838.079,273.402,499.529,4725.000,-4042.500,-2205.000,23.828,13739,4482,8189,540,-462,-252,-300,0,0
8048691722,839.726,271.938,502.030,4733.750,-4025.000,-2100.000,23.813,13766,4458,8230,541,-460,-240,-304,0,0
8048701135,847.107,270.596,501.969,4908.750,-4121.250,-2117.500,23.813,13887,4436,8229,561,-471,-242,-304,0,0
8048710544,851.072,267.485,499.041,4952.500,-3832.500,-2222.500,23.848,13952,4385,8181,566,-438,-254,-295,0,0
8048719949,847.717,268.583,501.298,4821.250,-3447.500,-2388.750,23.848,13897,4403,8218,551,-394,-273,-295,0,0
8048729360,845.399,266.753,503.799,4620.000,-3351.250,-2590.000,23.863,13859,4373,8259,528,-383,-296,-291,0,0
8048738766,841.861,265.411,506.361,4445.000,-3421.250,-2721.250,23.863,13801,4351,8301,508,-391,-311,-291,0,0
8048748181,836.249,265.106,506.239,4576.250,-3552.500,-2791.250,23.855,13709,4346,8299,523,-406,-319,-293,0,0
8048757587,835.395,270.779,507.337,5057.500,-3893.750,-2695.000,23.855,13695,4439,8317,578,-445,-308,-293,0,0
8048767000,843.569,270.413,505.324,5433.750,-4278.750,-2310.000,23.836,13829,4433,8284,621,-489,-264,-298,0,0
8048776409,846.924,267.973,498.431,5416.250,-4296.250,-2135.000,23.836,13884,4393,8171,619,-491,-244,-298,0,0
8048785814,843.020,269.010,493.612,5346.250,-3867.500,-2117.500,23.820,13820,4410,8092,611,-442,-242,-302,0,0
8048795226,839.543,271.633,501.298,4996.250,-3596.250,-2012.500,23.820,13763,4453,8218,571,-411,-230,-302,0,0
8048804632,843.386,269.742,506.422,4576.250,-3885.000,-1907.500,23.848,13826,4422,8302,523,-444,-218,-295,0,0
8048814046,848.144,263.032,506.117,4462.500,-4182.500,-1977.500,23.848,13904,4312,8297,510,-478,-226,-295,0,0
8048823452,844.423,262.422,505.446,4488.750,-3963.750,-2222.500,23.836,13843,4302,8286,513,-453,-254,-298,0,0
8048832865,837.164,268.461,506.727,4768.750,-4173.750,-2362.500,23.836,13724,4401,8307,545,-477,-270,-298,0,0
8048842274,842.227,271.084,503.799,4795.000,-4672.500,-2275.000,23.867,13807,4444,8259,548,-534,-260,-290,0,0
8048851679,849.486,268.339,496.784,4812.500,-4602.500,-2283.750,23.867,13926,4399,8144,550,-526,-261,-290,0,0
8048861091,847.473,266.814,497.272,4795.000,-4103.750,-2520.000,23.789,13893,4374,8152,548,-469,-288,-310,0,0
8048870500,842.837,270.718,503.616,4523.750,-3692.500,-2633.750,23.789,13817,4438,8256,517,-422,-301,-310,0,0
8048879913,840.336,270.169,503.860,4576.250,-3727.500,-2450.000,23.801,13776,4429,8260,523,-426,-280,-307,0,0
8048889318,840.702,266.753,501.298,4847.500,-3815.000,-2336.250,23.801,13782,4373,8218,554,-436,-267,-307,0,0
8048898726,840.153,265.655,501.603,4891.250,-3876.250,-2327.500,23.805,13773,4355,8223,559,-443,-266,-306,0,0
8048908140,842.776,266.509,505.141,4716.250,-3902.500,-2388.750,23.805,13816,4369,8281,539,-446,-273,-306,0,0
8048917546,846.680,265.167,507.825,4611.250,-3955.000,-2406.250,23.801,13880,4347,8325,527,-452,-275,-307,0,0
8048926954,844.911,262.117,507.215,4725.000,-3893.750,-2441.250,23.801,13851,4297,8315,540,-445,-279,-307,0,0
8048936367,842.959,261.263,505.263,4943.750,-3902.500,-2493.750,23.832,13819,4283,8283,565,-446,-285,-299,0,0
8048945778,841.373,263.825,501.542,5057.500,-4103.750,-2660.000,23.832,13793,4325,8222,578,-469,-304,-299,0,0
8048955183,843.325,268.644,497.577,5031.250,-4313.750,-2791.250,23.844,13825,4404,8157,575,-493,-319,-296,0,0
8048964596,842.776,273.036,498.248,4760.000,-4165.000,-2712.500,23.844,13816,4476,8168,544,-476,-310,-296,0,0
8048974004,842.166,274.073,504.226,4646.250,-3858.750,-2511.250,23.855,13806,4493,8266,531,-441,-287,-293,0,0
8048983410,843.630,272.365,504.836,4786.250,-3762.500,-2380.000,23.855,13830,4465,8276,547,-430,-272,-293,0,0
8048992822,840.397,271.633,502.457,4838.750,-3701.250,-2485.000,23.813,13777,4453,8237,553,-423,-284,-304,0,0
8049002229,835.517,275.720,505.202,5031.250,-3841.250,-2458.750,23.813,13697,4520,8282,575,-439,-281,-304,0,0
8049011643,839.116,272.121,505.629,5145.000,-4060.000,-2082.500,23.852,13756,4461,8289,588,-464,-238,-294,0,0
8049021049,844.606,264.374,505.263,5188.750,-4060.000,-1855.000,23.852,13846,4334,8283,593,-464,-212,-294,0,0
8049030461,844.728,262.300,505.446,5153.750,-3946.250,-2047.500,23.867,13848,4300,8286,589,-451,-234,-290,0,0
8049039870,844.484,263.459,505.263,5206.250,-4147.500,-2222.500,23.867,13844,4319,8283,595,-474,-254,-290,0,0
8049049275,845.521,263.398,499.651,5040.000,-4130.000,-2257.500,23.844,13861,4318,8191,576,-472,-258,-296,0,0
8049058686,844.972,262.910,500.261,4996.250,-3920.000,-2310.000,23.844,13852,4310,8201,571,-448,-264,-296,0,0
8049068099,847.412,264.374,503.006,5022.500,-3823.750,-2380.000,23.836,13892,4334,8246,574,-437,-272,-298,0,0
8049077504,848.754,268.034,501.176,5013.750,-3981.250,-2642.500,23.836,13914,4394,8216,573,-455,-302,-298,0,0
8049086912,846.436,270.779,494.893,4821.250,-3858.750,-2782.500,23.836,13876,4439,8113,551,-441,-318,-298,0,0
8049096325,842.715,273.219,493.734,4672.500,-3351.250,-2738.750,23.836,13815,4479,8094,534,-383,-313,-298,0,0
8049105734,838.872,273.402,501.603,4436.250,-3141.250,-2660.000,23.848,13752,4482,8223,507,-359,-304,-295,0,0
8049115140,838.811,268.827,510.143,4156.250,-3377.500,-2528.750,23.848,13751,4407,8363,475,-386,-289,-295,0,0
8049124553,837.591,265.716,511.119,4112.500,-3823.750,-2415.000,23.805,13731,4356,8379,470,-437,-276,-306,0,0
8049133961,837.652,265.472,510.814,4471.250,-4182.500,-2301.250,23.805,13732,4352,8374,511,-478,-263,-306,0,0
8049143374,843.508,265.960,510.082,4865.000,-4550.000,-2248.750,23.855,13828,4360,8362,556,-520,-257,-293,0,0
8049152778,848.815,264.008,501.481,5040.000,-4655.000,-2292.500,23.855,13915,4328,8221,576,-532,-262,-293,0,0
8049162191,845.155,266.387,497.577,4996.250,-4331.250,-2537.500,23.824,13855,4367,8157,571,-495,-290,-301,0,0
8049171602,843.935,270.657,500.139,4917.500,-4025.000,-2598.750,23.824,13835,4437,8199,562,-460,-297,-301,0,0
8049181006,846.863,269.803,499.468,4908.750,-3998.750,-2537.500,23.813,13883,4423,8188,561,-457,-290,-304,0,0
8049190418,849.120,267.180,494.466,4908.750,-3832.500,-2756.250,23.813,13920,4380,8106,561,-438,-315,-304,0,0
8049199828,847.351,270.840,497.333,4602.500,-3508.750,-3132.500,23.832,13891,4440,8153,526,-401,-358,-299,0,0
8049209234,846.375,272.548,501.908,4471.250,-3246.250,-3211.250,23.832,13875,4468,8228,511,-371,-367,-299,0,0
8049218643,841.007,269.498,501.481,4173.750,-3053.750,-3141.250,23.789,13787,4418,8221,477,-349,-359,-310,0,0
8049228055,835.517,266.265,507.398,3797.500,-3027.500,-3027.500,23.789,13697,4365,8318,434,-346,-346,-310,0,0
8049237467,833.321,264.130,512.827,3876.250,-3298.750,-2817.500,23.805,13661,4330,8407,443,-377,-322,-306,0,0
8049246872,834.846,267.668,522.099,4296.250,-3727.500,-2616.250,23.805,13686,4388,8559,491,-426,-299,-306,0,0
8049256281,838.567,266.204,514.962,4987.500,-4392.500,-2266.250,23.848,13747,4364,8442,570,-502,-259,-295,0,0
8049265693,838.506,269.254,505.446,5250.000,-4611.250,-2143.750,23.848,13746,4414,8286,600,-527,-245,-295,0,0
8049275105,840.153,271.755,503.128,5285.000,-4751.250,-2100.000,23.840,13773,4455,8248,604,-543,-240,-297,0,0
8049284512,848.327,269.193,498.004,5197.500,-4882.500,-2065.000,23.840,13907,4413,8164,594,-558,-236,-297,0,0
8049293919,854.244,265.533,494.649,5005.000,-4515.000,-2152.500,23.797,14004,4353,8109,572,-516,-246,-308,0,0
8049303331,852.109,265.350,497.272,4646.250,-3920.000,-2467.500,23.797,13969,4350,8152,531,-448,-282,-308,0,0
8049312736,846.375,265.533,500.566,4497.500,-3508.750,-2642.500,23.816,13875,4353,8206,514,-401,-302,-303,0,0
8049322148,839.299,265.594,502.335,4383.750,-3535.000,-2703.750,23.816,13759,4354,8235,501,-404,-309,-303,0,0
8049331561,840.580,267.485,503.616,4515.000,-3797.500,-2528.750,23.813,13780,4385,8256,516,-434,-289,-304,0,0
8049340969,842.715,267.729,504.653,4602.500,-3841.250,-2371.250,23.813,13815,4389,8273,526,-439,-271,-304,0,0
8049350374,843.081,269.559,507.947,4515.000,-3832.500,-2406.250,23.832,13821,4419,8327,516,-438,-275,-299,0,0
8049359785,844.972,269.925,508.801,4637.500,-3885.000,-2502.500,23.832,13852,4425,8341,530,-444,-286,-299,0,0
8049369197,838.994,271.633,503.311,4760.000,-3928.750,-2712.500,23.863,13754,4453,8251,544,-449,-310,-291,0,0
8049378602,833.260,276.574,501.542,4637.500,-4112.500,-2642.500,23.863,13660,4534,8222,530,-470,-302,-291,0,0
8049388013,834.419,278.648,503.372,4742.500,-4305.000,-2301.250,23.848,13679,4568,8252,542,-492,-263,-295,0,0
8049397425,837.103,272.548,507.215,4567.500,-4357.500,-1925.000,23.848,13723,4468,8315,522,-498,-220,-295,0,0
8049406833,840.092,268.888,512.217,4445.000,-4558.750,-1811.250,23.805,13772,4408,8397,508,-521,-207,-306,0,0
8049416239,840.641,264.435,513.437,4532.500,-4847.500,-1855.000,23.805,13781,4335,8417,518,-554,-212,-306,0,0
8049425652,840.214,262.971,507.459,4970.000,-5171.250,-1898.750,23.828,13774,4311,8319,568,-591,-217,-300,0,0
8049435063,843.996,263.642,500.566,5328.750,-5285.000,-1767.500,23.828,13836,4322,8206,609,-604,-202,-300,0,0
8049444468,851.072,263.886,490.562,5110.000,-5040.000,-1645.000,23.766,13952,4326,8042,584,-576,-188,-316,0,0
8049453878,851.926,265.533,490.013,4690.000,-4558.750,-1566.250,23.766,13966,4353,8033,536,-521,-179,-316,0,0
8049463289,849.730,262.300,500.505,3928.750,-4200.000,-1636.250,23.813,13930,4300,8205,449,-480,-187,-304,0,0
8049472696,850.462,260.714,500.383,3771.250,-4147.500,-1697.500,23.813,13942,4274,8203,431,-474,-194,-304,0,0
8049482104,845.765,265.594,503.616,4191.250,-3727.500,-1767.500,23.852,13865,4354,8256,479,-426,-202,-294,0,0
8049491516,841.556,270.474,503.311,4655.000,-3631.250,-1715.000,23.852,13796,4434,8251,532,-415,-196,-294,0,0
8049500927,835.700,274.622,497.943,4690.000,-4060.000,-1610.000,23.832,13700,4502,8163,536,-464,-184,-299,0,0
8049510331,841.007,276.574,494.649,4366.250,-4576.250,-1470.000,23.832,13787,4534,8109,499,-523,-168,-299,0,0
8049519747,850.096,269.559,488.915,3832.500,-4751.250,-1356.250,23.805,13936,4419,8015,438,-543,-155,-306,0,0
8049529154,843.020,271.328,495.930,3053.750,-4348.750,-2056.250,23.805,13820,4448,8130,349,-497,-235,-306,0,0
8049538566,843.081,261.873,508.069,2931.250,-4121.250,-1776.250,23.859,13821,4293,8329,335,-471,-203,-292,0,0
8049547970,846.009,250.893,515.145,2756.250,-4305.000,-1811.250,23.859,13869,4113,8445,315,-492,-207,-292,0,0
8049557383,846.863,244.610,520.269,3482.500,-4541.250,-2056.250,23.840,13883,4010,8529,398,-519,-235,-297,0,0
8049566791,846.863,248.514,515.877,4007.500,-5022.500,-2581.250,23.840,13883,4074,8457,458,-574,-295,-297,0,0
8049576204,844.850,260.287,510.997,4340.000,-5232.500,-3001.250,23.832,13850,4267,8377,496,-598,-343,-299,0,0
8049585608,844.057,269.071,506.666,4243.750,-5223.750,-3123.750,23.832,13837,4411,8306,485,-597,-357,-299,0,0
8049595019,842.715,271.755,502.762,4462.500,-5075.000,-2878.750,23.855,13815,4455,8242,510,-580,-329,-293,0,0
8049604431,844.606,269.254,497.211,4243.750,-5092.500,-2905.000,23.855,13846,4414,8151,485,-582,-332,-293,0,0
8049613835,847.961,269.681,501.176,4086.250,-5057.500,-3246.250,23.793,13901,4421,8216,467,-578,-371,-309,0,0
8049623247,849.364,269.620,500.261,3990.000,-5162.500,-3570.000,23.793,13924,4420,8201,456,-590,-408,-309,0,0
8049632655,849.547,270.413,493.063,4121.250,-4655.000,-3465.000,23.875,13927,4433,8083,471,-532,-396,-288,0,0
8049642069,847.961,265.533,488.305,4077.500,-3718.750,-3010.000,23.875,13901,4353,8005,466,-425,-344,-288,0,0
8049651473,847.778,267.729,496.174,3955.000,-3132.500,-3045.000,23.836,13898,4389,8134,452,-358,-348,-298,0,0
8049660885,851.987,267.363,498.980,3885.000,-2922.500,-3071.250,23.836,13967,4383,8180,444,-334,-351,-298,0,0
8049670291,846.924,262.666,499.346,3876.250,-2520.000,-3141.250,23.828,13884,4306,8186,443,-288,-359,-300,0,0
8049679705,837.835,265.838,506.117,4173.750,-2388.750,-3447.500,23.828,13735,4358,8297,477,-273,-394,-300,0,0
8049689111,835.395,276.330,509.777,4655.000,-2852.500,-3202.500,23.848,13695,4530,8357,532,-326,-366,-295,0,0
8049698523,836.188,272.487,504.226,4865.000,-3237.500,-2607.500,23.848,13708,4467,8266,556,-370,-298,-295,0,0
8049707934,835.883,270.352,509.716,5145.000,-3141.250,-2135.000,23.844,13703,4432,8356,588,-359,-244,-296,0,0
8049717340,839.238,268.644,512.644,5565.000,-3386.250,-1820.000,23.844,13758,4404,8404,636,-387,-208,-296,0,0
8049726747,843.935,265.350,508.130,5801.250,-3815.000,-1715.000,23.828,13835,4350,8330,663,-436,-196,-300,0,0
8049736161,843.447,263.154,506.483,5748.750,-3780.000,-1828.750,23.828,13827,4314,8303,657,-432,-209,-300,0,0
8049745565,843.203,262.849,505.080,5871.250,-3718.750,-1925.000,23.820,13823,4309,8280,671,-425,-220,-302,0,0
8049754977,844.301,263.642,504.470,6098.750,-3885.000,-2021.250,23.820,13841,4322,8270,697,-444,-231,-302,0,0
8049764388,849.303,264.923,496.723,6335.000,-3920.000,-2126.250,23.879,13923,4343,8143,724,-448,-243,-287,0,0
8049773799,852.292,266.875,493.307,6247.500,-3578.750,-2345.000,23.879,13972,4375,8087,714,-409,-268,-287,0,0
8049783204,848.327,268.156,496.235,5731.250,-3115.000,-2616.250,23.840,13907,4396,8135,655,-356,-299,-297,0,0
8049792616,844.728,270.535,501.908,5197.500,-3062.500,-2721.250,23.840,13848,4435,8228,594,-350,-311,-297,0,0
8049802026,843.203,269.437,503.433,4812.500,-3193.750,-2511.250,23.852,13823,4417,8253,550,-365,-287,-294,0,0
8049811431,839.909,264.252,505.812,4663.750,-3088.750,-2257.500,23.852,13769,4332,8292,533,-353,-258,-294,0,0
8049820842,839.726,260.714,511.912,4585.000,-3123.750,-2161.250,23.855,13766,4274,8392,524,-357,-247,-293,0,0
8049830253,843.447,258.030,516.182,4725.000,-3605.000,-2231.250,23.855,13827,4230,8462,540,-412,-255,-293,0,0
8049839665,841.983,259.006,510.631,4908.750,-4191.250,-2633.750,23.859,13803,4246,8371,561,-479,-301,-292,0,0
8049849069,839.299,264.069,504.348,4830.000,-4620.000,-2922.500,23.859,13759,4329,8268,552,-528,-334,-292,0,0
8049858480,837.530,268.644,503.372,4725.000,-4777.500,-2931.250,23.832,13730,4404,8252,540,-546,-335,-299,0,0
8049867892,835.761,271.572,503.433,4646.250,-4996.250,-2765.000,23.832,13701,4452,8253,531,-571,-316,-299,0,0
8049877296,833.931,270.596,504.226,4523.750,-5346.250,-2485.000,23.824,13671,4436,8266,517,-611,-284,-301,0,0
8049886709,841.068,270.657,501.603,4340.000,-5985.000,-2415.000,23.824,13788,4437,8223,496,-684,-276,-301,0,0
8049896118,833.687,269.254,501.786,3237.500,-7008.750,-3316.250,23.840,13667,4414,8226,370,-801,-379,-297,0,0
8049905530,835.761,279.624,502.518,3220.000,-7673.750,-3473.750,23.840,13701,4584,8238,368,-877,-397,-297,0,0
8049914934,845.338,271.389,493.978,3640.000,-7700.000,-2581.250,23.840,13858,4449,8098,416,-880,-295,-297,0,0
8049924347,858.392,258.518,501.054,3858.750,-7428.750,-2835.000,23.840,14072,4238,8214,441,-849,-324,-297,0,0
8049933756,830.027,263.703,504.714,3430.000,-8400.000,-4226.250,23.852,13607,4323,8274,392,-960,-483,-294,0,0
8049943161,840.580,270.047,496.540,3403.750,-10010.000,-4278.750,23.852,13780,4427,8140,389,-1144,-489,-294,0,0
8049952573,846.497,268.888,486.841,3351.250,-10176.250,-3482.500,23.867,13877,4408,7981,383,-1163,-398,-290,0,0
8049961985,846.009,267.363,493.551,3526.250,-8111.250,-2695.000,23.867,13869,4383,8091,403,-927,-308,-290,0,0
8049971394,846.985,267.729,516.365,3552.500,-7280.000,-2047.500,23.852,13885,4389,8465,406,-832,-234,-294,0,0
8049980799,850.218,256.261,514.108,3263.750,-8172.500,-1855.000,23.852,13938,4201,8428,373,-934,-212,-294,0,0
8049990211,854.732,262.910,497.821,3666.250,-8907.500,-2178.750,23.848,14012,4310,8161,419,-1018,-249,-295,0,0
8049999622,858.575,265.228,490.013,4313.750,-8155.000,-2240.000,23.848,14075,4348,8033,493,-932,-256,-295,0,0
8050009027,856.989,267.180,492.758,4252.500,-6991.250,-2371.250,23.836,14049,4380,8078,486,-799,-271,-298,0,0
8050018438,850.767,271.023,499.712,4322.500,-6055.000,-2450.000,23.836,13947,4443,8192,494,-692,-280,-298,0,0
8050027849,839.909,265.045,505.995,5232.500,-5171.250,-1163.750,23.848,13769,4345,8295,598,-591,-133,-295,0,0
8050037260,847.107,255.529,508.862,6527.500,-5092.500,-367.500,23.848,13887,4189,8342,746,-582,-42,-295,0,0
8050046665,850.035,260.470,498.614,7945.000,-5407.500,-105.000,23.848,13935,4270,8174,908,-618,-12,-295,0,0
8050056076,839.360,269.193,501.542,8242.500,-5547.500,183.750,23.848,13760,4413,8222,942,-634,21,-295,0,0
8050065488,838.567,271.328,494.588,8618.750,-5845.000,901.250,23.848,13747,4448,8108,985,-668,103,-295,0,0
8050074899,848.815,269.803,486.170,8995.000,-5390.000,1890.000,23.848,13915,4423,7970,1028,-616,216,-295,0,0
8050084303,858.697,260.775,492.819,8977.500,-4751.250,2362.500,23.820,14077,4275,8079,1026,-543,270,-302,0,0
8050093715,865.834,253.272,485.560,8618.750,-4550.000,1986.250,23.820,14194,4152,7960,985,-520,227,-302,0,0
8050103126,872.971,252.296,485.255,7673.750,-3850.000,1172.500,23.844,14311,4136,7955,877,-440,134,-296,0,0
8050112530,868.091,253.028,490.806,6781.250,-3220.000,183.750,23.844,14231,4148,8046,775,-368,21,-296,0,0
8050121941,861.320,255.834,487.146,6352.500,-2756.250,-603.750,23.809,14120,4194,7986,726,-315,-69,-305,0,0
8050131353,852.475,259.311,489.098,6011.250,-2318.750,-1207.500,23.809,13975,4251,8018,687,-265,-138,-305,0,0
8050140759,843.630,261.812,497.150,5818.750,-2555.000,-1951.250,23.871,13830,4292,8150,665,-292,-223,-289,0,0
8050150167,839.421,270.047,501.176,5923.750,-3298.750,-2388.750,23.871,13761,4427,8216,677,-377,-273,-289,0,0
8050159579,834.175,276.147,498.919,6352.500,-3858.750,-2178.750,23.840,13675,4527,8179,726,-441,-249,-297,0,0
8050168991,821.853,278.465,504.287,6623.750,-4095.000,-1487.500,23.840,13473,4565,8267,757,-468,-170,-297,0,0
8050178396,828.563,277.977,504.165,7595.000,-4943.750,-402.500,23.801,13583,4557,8265,868,-565,-46,-307,0,0
8050187808,847.839,273.036,499.529,8338.750,-5591.250,323.750,23.801,13899,4476,8189,953,-639,37,-307,0,0
8050197215,858.209,269.925,484.767,8400.000,-5346.250,455.000,23.813,14069,4425,7947,960,-611,52,-304,0,0
8050206629,864.431,270.047,481.168,7892.500,-4558.750,35.000,23.813,14171,4427,7888,902,-521,4,-304,0,0
8050216033,860.100,266.570,484.584,7455.000,-4130.000,-481.250,23.828,14100,4370,7944,852,-472,-55,-300,0,0
8050225446,866.566,262.971,474.824,7446.250,-4462.500,-918.750,23.828,14206,4311,7784,851,-510,-105,-300,0,0
8050234854,879.071,263.886,456.646,7393.750,-3815.000,-1382.500,23.824,14411,4326,7486,845,-436,-158,-301,0,0
8050244260,876.570,267.058,452.986,6440.000,-1942.500,-1706.250,23.824,14370,4378,7426,736,-222,-195,-301,0,0
8050253672,863.760,266.387,465.613,4926.250,26.250,-1697.500,23.859,14160,4367,7633,563,3,-194,-292,0,0
8050263083,857.721,261.202,485.011,3788.750,1321.250,-1452.500,23.859,14061,4282,7951,433,151,-166,-292,0,0
8050272494,857.294,256.078,496.357,3718.750,2143.750,-1111.250,23.836,14054,4198,8137,425,245,-127,-298,0,0
8050281898,835.151,253.821,523.929,5145.000,2231.250,-402.500,23.836,13691,4161,8589,588,255,-46,-298,0,0
8050291310,833.504,263.337,481.900,8820.000,770.000,910.000,23.813,13664,4317,7900,1008,88,104,-304,0,0
8050300716,871.995,287.432,430.965,11165.000,1338.750,2598.750,23.813,14295,4712,7065,1276,153,297,-304,0,0
8050310131,888.587,287.920,416.752,10351.250,4060.000,3963.750,23.848,14567,4720,6832,1183,464,453,-295,0,0
8050319536,888.404,283.589,418.765,7376.250,6545.000,4033.750,23.848,14564,4649,6865,843,748,461,-295,0,0
8050328948,876.570,280.417,446.215,3290.000,7656.250,3780.000,23.840,14370,4597,7315,376,875,432,-297,0,0
8050338360,883.158,275.415,479.582,1855.000,5845.000,3535.000,23.840,14478,4515,7862,212,668,404,-297,0,0
8050347764,924.028,264.130,428.525,4532.500,3640.000,3561.250,23.836,15148,4330,7025,518,416,407,-298,0,0
8050357177,905.484,245.525,395.158,5871.250,5565.000,3832.500,23.836,14844,4025,6478,671,636,438,-298,0,0
8050366586,865.468,214.476,453.108,6448.750,5372.500,7323.750,23.859,14188,3516,7428,737,614,837,-292,0,0
8050375991,933.910,185.989,377.163,9773.750,-1758.750,8102.500,23.859,15310,3049,6183,1117,-201,926,-292,0,0
8050385403,971.669,230.519,260.714,9415.000,-1793.750,4401.250,23.883,15929,3779,4274,1076,-205,503,-286,0,0
8050394816,973.621,281.515,295.606,2878.750,6282.500,1671.250,23.883,15961,4615,4846,329,718,191,-286,0,0
8050404224,942.755,291.214,383.080,-5915.000,12486.250,805.000,23.824,15455,4774,6280,-676,1427,92,-301,0,0
8050413629,910.181,239.730,449.631,-12145.000,14603.750,157.500,23.824,14921,3930,7371,-1388,1669,18,-301,0,0
8050423040,854.976,153.354,510.387,-14586.250,14883.750,-3115.000,23.871,14016,2514,8367,-1667,1701,-356,-289,0,0
8050432452,870.287,165.493,564.250,-14245.000,13387.500,-9257.500,23.871,14267,2713,9250,-1628,1530,-1058,-289,0,0
8050441856,822.463,232.471,588.345,-9520.000,11593.750,-11865.000,23.793,13483,3811,9645,-1088,1325,-1356,-309,0,0
8050451267,792.390,234.667,585.417,-8636.250,10036.250,-12066.250,23.793,12990,3847,9597,-987,1147,-1379,-309,0,0
8050460679,761.463,251.259,578.097,-8277.500,11261.250,-11068.750,23.836,12483,4119,9477,-946,1287,-1265,-298,0,0
8050470090,749.629,282.552,614.575,-8373.750,14560.000,-8470.000,23.836,12289,4632,10075,-957,1664,-968,-298,0,0
8050479494,717.787,286.273,680.394,-7402.500,16983.750,-5118.750,23.848,11767,4693,11154,-846,1941,-585,-295,0,0
8050488905,701.073,263.581,736.697,-5127.500,16835.000,-2660.000,23.848,11493,4321,12077,-586,1924,-304,-295,0,0
8050498317,688.934,238.876,756.156,-1566.250,14971.250,-1347.500,23.832,11294,3916,12396,-179,1711,-154,-299,0,0
8050507722,671.671,232.898,764.330,3395.000,12643.750,-218.750,23.832,11011,3818,12530,388,1445,-25,-299,0,0
8050517135,656.482,245.464,765.489,8365.000,10088.750,1601.250,23.824,10762,4024,12549,956,1153,183,-301,0,0
8050526543,661.179,254.919,770.857,11865.000,6098.750,3858.750,23.824,10839,4179,12637,1356,697,441,-301,0,0
8050535955,674.416,236.497,787.571,15067.500,201.250,5232.500,23.859,11056,3877,12911,1722,23,598,-292,0,0
8050545360,693.692,213.012,760.182,19565.000,-9021.250,5197.500,23.859,11372,3492,12462,2236,-1031,594,-292,0,0
8050554772,721.874,240.706,662.338,26127.500,-18217.500,4558.750,23.809,11834,3946,10858,2986,-2082,521,-305,0,0
8050564181,762.988,267.363,560.163,28822.500,-23353.750,5258.750,23.809,12508,4383,9183,3294,-2669,601,-305,0,0
8050573593,812.215,274.927,523.868,28140.000,-23301.250,6387.500,23.832,13315,4507,8588,3216,-2663,730,-299,0,0
8050582998,842.044,251.137,534.543,27028.750,-21787.500,7087.500,23.832,13804,4117,8763,3089,-2490,810,-299,0,0
8050592410,862.540,234.789,512.217,27055.000,-21078.750,6300.000,23.852,14140,3849,8397,3092,-2409,720,-294,0,0
8050601816,889.075,224.602,481.107,26792.500,-19967.500,4366.250,23.852,14575,3682,7887,3062,-2282,499,-294,0,0
8050611224,916.098,255.468,439.627,27335.000,-18602.500,2826.250,23.828,15018,4188,7207,3124,-2126,323,-300,0,0
8050620636,911.706,274.439,399.001,26670.000,-17377.500,901.250,23.828,14946,4499,6541,3048,-1986,103,-300,0,0
8050630048,912.133,276.574,386.923,21245.000,-15645.000,-1513.750,23.852,14953,4534,6343,2428,-1788,-173,-294,0,0
8050639452,921.283,262.422,405.589,15968.750,-12565.000,-3543.750,23.852,15103,4302,6649,1825,-1436,-405,-294,0,0
8050648864,918.904,237.107,433.100,12757.500,-9021.250,-5635.000,23.797,15064,3887,7100,1458,-1031,-644,-308,0,0
8050658273,904.203,227.896,459.818,11952.500,-6177.500,-8417.500,23.797,14823,3736,7538,1366,-706,-962,-308,0,0
8050667685,879.559,232.532,480.558,12425.000,-4602.500,-11261.250,23.859,14419,3812,7878,1420,-526,-1287,-292,0,0
8050677090,853.878,255.346,488.732,13860.000,-4278.750,-13002.500,23.859,13998,4186,8012,1584,-489,-1486,-292,0,0
8050686502,848.144,272.548,490.745,14420.000,-3605.000,-12442.500,23.816,13904,4468,8045,1648,-412,-1422,-303,0,0
8050695912,840.702,275.537,502.396,13510.000,-1916.250,-10710.000,23.816,13782,4517,8236,1544,-219,-1224,-303,0,0
8050705324,824.964,273.646,524.722,11523.750,-673.750,-9327.500,23.852,13524,4486,8602,1317,-77,-1066,-294,0,0
8050714730,811.910,266.814,550.830,10255.000,-1505.000,-8006.250,23.852,13310,4374,9030,1172,-172,-915,-294,0,0
8050724139,800.259,264.374,558.272,10342.500,-4016.250,-6851.250,23.809,13119,4334,9152,1182,-459,-783,-305,0,0
8050733551,789.462,271.328,550.952,10727.500,-6921.250,-6072.500,23.809,12942,4448,9032,1226,-791,-694,-305,0,0
8050742955,788.120,272.365,547.536,11445.000,-9992.500,-5608.750,23.809,12920,4465,8976,1308,-1142,-641,-305,0,0
8050752367,790.255,269.010,551.013,12731.250,-12635.000,-4891.250,23.809,12955,4410,9033,1455,-1444,-559,-305,0,0
8050761778,817.522,264.313,535.031,14507.500,-15548.750,-3535.000,23.820,13402,4333,8771,1658,-1777,-404,-302,0,0
8050771189,846.436,264.618,518.439,16003.750,-17123.750,-3867.500,23.820,13876,4338,8499,1829,-1957,-442,-302,0,0
8050780594,835.822,269.864,481.961,16143.750,-17386.250,-4917.500,23.844,13702,4424,7901,1845,-1987,-562,-296,0,0
8050790005,784.582,257.725,458.171,13212.500,-13711.250,-5573.750,23.844,12862,4225,7511,1510,-1567,-637,-296,0,0
8050799416,924.638,259.860,543.266,11690.000,-16170.000,-6807.500,23.848,15158,4260,8906,1336,-1848,-778,-295,0,0
8050808820,852.597,330.010,447.923,18243.750,-21350.000,-7315.000,23.848,13977,5410,7343,2085,-2440,-836,-295,0,0
8050818232,865.895,320.982,408.395,15793.750,-18375.000,-3780.000,23.793,14195,5262,6695,1805,-2100,-432,-309,0,0
8050827644,861.991,314.760,413.092,11366.250,-12617.500,-1653.750,23.793,14131,5160,6772,1299,-1442,-189,-309,0,0
8050837055,857.172,306.586,446.947,7682.500,-8496.250,-122.500,23.816,14052,5026,7327,878,-971,-14,-303,0,0
8050846459,852.536,291.946,479.704,5556.250,-6291.250,953.750,23.816,13976,4786,7864,635,-719,109,-303,0,0
8050855871,847.717,278.831,502.518,5267.500,-6615.000,822.500,23.848,13897,4571,8238,602,-756,94,-295,0,0
8050865277,857.538,278.831,497.516,5958.750,-8837.500,-910.000,23.848,14058,4571,8156,681,-1010,-104,-295,0,0
8050874690,857.477,284.382,475.922,6308.750,-10150.000,-2257.500,23.859,14057,4662,7802,721,-1160,-258,-292,0,0
8050884097,857.416,285.663,460.489,6028.750,-9922.500,-2450.000,23.859,14056,4683,7549,689,-1134,-280,-292,0,0
8050893509,859.246,283.345,460.855,4917.500,-8793.750,-2388.750,23.844,14086,4645,7555,562,-1005,-273,-296,0,0
8050902915,862.357,276.025,473.360,3701.250,-7568.750,-2310.000,23.844,14137,4525,7760,423,-865,-264,-296,0,0
8050912323,862.967,270.047,482.144,3395.000,-6370.000,-2660.000,23.844,14147,4427,7904,388,-728,-304,-296,0,0
8050921735,863.150,268.034,489.708,3526.250,-5547.500,-3753.750,23.844,14150,4394,8028,403,-634,-429,-296,0,0
8050931147,855.220,268.827,492.453,4130.000,-5372.500,-4768.750,23.816,14020,4407,8073,472,-614,-545,-303,0,0
8050940551,845.033,284.504,479.521,4786.250,-5696.250,-4882.500,23.816,13853,4664,7861,547,-651,-558,-303,0,0
8050949962,845.826,296.094,464.393,5328.750,-5407.500,-3745.000,23.844,13866,4854,7613,609,-618,-428,-296,0,0
8050959374,851.072,296.521,465.796,4270.000,-3762.500,-2423.750,23.844,13952,4861,7636,488,-430,-277,-296,0,0
8050968785,852.536,287.737,480.070,3307.500,-1688.750,-1513.750,23.852,13976,4717,7870,378,-193,-173,-294,0,0
8050978190,845.094,281.637,493.246,3430.000,-717.500,-1365.000,23.852,13854,4617,8086,392,-82,-156,-294,0,0
8050987601,841.251,283.650,495.503,3718.750,-1120.000,-1435.000,23.836,13791,4650,8123,425,-128,-164,-298,0,0
8050997012,846.192,283.711,483.913,3753.750,-1618.750,-1365.000,23.836,13872,4651,7933,429,-185,-156,-298,0,0
8051006417,844.911,281.820,479.826,3535.000,-1163.750,-1382.500,23.848,13851,4620,7866,404,-133,-158,-295,0,0
8051015828,837.286,277.428,496.235,3386.250,-481.250,-1356.250,23.848,13726,4548,8135,387,-55,-155,-295,0,0
8051025240,835.639,276.452,510.936,4042.500,-1260.000,-1391.250,23.871,13699,4532,8376,462,-144,-159,-289,0,0
8051034645,838.079,273.280,513.315,4926.250,-3570.000,-1793.750,23.871,13739,4480,8415,563,-408,-205,-289,0,0
8051044060,843.630,273.524,500.078,5451.250,-6282.500,-2458.750,23.852,13830,4484,8198,623,-718,-281,-294,0,0
8051053466,844.301,278.648,482.266,5547.500,-7630.000,-2852.500,23.852,13841,4568,7906,634,-872,-326,-294,0,0
8051062877,845.155,282.308,472.384,5013.750,-7393.750,-2782.500,23.797,13855,4628,7744,573,-845,-318,-308,0,0
8051072282,841.922,286.883,478.606,4663.750,-6711.250,-2432.500,23.797,13802,4703,7846,533,-767,-278,-308,0,0
8051081694,841.373,288.286,486.719,4453.750,-6571.250,-1758.750,23.832,13793,4726,7979,509,-751,-201,-299,0,0
8051091105,844.728,283.589,489.525,5223.750,-6606.250,-857.500,23.832,13848,4649,8025,597,-755,-98,-299,0,0
8051100510,848.937,282.918,485.438,5766.250,-6518.750,-306.250,23.820,13917,4638,7958,659,-745,-35,-302,0,0
8051109926,849.364,285.114,485.621,6107.500,-6273.750,-105.000,23.820,13924,4674,7961,698,-717,-12,-302,0,0
8051119331,859.124,283.894,481.839,6466.250,-6282.500,96.250,23.813,14084,4654,7899,739,-718,11,-304,0,0
8051128738,867.054,276.818,476.288,6956.250,-5713.750,-61.250,23.813,14214,4538,7808,795,-653,-7,-304,0,0
8051138153,861.442,276.147,468.968,7113.750,-5153.750,-560.000,23.910,14122,4527,7688,813,-589,-64,-279,0,0
8051147558,864.065,281.149,467.016,6720.000,-4593.750,-665.000,23.910,14165,4609,7656,768,-525,-76,-279,0,0
8051156969,863.943,280.966,463.783,5705.000,-3972.500,-717.500,23.836,14163,4606,7603,652,-454,-82,-298,0,0
8051166381,855.647,277.123,474.153,4366.250,-3395.000,-673.750,23.836,14027,4543,7773,499,-388,-77,-298,0,0
8051175785,851.011,278.770,481.473,3841.250,-3193.750,-446.250,23.852,13951,4570,7893,439,-365,-51,-294,0,0
8051185196,853.817,276.696,485.560,3937.500,-2563.750,218.750,23.852,13997,4536,7960,450,-293,25,-294,0,0
8051194609,859.246,272.975,499.773,4751.250,-1058.750,1207.500,23.879,14086,4475,8193,543,-121,138,-287,0,0
8051204017,853.207,269.071,513.071,6273.750,297.500,1846.250,23.879,13987,4411,8411,717,34,211,-287,0,0
8051213423,840.946,269.925,511.607,7708.750,936.250,2170.000,23.840,13786,4425,8387,881,107,248,-297,0,0
8051222835,831.796,270.535,509.289,8583.750,542.500,2686.250,23.840,13636,4435,8349,981,62,307,-297,0,0
8051232247,827.770,272.609,499.041,9292.500,-866.250,3132.500,23.871,13570,4469,8181,1062,-99,358,-289,0,0
8051241654,835.639,273.585,495.503,9721.250,-2196.250,3552.500,23.871,13699,4485,8123,1111,-251,406,-289,0,0
8051251061,854.671,271.267,492.880,9800.000,-3648.750,3473.750,23.863,14011,4447,8080,1120,-417,397,-291,0,0
8051260474,880.901,269.620,478.850,9310.000,-4996.250,1863.750,23.863,14441,4420,7850,1064,-571,213,-291,0,0
8051269882,879.925,272.792,461.709,8111.250,-5547.500,-96.250,23.820,14425,4472,7569,927,-634,-11,-302,0,0
8051279288,866.932,280.966,447.008,6851.250,-5267.500,-1172.500,23.820,14212,4606,7328,783,-602,-134,-302,0,0
8051288700,861.442,286.700,446.398,5573.750,-4130.000,-1006.250,23.820,14122,4700,7318,637,-472,-115,-302,0,0
8051298111,859.734,277.977,466.406,4690.000,-2852.500,-472.500,23.820,14094,4557,7646,536,-326,-54,-302,0,0
8051307517,858.392,271.328,479.216,4453.750,-2423.750,-350.000,23.863,14072,4448,7856,509,-277,-40,-291,0,0
8051316927,850.584,274.378,480.863,4786.250,-2108.750,315.000,23.863,13944,4498,7883,547,-241,36,-291,0,0
8051326334,843.874,276.696,488.244,5267.500,-813.750,1548.750,23.836,13834,4536,8004,602,-93,177,-298,0,0
8051335749,834.663,271.755,514.108,5048.750,-551.250,2108.750,23.836,13683,4455,8428,577,-63,241,-298,0,0
8051345154,839.482,265.106,517.707,6142.500,-2310.000,2082.500,23.867,13762,4346,8487,702,-264,238,-290,0,0
8051354566,852.414,258.579,510.448,7157.500,-4462.500,1076.250,23.867,13974,4239,8368,818,-510,123,-290,0,0
8051363974,857.904,265.289,497.699,7105.000,-6483.750,-997.500,23.883,14064,4349,8159,812,-741,-114,-286,0,0
8051373380,849.303,278.343,480.497,6903.750,-7752.500,-2248.750,23.883,13923,4563,7877,789,-886,-257,-286,0,0
8051382792,845.582,281.088,474.275,6492.500,-7717.500,-2073.750,23.840,13862,4608,7775,742,-882,-237,-297,0,0
8051392203,844.667,282.613,467.260,6151.250,-7341.250,-1015.000,23.840,13847,4633,7660,703,-839,-116,-297,0,0
8051401608,846.253,277.062,471.591,5897.500,-6335.000,726.250,23.828,13873,4542,7731,674,-724,83,-300,0,0
8051411019,851.804,271.328,482.144,5818.750,-5197.500,2493.750,23.828,13964,4448,7904,665,-594,285,-300,0,0
8051420430,859.917,266.631,490.013,6448.750,-4121.250,4410.000,23.844,14097,4371,8033,737,-471,504,-296,0,0
8051429842,862.723,263.154,492.880,7315.000,-2633.750,5276.250,23.844,14143,4314,8080,836,-301,603,-296,0,0
8051439246,856.989,259.067,502.152,7778.750,-1531.250,4987.500,23.852,14049,4247,8232,889,-175,570,-294,0,0
8051448658,855.159,256.139,497.394,8478.750,-1741.250,4322.500,23.852,14019,4199,8154,969,-199,494,-294,0,0
8051458067,853.695,264.740,485.438,8785.000,-2738.750,3106.250,23.828,13995,4340,7958,1004,-313,355,-300,0,0
8051467479,852.780,272.182,481.290,8041.250,-3867.500,2187.500,23.828,13980,4462,7890,919,-442,250,-300,0,0
8051476885,855.037,278.770,471.225,7481.250,-4165.000,2292.500,23.859,14017,4570,7725,855,-476,262,-292,0,0
8051486298,852.231,281.454,464.149,6772.500,-3718.750,2703.750,23.859,13971,4614,7609,774,-425,309,-292,0,0
8051495703,843.874,278.221,478.850,6020.000,-3132.500,3421.250,23.844,13834,4561,7850,688,-358,391,-296,0,0
8051505117,852.109,273.524,484.096,5705.000,-3167.500,4217.500,23.844,13969,4484,7936,652,-362,482,-296,0,0
8051514523,858.453,265.045,489.403,5643.750,-3202.500,4917.500,23.855,14073,4345,8023,645,-366,562,-293,0,0
8051523934,860.954,256.139,489.220,5617.500,-3325.000,4996.250,23.855,14114,4199,8020,642,-380,571,-293,0,0
8051533340,855.159,255.285,484.645,6317.500,-3071.250,4620.000,23.820,14019,4185,7945,722,-351,528,-302,0,0
8051542748,857.355,256.566,486.292,6623.750,-2546.250,4725.000,23.820,14055,4206,7972,757,-291,540,-302,0,0
8051552160,858.087,259.494,487.207,7026.250,-1680.000,5215.000,23.918,14067,4254,7987,803,-192,596,-277,0,0
8051561573,856.806,252.845,502.823,7603.750,-1050.000,5538.750,23.918,14046,4145,8243,869,-120,633,-277,0,0
8051570977,860.771,248.880,501.786,7962.500,-2336.250,4585.000,23.828,14111,4080,8226,910,-267,524,-300,0,0
8051580387,857.599,249.185,486.048,8417.500,-4558.750,2791.250,23.828,14059,4085,7968,962,-521,319,-300,0,0
8051589799,863.089,256.627,471.225,7892.500,-6116.250,988.750,23.875,14149,4207,7725,902,-699,113,-288,0,0
8051599210,867.481,254.919,478.789,6860.000,-6571.250,-551.250,23.875,14221,4179,7849,784,-751,-63,-288,0,0
8051608616,860.588,254.614,489.647,6317.500,-7332.500,-1968.750,23.824,14108,4174,8027,722,-838,-225,-301,0,0
8051618029,856.257,255.285,487.634,6536.250,-8443.750,-2861.250,23.824,14037,4185,7994,747,-965,-327,-301,0,0
8051627437,855.098,256.688,482.510,6658.750,-9423.750,-3106.250,23.852,14018,4208,7910,761,-1077,-355,-294,0,0
8051636849,851.316,253.760,490.623,6606.250,-10360.000,-3255.000,23.852,13956,4160,8043,755,-1184,-372,-294,0,0
8051646253,859.368,254.309,484.706,6571.250,-11252.500,-3325.000,23.867,14088,4169,7946,751,-1286,-380,-290,0,0
8051655666,858.758,256.749,475.129,6772.500,-11200.000,-3298.750,23.867,14078,4209,7789,774,-1280,-377,-290,0,0
8051665074,848.510,262.605,473.116,6562.500,-10963.750,-2983.750,23.859,13910,4305,7756,750,-1253,-341,-292,0,0
8051674480,846.497,270.047,469.456,6440.000,-10876.250,-2003.750,23.859,13877,4427,7696,736,-1243,-229,-292,0,0
8051683891,854.793,266.021,475.373,6142.500,-10937.500,-1120.000,23.852,14013,4361,7793,702,-1250,-128,-294,0,0
8051693303,862.723,256.627,485.621,5565.000,-11261.250,-1102.500,23.852,14143,4207,7961,636,-1287,-126,-294,0,0
8051702709,875.899,251.869,476.044,5495.000,-12145.000,-1758.750,23.895,14359,4129,7804,628,-1388,-201,-283,0,0
8051712117,877.424,251.747,472.384,4698.750,-12258.750,-2861.250,23.895,14384,4127,7744,537,-1401,-327,-283,0,0
8051721530,893.345,255.956,456.890,4383.750,-11515.000,-3123.750,23.855,14645,4196,7490,501,-1316,-357,-293,0,0
8051730941,901.580,250.222,439.627,3683.750,-8960.000,-3683.750,23.855,14780,4102,7207,421,-1024,-421,-293,0,0
8051740346,871.629,256.932,456.585,2738.750,-7131.250,-4480.000,23.848,14289,4212,7485,313,-815,-512,-295,0,0
8051749760,877.058,262.483,441.274,3071.250,-6580.000,-4112.500,23.848,14378,4303,7234,351,-752,-470,-295,0,0
8051759167,874.374,259.128,449.204,2983.750,-5092.500,-3823.750,23.840,14334,4248,7364,341,-582,-437,-297,0,0
8051768573,872.178,256.200,457.134,3482.500,-4707.500,-3850.000,23.840,14298,4200,7494,398,-538,-440,-297,0,0
8051777985,866.932,255.895,467.016,3832.500,-4873.750,-4278.750,23.855,14212,4195,7656,438,-557,-489,-293,0,0
8051787394,858.697,264.740,474.214,4672.500,-5320.000,-4541.250,23.855,14077,4340,7774,534,-608,-519,-293,0,0
8051796806,861.625,279.746,459.330,5101.250,-5626.250,-4235.000,23.906,14125,4586,7530,583,-643,-484,-280,0,0
8051806210,858.270,280.661,470.310,3701.250,-4392.500,-3342.500,23.906,14070,4601,7710,423,-502,-382,-280,0,0
8051815623,855.281,265.106,491.599,2520.000,-3762.500,-2467.500,23.824,14021,4346,8059,288,-430,-282,-301,0,0
8051825031,859.307,251.320,493.795,2047.500,-4567.500,-2423.750,23.824,14087,4120,8095,234,-522,-277,-301,0,0
8051834444,861.869,247.721,498.797,2178.750,-5390.000,-2546.250,23.816,14129,4061,8177,249,-616,-291,-303,0,0
8051843849,859.551,248.819,496.723,2940.000,-6527.500,-2808.750,23.816,14091,4079,8143,336,-746,-321,-303,0,0
8051853260,867.481,255.590,473.238,3788.750,-7656.250,-3080.000,23.863,14221,4190,7758,433,-875,-352,-291,0,0
8051862673,868.152,256.444,461.038,3797.500,-7840.000,-3325.000,23.863,14232,4204,7558,434,-896,-380,-291,0,0
8051872081,866.993,255.468,464.088,3106.250,-7778.750,-3990.000,23.805,14213,4188,7608,355,-889,-456,-306,0,0
8051881487,865.041,255.895,464.759,2835.000,-7971.250,-4777.500,23.805,14181,4195,7619,324,-911,-546,-306,0,0
8051890898,868.945,260.287,467.809,2913.750,-8128.750,-5337.500,23.859,14245,4267,7669,333,-929,-610,-292,0,0
8051900310,858.331,260.836,484.584,3762.500,-7586.250,-4733.750,23.859,14071,4276,7944,430,-867,-541,-292,0,0
8051909716,866.749,256.444,476.593,5075.000,-7656.250,-4095.000,23.875,14209,4204,7813,580,-875,-468,-288,0,0
8051919123,874.496,259.433,448.411,6536.250,-7656.250,-3360.000,23.875,14336,4253,7351,747,-875,-384,-288,0,0
8051928536,880.474,265.594,421.510,6518.750,-6711.250,-2905.000,23.840,14434,4354,6910,745,-767,-332,-297,0,0
8051937941,880.047,270.596,416.020,5407.500,-4865.000,-2738.750,23.840,14427,4436,6820,618,-556,-313,-297,0,0
8051947353,872.300,267.607,436.760,4016.250,-2808.750,-2450.000,23.891,14300,4387,7160,459,-321,-280,-284,0,0
8051956761,864.126,259.799,466.284,3613.750,-1513.750,-2476.250,23.891,14166,4259,7644,413,-173,-283,-284,0,0
8051966175,851.560,255.956,485.682,4182.500,-1356.250,-2782.500,23.859,13960,4196,7962,478,-155,-318,-292,0,0
8051975580,848.022,265.777,489.891,4943.750,-1242.500,-3272.500,23.859,13902,4357,8031,565,-142,-374,-292,0,0
8051984994,847.473,271.938,508.679,6011.250,-892.500,-3150.000,23.875,13893,4458,8339,687,-102,-360,-288,0,0
8051994401,847.900,275.232,485.743,6580.000,-1977.500,-2511.250,23.875,13900,4512,7963,752,-226,-287,-288,0,0
8052003813,858.697,269.864,496.723,5731.250,-1513.750,-2301.250,23.859,14077,4424,8143,655,-173,-263,-292,0,0
8052013217,834.541,274.561,497.272,5153.750,-2318.750,-1863.750,23.859,13681,4501,8152,589,-265,-213,-292,0,0
8052022630,855.403,262.666,496.723,4803.750,-2861.250,-892.500,23.852,14023,4306,8143,549,-327,-102,-294,0,0
8052032036,876.326,236.802,509.106,4348.750,-3631.250,-682.500,23.852,14366,3882,8346,497,-415,-78,-294,0,0
8052041444,869.067,238.754,476.349,4900.000,-7280.000,-2800.000,23.820,14247,3914,7809,560,-832,-320,-302,0,0
8052050855,893.833,260.592,422.913,6168.750,-8671.250,-3062.500,23.820,14653,4272,6933,705,-991,-350,-302,0,0
8052060267,899.079,266.753,395.707,5626.250,-7708.750,-2275.000,23.879,14739,4373,6487,643,-881,-260,-287,0,0
8052069672,910.974,249.856,389.058,3561.250,-6081.250,-1505.000,23.879,14934,4096,6378,407,-695,-172,-287,0,0
8052079088,907.131,226.798,350.750,2047.500,-5013.750,-647.500,23.891,14871,3718,5750,234,-573,-74,-284,0,0
8052088494,918.904,233.996,334.585,-630.000,-1443.750,-1540.000,23.891,15064,3836,5485,-72,-165,-176,-284,0,0
8052097905,928.420,280.356,364.353,-3290.000,2362.500,-1916.250,23.855,15220,4596,5973,-376,270,-219,-293,0,0
8052107310,921.771,336.720,385.398,-5888.750,3080.000,743.750,23.855,15111,5520,6318,-673,352,85,-293,0,0
8052116723,915.366,315.248,386.679,-10062.500,2458.750,5075.000,23.852,15006,5168,6339,-1150,281,580,-294,0,0
8052126130,921.466,318.664,400.465,-18628.750,1085.000,6343.750,23.852,15106,5224,6565,-2129,124,725,-294,0,0
8052135543,903.898,282.552,458.110,-28367.500,-3045.000,5897.500,23.863,14818,4632,7510,-3242,-348,674,-291,0,0
8052144949,847.656,191.906,501.054,-33197.500,-7962.500,3150.000,23.863,13896,3146,8214,-3794,-910,360,-291,0,0
8052154360,878.034,162.321,469.578,-31403.750,-13676.250,-3491.250,23.840,14394,2661,7698,-3589,-1563,-399,-297,0,0
8052163766,821.792,169.824,543.449,-27081.250,-13895.000,-11488.750,23.840,13472,2784,8909,-3095,-1588,-1313,-297,0,0
8052173181,803.736,217.465,604.022,-19731.250,-14778.750,-16388.750,23.859,13176,3565,9902,-2255,-1689,-1873,-292,0,0
8052182586,808.677,220.393,622.139,-12013.750,-19433.750,-18558.750,23.859,13257,3613,10199,-1373,-2221,-2121,-292,0,0
8052191999,805.932,298.290,552.111,-4856.250,-19460.000,-17386.250,23.840,13212,4890,9051,-555,-2224,-1987,-297,0,0
8052201407,823.866,269.376,542.900,-630.000,-16983.750,-13142.500,23.840,13506,4416,8900,-72,-1941,-1502,-297,0,0
8052210813,833.504,242.902,538.447,945.000,-17010.000,-12092.500,23.867,13664,3982,8827,108,-1944,-1382,-290,0,0
8052220226,837.225,229.055,507.337,3386.250,-17920.000,-11278.750,23.867,13725,3755,8317,387,-2048,-1289,-290,0,0
8052229631,843.325,218.624,491.599,5433.750,-17097.500,-11077.500,23.898,13825,3584,8059,621,-1954,-1266,-282,0,0
8052239042,902.068,256.505,443.592,7358.750,-17027.500,-11138.750,23.898,14788,4205,7272,841,-1946,-1273,-282,0,0
8052248451,883.036,267.912,426.451,8041.250,-12337.500,-7647.500,23.848,14476,4392,6991,919,-1410,-874,-295,0,0
8052257862,868.579,217.709,452.315,6370.000,-10211.250,-6510.000,23.848,14239,3569,7415,728,-1167,-744,-295,0,0
8052267274,900.970,219.295,403.881,6090.000,-9808.750,-6702.500,23.863,14770,3595,6621,696,-1121,-766,-291,0,0
8052276679,884.866,231.617,430.843,6615.000,-5757.500,-5643.750,23.863,14506,3797,7063,756,-658,-645,-291,0,0
8052286088,880.901,232.837,435.662,6378.750,-3088.750,-3797.500,23.824,14441,3817,7142,729,-353,-434,-301,0,0
8052295501,886.635,221.125,446.703,5398.750,-1015.000,-2283.750,23.824,14535,3625,7323,617,-116,-261,-301,0,0
8052304906,904.691,236.131,438.407,5048.750,1093.750,-218.750,23.848,14831,3871,7187,577,125,-25,-295,0,0
8052314321,885.232,324.032,437.065,5958.750,6597.500,6098.750,23.848,14512,5312,7165,681,754,697,-295,0,0
8052323728,862.235,290.421,487.756,6536.250,11795.000,13571.250,23.863,14135,4761,7996,747,1348,1551,-291,0,0
8052333134,880.291,331.413,465.247,6921.250,14953.750,21708.750,23.863,14431,5433,7627,791,1709,2481,-291,0,0
8052342542,820.145,316.773,486.475,4812.500,17946.250,31010.000,23.816,13445,5193,7975,550,2051,3544,-303,0,0
8052351955,831.247,256.566,528.199,2362.500,19757.500,35603.750,23.816,13627,4206,8659,270,2258,4069,-303,0,0
8052361367,863.333,210.145,581.940,8303.750,17727.500,39515.000,23.871,14153,3445,9540,949,2026,4516,-289,0,0
8052370775,827.770,211.121,492.209,8977.500,11620.000,34483.750,23.871,13570,3461,8069,1026,1328,3941,-289,0,0
8052380181,898.774,160.125,435.174,8268.750,9380.000,31552.500,23.887,14734,2625,7134,945,1072,3606,-285,0,0
8052389595,903.593,208.620,408.639,6956.250,9870.000,23476.250,23.887,14813,3420,6699,795,1128,2683,-285,0,0
8052399003,899.445,246.684,478.789,5661.250,8960.000,20693.750,23.863,14745,4044,7849,647,1024,2365,-291,0,0
8052408409,866.749,205.692,437.187,2450.000,2835.000,14603.750,23.863,14209,3372,7167,280,324,1669,-291,0,0
8052417824,880.108,173.789,435.174,-245.000,2082.500,9537.500,23.895,14428,2849,7134,-28,238,1090,-283,0,0
8052427231,865.285,174.033,499.956,323.750,1715.000,2572.500,23.895,14185,2853,8196,37,196,294,-283,0,0
8052436637,862.845,220.210,510.997,2861.250,-542.500,-953.750,23.891,14145,3610,8377,327,-62,-109,-284,0,0
8052446051,859.917,236.985,522.282,5031.250,-1898.750,-1006.250,23.891,14097,3885,8562,575,-217,-115,-284,0,0
8052455458,866.200,233.325,508.740,5678.750,-3482.500,-52.500,23.848,14200,3825,8340,649,-398,-6,-295,0,0
8052464870,866.322,209.779,504.043,4690.000,-4340.000,910.000,23.848,14202,3439,8263,536,-496,104,-295,0,0
8052474275,870.653,199.897,495.076,4313.750,-5180.000,875.000,23.855,14273,3277,8116,493,-592,100,-293,0,0
8052483689,874.740,182.390,487.695,4628.750,-5538.750,472.500,23.855,14340,2990,7995,529,-633,54,-293,0,0
8052493097,874.679,175.192,484.828,4760.000,-5643.750,-621.250,23.844,14339,2872,7948,544,-645,-71,-296,0,0
8052502502,876.692,174.338,476.776,5031.250,-5573.750,-1723.750,23.844,14372,2858,7816,575,-637,-197,-296,0,0
8052511911,875.167,187.636,479.155,4952.500,-5188.750,-2878.750,23.848,14347,3076,7855,566,-593,-329,-295,0,0
8052521324,872.971,198.006,486.536,4698.750,-4978.750,-3622.500,23.848,14311,3246,7976,537,-569,-414,-295,0,0
8052530732,871.202,203.618,487.512,4523.750,-5083.750,-4068.750,23.855,14282,3338,7992,517,-581,-465,-293,0,0
8052540139,872.544,204.716,487.756,4567.500,-5215.000,-4191.250,23.855,14304,3356,7996,522,-596,-479,-293,0,0
8052549552,871.629,211.426,483.364,4488.750,-5258.750,-4348.750,23.840,14289,3466,7924,513,-601,-497,-297,0,0
8052558960,873.276,222.284,482.388,4427.500,-5250.000,-4252.500,23.840,14316,3644,7908,506,-600,-486,-297,0,0
8052568367,873.398,228.811,477.264,4410.000,-5145.000,-3745.000,23.855,14318,3751,7824,504,-588,-428,-293,0,0
8052577780,874.679,224.297,474.214,4042.500,-4847.500,-2983.750,23.855,14339,3677,7774,462,-554,-341,-293,0,0
8052587188,872.971,217.709,475.129,3097.500,-4445.000,-2598.750,23.859,14311,3569,7789,354,-508,-297,-292,0,0
8052596601,872.727,205.631,482.388,2170.000,-4165.000,-2476.250,23.859,14307,3371,7908,248,-476,-283,-292,0,0
8052606006,872.727,196.298,491.050,1750.000,-4287.500,-2738.750,23.844,14307,3218,8050,200,-490,-313,-296,0,0
8052615415,870.653,194.163,499.346,1776.250,-4593.750,-3167.500,23.844,14273,3183,8186,203,-525,-362,-296,0,0
8052624828,869.494,195.993,503.677,2310.000,-5145.000,-3578.750,23.852,14254,3213,8257,264,-588,-409,-294,0,0
8052634234,870.531,196.908,499.529,3185.000,-5915.000,-3841.250,23.852,14271,3228,8189,364,-676,-439,-294,0,0
8052643642,871.995,197.274,491.233,3692.500,-6370.000,-4112.500,23.852,14295,3234,8053,422,-728,-470,-294,0,0
8052653055,872.300,210.267,483.242,4628.750,-6562.500,-4313.750,23.852,14300,3447,7922,529,-750,-493,-294,0,0
8052662467,876.631,217.221,469.578,4952.500,-6466.250,-4068.750,23.832,14371,3561,7698,566,-739,-465,-299,0,0
8052671875,876.204,219.600,472.628,4987.500,-5792.500,-3710.000,23.832,14364,3600,7748,570,-662,-424,-299,0,0
8052681281,875.533,214.842,474.153,5057.500,-5215.000,-3167.500,23.855,14353,3522,7773,578,-596,-362,-293,0,0
8052690694,872.300,208.071,480.802,4751.250,-4812.500,-3018.750,23.855,14300,3411,7882,543,-550,-345,-293,0,0
8052700099,875.228,206.546,484.706,5110.000,-4760.000,-3062.500,23.828,14348,3386,7946,584,-544,-350,-300,0,0
8052709510,872.971,202.825,490.745,5888.750,-4655.000,-3176.250,23.828,14311,3325,8045,673,-532,-363,-300,0,0
8052718918,875.411,190.625,487.634,7227.500,-4786.250,-3333.750,23.871,14351,3125,7994,826,-547,-381,-289,0,0
8052728331,881.328,173.911,464.576,9170.000,-4725.000,-4147.500,23.871,14448,2851,7616,1048,-540,-474,-289,0,0
8052737738,883.890,146.827,472.994,10710.000,-4130.000,-6510.000,23.855,14490,2407,7754,1224,-472,-744,-293,0,0
8052747146,885.964,138.836,489.220,13562.500,-4383.750,-10018.750,23.855,14524,2276,8020,1550,-501,-1145,-293,0,0
8052756559,872.849,129.381,498.919,16712.500,-5661.250,-14043.750,23.875,14309,2121,8179,1910,-647,-1605,-288,0,0
8052765968,922.686,109.312,495.991,18672.500,-8400.000,-19652.500,23.875,15126,1792,8131,2134,-960,-2246,-288,0,0
8052775373,1043.954,208.986,401.075,23502.500,-10071.250,-23485.000,23.883,17114,3426,6575,2686,-1151,-2684,-286,0,0
8052784786,1169.004,297.497,261.507,25033.750,-1400.000,-24018.750,23.883,19164,4877,4287,2861,-160,-2745,-286,0,0
8052794194,1130.269,322.995,205.387,13431.250,16432.500,-24780.000,23.871,18529,5295,3367,1535,1878,-2832,-289,0,0
8052803607,1002.169,316.285,223.199,315.000,32593.750,-24648.750,23.871,16429,5185,3659,36,3725,-2817,-289,0,0
8052813013,885.415,283.040,301.706,-11908.750,41028.750,-24228.750,23.836,14515,4640,4946,-1361,4689,-2769,-298,0,0
8052822421,786.107,246.440,442.555,-20011.250,42796.250,-23406.250,23.836,12887,4040,7255,-2287,4891,-2675,-298,0,0
8052831834,744.749,227.225,570.594,-19215.000,38631.250,-20851.250,23.922,12209,3725,9354,-2196,4415,-2383,-276,0,0
8052841240,738.405,224.846,627.141,-13868.750,31858.750,-17657.500,23.922,12105,3686,10281,-1585,3641,-2018,-276,0,0
8052850649,736.270,232.898,643.733,-8557.500,25480.000,-14350.000,23.898,12070,3818,10553,-978,2912,-1640,-282,0,0
8052860062,736.880,246.013,626.470,-4235.000,19118.750,-11156.250,23.898,12080,4033,10270,-484,2185,-1275,-282,0,0
8052869467,740.784,255.529,600.362,-2808.750,12985.000,-8233.750,23.840,12144,4189,9842,-321,1484,-941,-297,0,0
8052878882,717.543,245.952,624.640,-3150.000,6903.750,-5022.500,23.840,11763,4032,10240,-360,789,-574,-297,0,0
8052888288,718.824,219.844,640.805,-2520.000,-3928.750,-1575.000,23.883,11784,3604,10505,-288,-449,-180,-286,0,0
8052897694,779.763,201.605,554.307,175.000,-16327.500,630.000,23.883,12783,3305,9087,20,-1866,72,-286,0,0
8052907110,851.560,203.740,478.118,1811.250,-22093.750,1496.250,23.859,13960,3340,7838,207,-2525,171,-292,0,0
8052916516,908.046,210.328,439.749,892.500,-22303.750,1041.250,23.859,14886,3448,7209,102,-2549,119,-292,0,0
8052925928,941.840,212.707,409.371,-1006.250,-19215.000,-341.250,23.859,15440,3487,6711,-115,-2196,-39,-292,0,0
8052935337,950.990,214.354,405.467,-3272.500,-13177.500,-2257.500,23.859,15590,3514,6647,-374,-1506,-258,-292,0,0
8052944742,917.074,217.709,442.738,-5801.250,-6877.500,-4147.500,23.840,15034,3569,7258,-663,-786,-474,-297,0,0
8052954155,874.496,221.552,499.651,-7393.750,-3316.250,-5915.000,23.840,14336,3632,8191,-845,-379,-676,-297,0,0
8052963562,836.493,219.905,553.026,-7507.500,-3386.250,-6580.000,23.828,13713,3605,9066,-858,-387,-752,-300,0,0
8052972969,805.139,220.576,560.102,-5950.000,-6387.500,-6072.500,23.828,13199,3616,9182,-680,-730,-694,-300,0,0
8052982380,804.712,232.593,543.754,-4068.750,-10430.000,-4926.250,23.867,13192,3813,8914,-465,-1192,-563,-290,0,0
8052991792,827.709,225.029,539.179,-3780.000,-14376.250,-3307.500,23.867,13569,3689,8839,-432,-1643,-378,-290,0,0
8053001199,863.089,207.522,509.045,-4628.750,-17316.250,-3106.250,23.875,14149,3402,8345,-529,-1979,-355,-288,0,0
8053010613,886.147,205.753,470.798,-5950.000,-17106.250,-4252.500,23.875,14527,3373,7718,-680,-1955,-486,-288,0,0
8053020019,887.672,207.278,473.299,-7323.750,-14586.250,-5827.500,23.855,14552,3398,7759,-837,-1667,-666,-293,0,0
8053029431,876.692,212.158,490.989,-7770.000,-11865.000,-7516.250,23.855,14372,3478,8049,-888,-1356,-859,-293,0,0
8053038839,857.660,221.064,504.165,-7490.000,-9616.250,-8828.750,23.902,14060,3624,8265,-856,-1099,-1009,-281,0,0
8053048245,829.539,237.473,543.510,-7201.250,-7988.750,-9388.750,23.902,13599,3893,8910,-823,-913,-1073,-281,0,0
8053057657,803.309,250.771,567.300,-6536.250,-8478.750,-8610.000,23.828,13169,4111,9300,-747,-969,-984,-300,0,0
8053067063,798.490,255.956,576.206,-6125.000,-9546.250,-7166.250,23.828,13090,4196,9446,-700,-1091,-819,-300,0,0
8053076472,783.972,244.610,599.813,-5346.250,-9992.500,-5888.750,23.883,12852,4010,9833,-611,-1142,-673,-286,0,0
8053085885,789.645,244.732,591.151,-3150.000,-10981.250,-5285.000,23.883,12945,4012,9691,-360,-1255,-604,-286,0,0
8053095293,805.383,246.928,584.014,-761.250,-10920.000,-4637.500,23.863,13203,4048,9574,-87,-1248,-530,-291,0,0
8053104699,809.531,236.863,590.114,1181.250,-9992.500,-4917.500,23.863,13271,3883,9674,135,-1142,-562,-291,0,0
8053114113,818.071,244.122,581.696,2843.750,-9992.500,-5923.750,23.895,13411,4002,9536,325,-1142,-677,-283,0,0
8053123521,817.644,251.869,559.248,4121.250,-10421.250,-6597.500,23.895,13404,4129,9168,471,-1191,-754,-283,0,0
8053132928,823.805,258.457,546.743,4182.500,-9992.500,-7350.000,23.832,13505,4237,8963,478,-1142,-840,-299,0,0
8053142343,823.195,261.934,546.011,4243.750,-8557.500,-7087.500,23.832,13495,4294,8951,485,-978,-810,-299,0,0
8053151749,820.511,257.176,558.821,4961.250,-7140.000,-6081.250,23.898,13451,4216,9161,567,-816,-695,-282,0,0
8053161155,820.450,259.799,551.318,6501.250,-6545.000,-5416.250,23.898,13450,4259,9038,743,-748,-619,-282,0,0
8053170568,817.400,264.984,547.963,7988.750,-6011.250,-4558.750,23.895,13400,4344,8983,913,-687,-521,-283,0,0
8053179975,820.328,256.444,543.388,8881.250,-6588.750,-3325.000,23.895,13448,4204,8908,1015,-753,-380,-283,0,0
8053189387,836.432,241.804,520.025,9528.750,-7822.500,-2730.000,23.867,13712,3964,8525,1089,-894,-312,-290,0,0
8053198800,852.353,228.750,514.108,9178.750,-8513.750,-3001.250,23.867,13973,3750,8428,1049,-973,-343,-290,0,0
8053208207,867.237,231.739,498.309,8872.500,-9205.000,-4068.750,23.840,14217,3799,8169,1014,-1052,-465,-297,0,0
8053217614,869.372,230.031,482.510,8207.500,-9406.250,-5285.000,23.840,14252,3771,7910,938,-1075,-604,-297,0,0
8053227027,856.135,232.166,486.414,7376.250,-9065.000,-6650.000,23.895,14035,3806,7974,843,-1036,-760,-283,0,0
8053236436,844.057,240.462,488.427,6930.000,-9528.750,-6921.250,23.895,13837,3942,8007,792,-1089,-791,-283,0,0
8053245842,836.188,241.255,498.980,6825.000,-9537.500,-6046.250,23.879,13708,3955,8180,780,-1090,-691,-287,0,0
8053255249,841.495,235.094,507.154,7052.500,-9992.500,-4567.500,23.879,13795,3854,8314,806,-1142,-522,-287,0,0
8053264663,856.013,232.471,500.383,7350.000,-11226.250,-3307.500,23.883,14033,3811,8203,840,-1283,-378,-286,0,0
8053274070,867.725,229.116,493.307,7673.750,-11908.750,-2248.750,23.883,14225,3756,8087,877,-1361,-257,-286,0,0
8053283479,881.877,227.957,480.436,8050.000,-11585.000,-1557.500,23.859,14457,3737,7876,920,-1324,-178,-292,0,0
8053292891,887.245,226.127,472.079,7997.500,-10552.500,-1688.750,23.859,14545,3707,7739,914,-1206,-193,-292,0,0
8053302298,885.598,225.944,458.171,7411.250,-9730.000,-2537.500,23.863,14518,3704,7511,847,-1112,-290,-291,0,0
8053311706,899.933,230.580,448.899,6895.000,-8671.250,-3141.250,23.863,14753,3780,7359,788,-991,-359,-291,0,0
8053321119,911.462,230.763,446.093,6387.500,-6378.750,-3692.500,23.887,14942,3783,7313,730,-729,-422,-285,0,0
8053330528,900.726,230.824,454.633,5582.500,-3473.750,-4856.250,23.887,14766,3784,7453,638,-397,-555,-285,0,0
8053339934,877.241,241.072,467.809,4996.250,-1356.250,-5993.750,23.879,14381,3952,7669,571,-155,-685,-287,0,0
8053349343,843.264,246.806,486.841,4401.250,-603.750,-6090.000,23.879,13824,4046,7981,503,-69,-696,-287,0,0
8053358756,824.842,248.758,500.261,4453.750,-1190.000,-5066.250,23.926,13522,4078,8201,509,-136,-579,-275,0,0
8053368162,826.916,251.869,515.206,4961.250,-2187.500,-3587.500,23.926,13556,4129,8446,567,-250,-410,-275,0,0
8053377570,837.347,247.477,526.125,5477.500,-3316.250,-2082.500,23.895,13727,4057,8625,626,-379,-238,-283,0,0
8053386983,845.338,243.695,520.330,6055.000,-4698.750,-1478.750,23.895,13858,3995,8530,692,-537,-169,-283,0,0
8053396390,842.959,242.902,510.875,6335.000,-5775.000,-1391.250,23.852,13819,3982,8375,724,-660,-159,-294,0,0
8053405804,845.643,240.096,504.592,6685.000,-6545.000,-1251.250,23.852,13863,3936,8272,764,-748,-143,-294,0,0
8053415210,858.209,236.863,502.518,7411.250,-6667.500,-822.500,23.840,14069,3883,8238,847,-762,-94,-297,0,0
8053424619,859.795,232.898,507.215,8347.500,-6335.000,-577.500,23.840,14095,3818,8315,954,-724,-66,-297,0,0
8053434032,864.919,230.763,504.104,9563.750,-6623.750,-673.750,23.875,14179,3783,8264,1093,-757,-77,-288,0,0
8053443438,862.052,237.595,481.778,10281.250,-7315.000,-1137.500,23.875,14132,3895,7898,1175,-836,-130,-288,0,0
8053452846,863.333,246.806,466.589,9598.750,-7568.750,-1365.000,23.883,14153,4046,7649,1097,-865,-156,-286,0,0
8053462260,866.932,242.597,468.968,8041.250,-7323.750,-1216.250,23.883,14212,3977,7688,919,-837,-139,-286,0,0
8053471666,874.557,229.238,480.863,6720.000,-7183.750,-1417.500,23.898,14337,3758,7883,768,-821,-162,-282,0,0
8053481073,878.766,222.040,488.061,6378.750,-7472.500,-2388.750,23.898,14406,3640,8001,729,-854,-273,-282,0,0
8053490487,877.912,229.909,482.144,7000.000,-7402.500,-3430.000,23.852,14392,3769,7904,800,-846,-392,-294,0,0
8053499892,873.764,243.512,469.822,7603.750,-6273.750,-3526.250,23.852,14324,3992,7702,869,-717,-403,-294,0,0
8053509307,854.183,248.087,476.044,7822.500,-4567.500,-2887.500,23.887,14003,4067,7804,894,-522,-330,-285,0,0
8053518714,848.510,251.442,484.950,8356.250,-4226.250,-2065.000,23.887,13910,4122,7950,955,-483,-236,-285,0,0
8053528120,855.830,253.760,488.427,8837.500,-5075.000,-1496.250,23.836,14030,4160,8007,1010,-580,-171,-298,0,0
8053537535,868.640,248.270,477.020,8697.500,-6370.000,-1365.000,23.836,14240,4070,7820,994,-728,-156,-298,0,0
8053546942,881.328,244.366,460.062,8172.500,-6028.750,-1548.750,23.871,14448,4006,7542,934,-689,-177,-289,0,0
8053556350,876.936,239.547,470.554,7262.500,-4348.750,-2021.250,23.871,14376,3927,7714,830,-497,-231,-289,0,0
8053565763,863.455,242.536,481.534,6746.250,-3543.750,-2511.250,23.832,14155,3976,7894,771,-405,-287,-299,0,0
8053575170,855.891,243.939,483.486,6413.750,-3972.500,-2826.250,23.832,14031,3999,7926,733,-454,-323,-299,0,0
8053584578,850.889,241.194,491.904,6291.250,-4777.500,-3045.000,23.859,13949,3954,8064,719,-546,-348,-292,0,0
8053593991,853.756,241.377,495.137,6650.000,-6291.250,-2843.750,23.859,13996,3957,8117,760,-719,-325,-292,0,0
8053603396,856.623,244.793,476.288,7411.250,-7883.750,-2397.500,23.820,14043,4013,7808,847,-901,-274,-302,0,0
8053612804,869.494,250.466,460.916,7446.250,-8277.500,-2178.750,23.820,14254,4106,7556,851,-946,-249,-302,0,0
8053622217,876.509,251.015,461.587,6912.500,-7796.250,-2196.250,23.852,14369,4115,7567,790,-891,-251,-294,0,0
8053631623,870.714,249.490,470.188,5923.750,-6588.750,-1960.000,23.852,14274,4090,7708,677,-753,-224,-294,0,0
8053641037,864.309,241.926,487.878,5705.000,-5521.250,-1251.250,23.863,14169,3966,7998,652,-631,-143,-291,0,0
8053650444,867.847,234.057,491.965,6615.000,-5880.000,-918.750,23.863,14227,3837,8065,756,-672,-105,-291,0,0
8053659856,882.853,235.582,474.275,7647.500,-6798.750,-1408.750,23.832,14473,3862,7775,874,-777,-161,-299,0,0
8053669260,893.406,242.902,447.740,7945.000,-6483.750,-2397.500,23.832,14646,3982,7340,908,-741,-274,-299,0,0
8053678669,891.759,248.575,443.165,7201.250,-4348.750,-3395.000,23.922,14619,4075,7265,823,-497,-388,-276,0,0
8053688083,881.938,254.004,453.596,6466.250,-2292.500,-3946.250,23.922,14458,4164,7436,739,-262,-451,-276,0,0
8053697492,870.043,251.442,469.273,5993.750,-1146.250,-4112.500,23.828,14263,4122,7693,685,-131,-470,-300,0,0
8053706898,857.660,245.037,478.545,5906.250,-1146.250,-4375.000,23.828,14060,4017,7845,675,-131,-500,-300,0,0
8053716313,849.303,249.612,478.728,5696.250,-1645.000,-4655.000,23.836,13923,4092,7848,651,-188,-532,-298,0,0
8053725720,837.286,254.309,489.098,5057.500,-1741.250,-3867.500,23.836,13726,4169,8018,578,-199,-442,-298,0,0
8053735127,835.578,245.952,515.084,4795.000,-1785.000,-2196.250,23.871,13698,4032,8444,548,-204,-251,-289,0,0
8053744535,848.632,231.983,528.260,5468.750,-2651.250,-822.500,23.871,13912,3803,8660,625,-303,-94,-289,0,0
8053753949,861.076,221.247,519.415,6693.750,-3955.000,-638.750,23.828,14116,3627,8515,765,-452,-73,-300,0,0
8053763357,864.919,230.153,492.636,7735.000,-4681.250,-1443.750,23.828,14179,3773,8076,884,-535,-165,-300,0,0
8053772763,871.080,241.926,476.471,8417.500,-3972.500,-1811.250,23.871,14280,3966,7811,962,-454,-207,-289,0,0
8053782177,869.128,238.083,481.290,8505.000,-2852.500,-2231.250,23.871,14248,3903,7890,972,-326,-255,-289,0,0
8053791585,860.283,235.216,487.939,8881.250,-2502.500,-3246.250,23.855,14103,3856,7999,1015,-286,-371,-293,0,0
8053800992,866.627,248.697,459.635,9966.250,-3185.000,-3911.250,23.855,14207,4077,7535,1139,-364,-447,-293,0,0
8053810400,863.943,255.773,449.021,9922.500,-3115.000,-4296.250,23.820,14163,4193,7361,1134,-356,-491,-302,0,0
8053819813,868.701,262.727,452.925,8067.500,-3062.500,-3946.250,23.820,14241,4307,7425,922,-350,-451,-302,0,0
8053829221,868.884,259.860,462.624,6457.500,-2922.500,-3360.000,23.840,14244,4260,7584,738,-334,-384,-297,0,0
8053838629,868.640,253.211,473.299,5293.750,-2695.000,-2870.000,23.840,14240,4151,7759,605,-308,-328,-297,0,0
8053848043,862.845,250.466,488.000,5372.500,-2275.000,-2126.250,23.895,14145,4106,8000,614,-260,-243,-283,0,0
8053857451,855.037,248.209,497.699,5923.750,-2555.000,-1933.750,23.895,14017,4069,8159,677,-292,-221,-283,0,0
8053866856,856.440,249.307,488.122,7122.500,-3543.750,-1925.000,23.836,14040,4087,8002,814,-405,-220,-298,0,0
8053876272,861.564,251.076,479.887,7612.500,-4383.750,-2257.500,23.836,14124,4116,7867,870,-501,-258,-298,0,0
8053885678,865.163,253.211,471.835,7253.750,-4917.500,-2703.750,23.918,14183,4151,7735,829,-562,-309,-277,0,0
8053895085,865.773,256.017,470.493,6798.750,-4865.000,-2660.000,23.918,14193,4197,7713,777,-556,-304,-277,0,0
8053904500,867.115,254.553,471.286,6247.500,-4051.250,-1750.000,23.836,14215,4173,7726,714,-463,-200,-298,0,0
8053913906,868.823,249.490,478.240,6125.000,-2835.000,-761.250,23.836,14243,4090,7840,700,-324,-87,-298,0,0
8053923314,865.285,244.122,488.915,6221.250,-2336.250,-542.500,23.887,14185,4002,8015,711,-267,-62,-285,0,0
8053932722,863.333,249.063,482.449,6448.750,-2922.500,-875.000,23.887,14153,4083,7909,737,-334,-100,-285,0,0
8053942137,867.481,254.004,468.297,6317.500,-3255.000,-1102.500,23.863,14221,4164,7677,722,-372,-126,-291,0,0
8053951543,871.751,253.272,464.027,5871.250,-2887.500,-1190.000,23.863,14291,4152,7607,671,-330,-136,-291,0,0
8053960956,872.605,248.819,468.968,5267.500,-2485.000,-1505.000,23.898,14305,4079,7688,602,-284,-172,-282,0,0
8053970364,874.740,244.610,470.615,5022.500,-2528.750,-2065.000,23.898,14340,4010,7715,574,-289,-236,-282,0,0
8053979770,875.655,244.915,469.456,4593.750,-2625.000,-2957.500,23.887,14355,4015,7696,525,-300,-338,-285,0,0
8053989184,874.618,246.623,470.615,4077.500,-2266.250,-3771.250,23.887,14338,4043,7715,466,-259,-431,-285,0,0
8053998592,867.237,245.342,484.096,3447.500,-1776.250,-4427.500,23.855,14217,4022,7936,394,-203,-506,-293,0,0
8054007998,859.490,244.549,496.601,3211.250,-1968.750,-4891.250,23.855,14090,4009,8141,367,-225,-559,-293,0,0
8054017411,850.218,247.233,489.952,3473.750,-2913.750,-5022.500,23.871,13938,4053,8032,397,-333,-574,-289,0,0
8054026819,846.070,251.503,482.693,3850.000,-3368.750,-4690.000,23.871,13870,4123,7913,440,-385,-536,-289,0,0
8054036226,845.521,254.248,490.745,4112.500,-3543.750,-4165.000,23.820,13861,4168,8045,470,-405,-476,-302,0,0
8054045638,850.096,254.065,494.588,4541.250,-4226.250,-3718.750,23.820,13936,4165,8108,519,-483,-425,-302,0,0
8054055047,857.538,252.235,489.281,4856.250,-5127.500,-3447.500,23.848,14058,4135,8021,555,-586,-394,-295,0,0
8054064453,867.481,251.686,470.798,4698.750,-5293.750,-3403.750,23.848,14221,4126,7718,537,-605,-389,-295,0,0
8054073868,869.555,248.636,470.066,4173.750,-4436.250,-3421.250,23.883,14255,4076,7706,477,-507,-391,-286,0,0
8054083275,869.982,242.292,486.597,3648.750,-3780.000,-3526.250,23.883,14262,3972,7977,417,-432,-403,-286,0,0
8054092682,866.200,240.218,484.828,3937.500,-3972.500,-3841.250,23.855,14200,3938,7948,450,-454,-439,-293,0,0
8054102096,865.773,245.525,471.042,4296.250,-4016.250,-4033.750,23.855,14193,4025,7722,491,-459,-461,-293,0,0
8054111503,862.418,250.893,470.676,4200.000,-3438.750,-3850.000,23.891,14138,4113,7716,480,-393,-440,-284,0,0
8054120911,859.490,250.039,479.460,3815.000,-3062.500,-3561.250,23.891,14090,4099,7860,436,-350,-407,-284,0,0
8054130324,857.843,247.172,485.743,3701.250,-3176.250,-3272.500,23.895,14063,4052,7963,423,-363,-374,-283,0,0
8054139732,858.331,247.599,484.706,4051.250,-3491.250,-3045.000,23.895,14071,4059,7946,463,-399,-348,-283,0,0
8054149139,861.503,249.734,483.303,4488.750,-3316.250,-2747.500,23.922,14123,4094,7923,513,-379,-314,-276,0,0
8054158552,861.564,252.906,488.061,4978.750,-2808.750,-2485.000,23.922,14124,4146,8001,569,-321,-284,-276,0,0
8054167960,859.307,250.832,490.379,5136.250,-2782.500,-2397.500,23.840,14087,4112,8039,587,-318,-274,-297,0,0
8054177368,859.124,249.185,490.440,5267.500,-3062.500,-2450.000,23.840,14084,4085,8040,602,-350,-280,-297,0,0
8054186775,857.416,251.198,485.072,5460.000,-3622.500,-2563.750,23.816,14056,4118,7952,624,-414,-293,-303,0,0
8054196189,856.318,258.396,477.569,5363.750,-3815.000,-2485.000,23.816,14038,4236,7829,613,-436,-284,-303,0,0
8054205595,861.686,257.603,480.375,5127.500,-3631.250,-2231.250,23.855,14126,4223,7875,586,-415,-255,-293,0,0
8054215003,863.638,253.089,480.802,4926.250,-3552.500,-2240.000,23.855,14158,4149,7882,563,-406,-256,-293,0,0
8054224418,864.065,253.089,476.227,4952.500,-3622.500,-2432.500,23.836,14165,4149,7807,566,-414,-278,-298,0,0
8054233826,863.699,253.028,473.604,4830.000,-3421.250,-2651.250,23.836,14159,4148,7764,552,-391,-303,-298,0,0
8054243231,861.259,254.187,475.556,4532.500,-3220.000,-2852.500,23.852,14119,4167,7796,518,-368,-326,-294,0,0
8054252645,857.172,253.638,479.887,4121.250,-3158.750,-2878.750,23.852,14052,4158,7867,471,-361,-329,-294,0,0
8054262053,851.072,250.710,487.878,3920.000,-3211.250,-2642.500,23.883,13952,4110,7998,448,-367,-302,-286,0,0
8054271460,848.510,249.429,498.370,4156.250,-3543.750,-2213.750,23.883,13910,4089,8170,475,-405,-253,-286,0,0
8054280868,849.181,247.294,499.163,4576.250,-4208.750,-1811.250,23.863,13921,4054,8183,523,-481,-207,-291,0,0
8054290281,855.159,247.904,489.342,5075.000,-4847.500,-1478.750,23.863,14019,4064,8022,580,-554,-169,-291,0,0
8054299689,863.333,250.039,483.852,5311.250,-4777.500,-1321.250,23.887,14153,4099,7932,607,-546,-151,-285,0,0
8054309096,871.507,250.466,479.704,5565.000,-4418.750,-1321.250,23.887,14287,4106,7864,636,-505,-151,-285,0,0
8054318510,874.618,247.782,476.105,5503.750,-3998.750,-1653.750,23.848,14338,4062,7805,629,-457,-189,-295,0,0
8054327918,869.982,251.747,468.358,5232.500,-3473.750,-2126.250,23.848,14262,4127,7678,598,-397,-243,-295,0,0
8054337325,863.089,251.747,471.591,4786.250,-2878.750,-2187.500,23.820,14149,4127,7731,547,-329,-250,-302,0,0
8054346739,863.150,246.440,485.377,4532.500,-2528.750,-2135.000,23.820,14150,4040,7957,518,-289,-244,-302,0,0
8054356146,861.076,243.512,487.573,4856.250,-2730.000,-2283.750,23.824,14116,3992,7993,555,-312,-261,-301,0,0
8054365552,857.599,247.660,482.388,4952.500,-2992.500,-2415.000,23.824,14059,4060,7908,566,-342,-276,-301,0,0
8054374967,851.438,253.028,486.963,4847.500,-3036.250,-2432.500,23.844,13958,4148,7983,554,-347,-278,-296,0,0
8054384374,851.438,253.333,490.196,4602.500,-3412.500,-2248.750,23.844,13958,4153,8036,526,-390,-257,-296,0,0
8054393782,851.194,253.577,487.817,4725.000,-3946.250,-2056.250,23.891,13954,4157,7997,540,-451,-235,-284,0,0
8054403189,860.222,251.747,486.658,5005.000,-4348.750,-1881.250,23.891,14102,4127,7978,572,-497,-215,-284,0,0
8054412602,865.224,250.344,481.229,5180.000,-4348.750,-1898.750,23.828,14184,4104,7889,592,-497,-217,-300,0,0
8054422010,863.455,251.442,479.887,5118.750,-4033.750,-2091.250,23.828,14155,4122,7867,585,-461,-239,-300,0,0
8054431418,862.967,251.625,480.863,5250.000,-3745.000,-2257.500,23.824,14147,4125,7883,600,-428,-258,-301,0,0
8054440833,861.198,250.039,481.412,5083.750,-3841.250,-2432.500,23.824,14118,4099,7892,581,-439,-278,-301,0,0
8054450238,861.137,249.978,482.693,4628.750,-3841.250,-2493.750,23.898,14117,4098,7913,529,-439,-285,-282,0,0
8054459645,860.405,246.867,486.414,4532.500,-3561.250,-2327.500,23.898,14105,4047,7974,518,-407,-266,-282,0,0
8054469060,856.440,245.220,490.989,4751.250,-3447.500,-2213.750,23.840,14040,4020,8049,543,-394,-253,-297,0,0
8054478467,856.806,246.806,490.989,5180.000,-3937.500,-2318.750,23.840,14046,4046,8049,592,-450,-265,-297,0,0
8054487875,859.429,249.185,485.011,5285.000,-4567.500,-2415.000,23.887,14089,4085,7951,604,-522,-276,-285,0,0
8054497288,860.283,249.673,482.144,4996.250,-4716.250,-2502.500,23.887,14103,4093,7904,571,-539,-286,-285,0,0
8054506696,857.782,252.723,483.486,5110.000,-4427.500,-2397.500,23.871,14062,4143,7926,584,-506,-274,-289,0,0
8054516104,855.891,251.442,485.011,5346.250,-4156.250,-2003.750,23.871,14031,4122,7951,611,-475,-229,-289,0,0
8054525511,857.111,246.379,485.072,5442.500,-4287.500,-1750.000,23.883,14051,4039,7952,622,-490,-200,-286,0,0
8054534925,859.917,246.074,484.462,5355.000,-4777.500,-1995.000,23.883,14097,4034,7942,612,-546,-228,-286,0,0
8054544331,860.222,250.527,485.926,5293.750,-5188.750,-2467.500,23.840,14102,4107,7966,605,-593,-282,-297,0,0
8054553739,863.333,251.991,482.693,5460.000,-5110.000,-2327.500,23.840,14153,4131,7913,624,-584,-266,-297,0,0
8054563153,859.368,252.418,487.573,5652.500,-4978.750,-2467.500,23.855,14088,4138,7993,646,-569,-282,-293,0,0
8054572560,859.063,253.333,482.327,5600.000,-5503.750,-2598.750,23.855,14083,4153,7907,640,-629,-297,-293,0,0
8054581967,868.884,253.760,469.517,5477.500,-5748.750,-2651.250,23.863,14244,4160,7697,626,-657,-303,-291,0,0
8054591381,871.019,251.991,464.149,5145.000,-5258.750,-2703.750,23.863,14279,4131,7609,588,-601,-309,-291,0,0
8054600789,868.701,251.930,470.371,4278.750,-4620.000,-2931.250,23.852,14241,4130,7711,489,-528,-335,-294,0,0
8054610196,860.283,252.967,474.885,4051.250,-4086.250,-2861.250,23.852,14103,4147,7785,463,-467,-327,-294,0,0
8054619604,857.294,251.869,489.220,4112.500,-3631.250,-2572.500,23.844,14054,4129,8020,470,-415,-294,-296,0,0
8054629018,859.490,244.610,497.150,4296.250,-3858.750,-2485.000,23.844,14090,4010,8150,491,-441,-284,-296,0,0
8054638424,861.686,241.682,500.444,4707.500,-4646.250,-2703.750,23.871,14126,3962,8204,538,-531,-309,-289,0,0
8054647832,860.039,245.281,490.257,5573.750,-4900.000,-2686.250,23.871,14099,4021,8037,637,-560,-307,-289,0,0
8054657246,859.002,251.625,481.168,6098.750,-5057.500,-2756.250,23.871,14082,4125,7888,697,-578,-315,-289,0,0
8054666655,858.941,255.834,471.042,5696.250,-5390.000,-2966.250,23.871,14081,4194,7722,651,-616,-339,-289,0,0
8054676061,865.224,253.028,475.617,4795.000,-5468.750,-3088.750,23.859,14184,4148,7797,548,-625,-353,-292,0,0
8054685474,867.176,246.013,480.924,4523.750,-5337.500,-3237.500,23.859,14216,4033,7884,517,-610,-370,-292,0,0
8054694882,866.200,246.501,477.935,4497.500,-5302.500,-3535.000,23.867,14200,4041,7835,514,-606,-404,-290,0,0
8054704288,866.261,248.697,475.007,4655.000,-4970.000,-3675.000,23.867,14201,4077,7787,532,-568,-420,-290,0,0
8054713703,862.601,247.538,478.118,4585.000,-4795.000,-3640.000,23.898,14141,4058,7838,524,-548,-416,-282,0,0
8054723110,864.919,247.355,473.726,4375.000,-4646.250,-3508.750,23.898,14179,4055,7766,500,-531,-401,-282,0,0
8054732517,861.198,249.246,485.133,4357.500,-3753.750,-3185.000,23.805,14118,4086,7953,498,-429,-364,-306,0,0
8054741932,859.612,250.893,492.270,4532.500,-3648.750,-3018.750,23.805,14092,4113,8070,518,-417,-345,-306,0,0
8054751338,859.551,254.004,485.926,4567.500,-4130.000,-3088.750,23.816,14091,4164,7966,522,-472,-353,-303,0,0
8054760746,855.769,255.895,484.035,4077.500,-3718.750,-2738.750,23.816,14029,4195,7935,466,-425,-313,-303,0,0
8054770160,857.050,253.821,494.222,4235.000,-3316.250,-2257.500,23.840,14050,4161,8102,484,-379,-258,-297,0,0
8054779567,860.344,249.978,489.769,4707.500,-3535.000,-2065.000,23.840,14104,4098,8029,538,-404,-236,-297,0,0
8054788974,865.285,251.930,477.081,5092.500,-3491.250,-2135.000,23.891,14185,4130,7821,582,-399,-244,-284,0,0
8054798388,865.956,252.601,475.068,5066.250,-3018.750,-2336.250,23.891,14196,4141,7788,579,-345,-267,-284,0,0
8054807796,864.004,252.357,476.532,4847.500,-2817.500,-2756.250,23.887,14164,4137,7812,554,-322,-315,-285,0,0
8054817203,859.063,251.747,476.776,4830.000,-3158.750,-3141.250,23.887,14083,4127,7816,552,-361,-359,-285,0,0
8054826610,856.135,255.529,474.031,4978.750,-3570.000,-3395.000,23.852,14035,4189,7771,569,-408,-388,-294,0,0
8054836024,853.817,258.213,480.314,4777.500,-3788.750,-3325.000,23.852,13997,4233,7874,546,-433,-380,-294,0,0
8054845431,855.952,259.311,484.767,4856.250,-4340.000,-3246.250,23.844,14032,4251,7947,555,-496,-371,-296,0,0
8054854839,860.954,254.370,480.924,5110.000,-4497.500,-2887.500,23.844,14114,4170,7884,584,-514,-330,-296,0,0
8054864252,859.490,248.270,485.011,5022.500,-4165.000,-2616.250,23.852,14090,4070,7951,574,-476,-299,-294,0,0
8054873658,857.477,248.636,488.610,5180.000,-4296.250,-2607.500,23.852,14057,4076,8010,592,-491,-298,-294,0,0
8054883066,857.294,250.222,483.791,5066.250,-4725.000,-2476.250,23.852,14054,4102,7931,579,-540,-283,-294,0,0
8054892480,859.246,247.904,487.512,5276.250,-4602.500,-1951.250,23.852,14086,4064,7992,603,-526,-223,-294,0,0
8054901888,862.662,247.294,489.769,5897.500,-4567.500,-1636.250,23.859,14142,4054,8029,674,-522,-187,-292,0,0
8054911295,865.590,248.270,480.131,6247.500,-4952.500,-1907.500,23.859,14190,4070,7871,714,-566,-218,-292,0,0
8054920703,864.065,254.187,470.188,6020.000,-5311.250,-2572.500,23.863,14165,4167,7708,688,-607,-294,-291,0,0
8054930117,860.222,259.799,469.517,5232.500,-5355.000,-2975.000,23.863,14102,4259,7697,598,-612,-340,-291,0,0
8054939523,858.575,258.518,480.741,4786.250,-5223.750,-3080.000,23.883,14075,4238,7881,547,-597,-352,-286,0,0
8054948935,859.307,256.078,482.266,5127.500,-5267.500,-2826.250,23.883,14087,4198,7906,586,-602,-323,-286,0,0
8054958343,860.344,255.468,484.279,5346.250,-5171.250,-2467.500,23.875,14104,4188,7939,611,-591,-282,-288,0,0
8054967756,854.976,252.784,486.414,5433.750,-5372.500,-2467.500,23.875,14016,4144,7974,621,-614,-282,-288,0,0
8054977164,856.135,253.394,478.606,5512.500,-6028.750,-2633.750,23.832,14035,4154,7846,630,-689,-301,-299,0,0
8054986570,855.342,251.625,477.813,5215.000,-6002.500,-2607.500,23.832,14022,4125,7833,596,-686,-298,-299,0,0
8054995984,856.806,250.283,489.769,5407.500,-5862.500,-2563.750,23.891,14046,4103,8029,618,-670,-293,-284,0,0
8055005393,853.634,253.699,487.390,6081.250,-6037.500,-2388.750,23.891,13994,4159,7990,695,-690,-273,-284,0,0
8055014798,845.887,251.625,488.732,6361.250,-6343.750,-2450.000,23.875,13867,4125,8012,727,-725,-280,-288,0,0
8055024210,828.746,259.067,483.486,6475.000,-6921.250,-2231.250,23.875,13586,4247,7926,740,-791,-255,-288,0,0
8055033619,835.578,250.588,505.019,6685.000,-7183.750,-1496.250,23.910,13698,4108,8279,764,-821,-171,-279,0,0
8055043026,852.658,245.403,512.217,7595.000,-8015.000,-1662.500,23.910,13978,4023,8397,868,-916,-190,-279,0,0
8055052434,845.582,257.725,500.261,9152.500,-9038.750,-1960.000,23.859,13862,4225,8201,1046,-1033,-224,-292,0,0
8055061847,827.160,259.311,504.043,9616.250,-10351.250,-2318.750,23.859,13560,4251,8263,1099,-1183,-265,-292,0,0
8055071253,835.517,262.117,493.917,9310.000,-11847.500,-1618.750,23.883,13697,4297,8097,1064,-1354,-185,-286,0,0
8055080668,1017.358,264.496,448.472,9668.750,-11313.750,-1041.250,23.883,16678,4336,7352,1105,-1293,-119,-286,0,0
8055090075,865.224,259.311,447.862,7901.250,-5775.000,-2380.000,23.871,14184,4251,7342,903,-660,-272,-289,0,0
8055099481,868.762,263.032,419.314,6361.250,-4480.000,-2301.250,23.871,14242,4312,6874,727,-512,-263,-289,0,0
8055108896,872.483,254.187,428.159,5433.750,-1767.500,-1767.500,23.898,14303,4167,7019,621,-202,-202,-282,0,0
8055118302,869.128,240.035,503.311,4760.000,-752.500,-1557.500,23.898,14248,3935,8251,544,-86,-178,-282,0,0
8055127710,884.195,245.647,472.323,6562.500,-3753.750,-1820.000,23.855,14495,4027,7743,750,-429,-208,-293,0,0
8055137124,874.130,243.573,445.605,6877.500,-4935.000,-2432.500,23.855,14330,3993,7305,786,-564,-278,-293,0,0
8055146530,876.570,254.980,438.102,5521.250,-4576.250,-3342.500,23.891,14370,4180,7182,631,-523,-382,-284,0,0
8055155939,872.239,260.592,472.262,3736.250,-3683.750,-3430.000,23.891,14299,4272,7742,427,-421,-392,-284,0,0
8055165352,862.296,248.636,497.943,2922.500,-4453.750,-2913.750,23.871,14136,4076,8163,334,-509,-333,-289,0,0
8055174760,864.248,242.353,491.416,2765.000,-5818.750,-2878.750,23.871,14168,3973,8056,316,-665,-329,-289,0,0
8055184167,868.274,245.586,483.425,3001.250,-6991.250,-3115.000,23.875,14234,4026,7925,343,-799,-356,-288,0,0
8055193580,870.409,246.440,470.920,3351.250,-7883.750,-3088.750,23.875,14269,4040,7720,383,-901,-353,-288,0,0
8055202985,879.986,253.455,443.165,3106.250,-8426.250,-3027.500,23.887,14426,4155,7265,355,-963,-346,-285,0,0
8055212393,885.781,249.002,434.442,2126.250,-7761.250,-2572.500,23.887,14521,4082,7122,243,-887,-294,-285,0,0
8055221806,906.338,251.747,418.460,980.000,-7761.250,-1968.750,23.875,14858,4127,6860,112,-887,-225,-288,0,0
8055231214,927.810,271.633,395.646,-743.750,-8417.500,-26.250,23.875,15210,4453,6486,-85,-962,-3,-288,0,0
8055240621,940.437,296.948,364.353,-3482.500,-8942.500,2703.750,23.875,15417,4868,5973,-398,-1022,309,-288,0,0
8055250034,948.367,310.246,294.752,-8321.250,-10421.250,4305.000,23.875,15547,5086,4832,-951,-1191,492,-288,0,0
8055259442,888.282,303.292,360.754,-14796.250,-5048.750,6772.500,23.863,14562,4972,5914,-1691,-577,774,-291,0,0
8055268848,920.734,259.311,394.182,-20396.250,-4663.750,6903.750,23.863,15094,4251,6462,-2331,-533,789,-291,0,0
8055278264,854.549,231.251,486.536,-21822.500,-6125.000,6833.750,23.910,14009,3791,7976,-2494,-700,781,-279,0,0
8055287670,868.640,220.393,450.912,-19565.000,-6483.750,5442.500,23.910,14240,3613,7392,-2236,-741,622,-279,0,0
8055297083,816.546,198.189,565.714,-17613.750,-4742.500,2021.250,23.879,13386,3249,9274,-2013,-542,231,-287,0,0
8055306491,830.027,248.209,545.401,-9563.750,-6265.000,708.750,23.879,13607,4069,8941,-1093,-716,81,-287,0,0
8055315897,808.677,222.284,625.067,-4935.000,-4436.250,-157.500,23.840,13257,3644,10247,-564,-507,-18,-297,0,0
8055325309,776.469,209.230,664.351,-1067.500,-7061.250,-603.750,23.840,12729,3430,10891,-122,-807,-69,-297,0,0
8055334718,823.073,204.106,581.452,4506.250,-11340.000,-1522.500,23.895,13493,3346,9532,515,-1296,-174,-283,0,0
8055344124,817.583,190.808,597.312,7350.000,-12145.000,-3648.750,23.895,13403,3128,9792,840,-1388,-417,-283,0,0
8055353537,850.584,210.694,538.508,10832.500,-15715.000,-5923.750,23.875,13944,3454,8828,1238,-1796,-677,-288,0,0
8055362949,863.272,213.683,488.549,13177.500,-16756.250,-6842.500,23.875,14152,3503,8009,1506,-1915,-782,-288,0,0
8055372357,876.692,213.622,451.095,13413.750,-16651.250,-8365.000,23.887,14372,3502,7395,1533,-1903,-956,-285,0,0
8055381762,869.799,179.767,467.992,12188.750,-15960.000,-9817.500,23.887,14259,2947,7672,1393,-1824,-1122,-285,0,0
8055391176,887.916,182.085,440.176,11270.000,-16476.250,-11961.250,23.848,14556,2985,7216,1288,-1883,-1367,-295,0,0
8055400584,882.182,226.920,461.160,14323.750,-13527.500,-11033.750,23.848,14462,3720,7560,1637,-1546,-1261,-295,0,0
8055409991,888.465,250.100,443.165,17141.250,-12451.250,-7735.000,23.863,14565,4100,7265,1959,-1423,-884,-291,0,0
8055419403,892.003,215.330,420.046,13125.000,-11191.250,-5661.250,23.863,14623,3530,6886,1500,-1279,-647,-291,0,0
8055428811,894.687,205.143,414.922,12057.500,-7227.500,-3535.000,23.863,14667,3363,6802,1378,-826,-404,-291,0,0
8055438217,891.820,286.029,405.101,15426.250,770.000,3850.000,23.863,14620,4689,6641,1763,88,440,-291,0,0
8055447630,856.501,343.796,428.220,18453.750,11935.000,17543.750,23.844,14041,5636,7020,2109,1364,2005,-296,0,0
8055457037,869.738,314.516,527.894,15225.000,21708.750,28971.250,23.844,14258,5156,8654,1740,2481,3311,-296,0,0
8055466445,849.242,324.459,521.794,18558.750,23187.500,43006.250,23.879,13922,5319,8554,2121,2650,4915,-287,0,0
8055475860,872.483,312.442,435.235,22295.000,22295.000,50338.750,23.879,14303,5122,7135,2548,2548,5753,-287,0,0
8055485267,836.127,323.544,393.938,18646.250,23073.750,55676.250,23.863,13707,5304,6458,2131,2637,6363,-291,0,0
8055494674,917.928,227.713,409.554,14962.500,22741.250,56988.750,23.863,15048,3733,6714,1710,2599,6513,-291,0,0
8055504089,926.468,142.801,389.973,9493.750,19853.750,48370.000,23.867,15188,2341,6393,1085,2269,5528,-290,0,0
8055513495,877.302,211.670,420.900,8627.500,20352.500,41527.500,23.867,14382,3470,6900,986,2326,4746,-290,0,0
8055522902,875.350,173.484,542.534,9292.500,18401.250,34868.750,23.855,14350,2844,8894,1062,2103,3985,-293,0,0
8055532316,876.936,160.247,516.731,11033.750,10228.750,27755.000,23.855,14376,2627,8471,1261,1169,3172,-293,0,0
8055541724,855.098,120.658,552.172,12267.500,5941.250,20160.000,23.828,14018,1978,9052,1402,679,2304,-300,0,0
8055551131,850.828,67.344,594.323,13737.500,87.500,9222.500,23.828,13948,1104,9743,1570,10,1054,-300,0,0
8055560544,849.608,108.092,560.041,17430.000,-6580.000,-1408.750,23.855,13928,1772,9181,1992,-752,-161,-293,0,0
8055569952,846.070,175.314,558.272,23021.250,-9047.500,-7035.000,23.855,13870,2874,9152,2631,-1034,-804,-293,0,0
8055579359,848.388,169.702,509.350,25445.000,-9905.000,-9117.500,23.871,13908,2782,8350,2908,-1132,-1042,-289,0,0
8055588773,841.983,147.681,496.967,21183.750,-7927.500,-13247.500,23.871,13803,2421,8147,2421,-906,-1514,-289,0,0
8055598181,817.583,135.725,515.084,20107.500,-6081.250,-17727.500,23.898,13403,2225,8444,2298,-695,-2026,-282,0,0
8055607587,855.952,158.905,524.356,24578.750,-6238.750,-21393.750,23.898,14032,2605,8596,2809,-713,-2445,-282,0,0
8055616994,861.137,214.476,516.060,30135.000,-8277.500,-23336.250,23.871,14117,3516,8460,3444,-946,-2667,-289,0,0
8055626408,893.833,296.033,421.876,31438.750,-10482.500,-22548.750,23.871,14653,4853,6916,3593,-1198,-2577,-289,0,0
8055635814,865.956,289.567,453.413,25698.750,-7805.000,-20825.000,23.875,14196,4747,7433,2937,-892,-2380,-288,0,0
8055645228,907.131,277.733,453.657,15155.000,-9222.500,-19608.750,23.875,14871,4553,7437,1732,-1054,-2241,-288,0,0
8055654636,897.615,280.661,431.148,11725.000,-9117.500,-15627.500,23.891,14715,4601,7068,1340,-1042,-1786,-284,0,0
8055664042,880.291,268.644,437.614,7140.000,-8268.750,-12293.750,23.891,14431,4404,7174,816,-945,-1405,-284,0,0
8055673456,905.301,241.682,477.996,2878.750,-8382.500,-9082.500,23.863,14841,3962,7836,329,-958,-1038,-291,0,0
8055682862,907.985,209.962,446.337,1452.500,-11908.750,-7096.250,23.863,14885,3442,7317,166,-1361,-811,-291,0,0
8055692271,921.832,198.311,380.213,-17.500,-13571.250,-6160.000,23.852,15112,3251,6233,-2,-1551,-704,-294,0,0
8055701684,930.799,185.013,362.218,-2511.250,-11900.000,-5040.000,23.852,15259,3033,5938,-287,-1360,-576,-294,0,0
8055711090,932.690,177.876,345.138,-5136.250,-9870.000,-4252.500,23.863,15290,2916,5658,-587,-1128,-486,-291,0,0
8055720503,950.197,211.975,370.941,-8137.500,-7936.250,-4042.500,23.863,15577,3475,6081,-930,-907,-462,-291,0,0
8055729911,952.454,287.066,383.995,-8837.500,-8723.750,-1163.750,23.871,15614,4706,6295,-1010,-997,-133,-289,0,0
8055739317,963.129,298.229,378.322,-11952.500,-8881.250,3692.500,23.871,15789,4889,6202,-1366,-1015,422,-289,0,0
8055748731,898.530,287.310,378.383,-16983.750,-14113.750,8400.000,23.844,14730,4710,6203,-1941,-1613,960,-296,0,0
8055758138,942.999,249.978,265.472,-23590.000,-12521.250,8977.500,23.844,15459,4098,4352,-2696,-1431,1026,-296,0,0
8055767544,906.277,214.537,467.382,-27335.000,-5223.750,10088.750,23.848,14857,3517,7662,-3124,-597,1153,-295,0,0
8055776957,867.237,170.007,525.393,-22513.750,-7227.500,8688.750,23.848,14217,2787,8613,-2573,-826,993,-295,0,0
8055786364,857.904,204.167,589.870,-17211.250,-12652.500,6623.750,23.859,14064,3347,9670,-1967,-1446,757,-292,0,0
8055795777,801.418,220.881,540.460,-6273.750,-13667.500,9625.000,23.859,13138,3621,8860,-717,-1562,1100,-292,0,0
8055805186,794.586,226.310,585.417,-1960.000,-9240.000,9808.750,23.902,13026,3710,9597,-224,-1056,1121,-281,0,0
8055814592,796.538,207.217,608.475,2178.750,-9318.750,9852.500,23.902,13058,3397,9975,249,-1065,1126,-281,0,0
8055824005,850.950,189.527,511.729,4313.750,-10832.500,9222.500,23.918,13950,3107,8389,493,-1238,1054,-277,0,0
8055833413,857.538,150.914,502.579,6851.250,-7437.500,7560.000,23.918,14058,2474,8239,783,-850,864,-277,0,0
8055842819,891.759,114.192,446.276,11558.750,-4952.500,4418.750,23.887,14619,1872,7316,1321,-566,505,-285,0,0
8055852232,905.240,121.207,423.157,16310.000,-1995.000,866.250,23.887,14840,1987,6937,1864,-228,99,-285,0,0
8055861638,908.778,96.380,424.438,21070.000,1050.000,-2038.750,23.848,14898,1580,6958,2408,120,-233,-295,0,0
8055871053,932.812,74.359,414.007,25541.250,2467.500,-6370.000,23.848,15292,1219,6787,2919,282,-728,-295,0,0
8055880459,1009.672,36.356,420.656,25996.250,1688.750,-14157.500,23.879,16552,596,6896,2971,193,-1618,-287,0,0
8055889866,1295.030,36.417,231.251,22872.500,1522.500,-27361.250,23.879,21230,597,3791,2614,174,-3127,-287,0,0
8055899280,1370.365,145.302,8.052,18838.750,21980.000,-36627.500,23.891,22465,2382,132,2153,2512,-4186,-284,0,0
8055908688,1154.608,329.888,77.348,14796.250,53060.000,-38718.750,23.891,18928,5408,1268,1691,6064,-4425,-284,0,0
8055918095,914.085,394.548,252.906,-1995.000,69510.000,-35778.750,23.887,14985,6468,4146,-228,7944,-4089,-285,0,0
8055927508,736.331,339.831,396.866,-20396.250,69580.000,-27168.750,23.887,12071,5571,6506,-2331,7952,-3105,-285,0,0
8055936916,624.640,218.746,535.519,-27860.000,60707.500,-17832.500,23.898,10240,3586,8779,-3184,6938,-2038,-282,0,0
8055946323,547.231,174.948,649.467,-25401.250,44371.250,-10736.250,23.898,8971,2868,10647,-2903,5071,-1227,-282,0,0
8055955737,608.597,172.142,691.252,-20116.250,21796.250,-5127.500,23.898,9977,2822,11332,-2299,2491,-586,-282,0,0
8055965145,710.467,190.869,646.356,-15190.000,2703.750,-822.500,23.898,11647,3129,10596,-1736,309,-94,-282,0,0
8055974551,787.937,190.564,638.426,-14962.500,-8627.500,1557.500,23.930,12917,3124,10466,-1710,-986,178,-274,0,0
8055983959,821.426,167.506,623.237,-14971.250,-16161.250,1505.000,23.930,13466,2746,10217,-1711,-1847,172,-274,0,0
8055993372,819.718,172.325,607.926,-14542.500,-22058.750,-315.000,23.879,13438,2825,9966,-1662,-2521,-36,-287,0,0
8056002784,805.566,187.514,606.828,-13265.000,-27378.750,-1933.750,23.879,13206,3074,9948,-1516,-3129,-221,-287,0,0
8056012190,839.848,184.952,559.431,-9625.000,-32383.750,-2537.500,23.910,13768,3032,9171,-1100,-3701,-290,-279,0,0
8056021597,895.236,182.146,487.146,-7551.250,-33215.000,-4523.750,23.910,14676,2986,7986,-863,-3796,-517,-279,0,0
8056031010,916.586,192.943,458.659,-8225.000,-28253.750,-7988.750,23.906,15026,3163,7519,-940,-3229,-913,-280,0,0
8056040416,901.336,206.668,486.109,-9450.000,-20422.500,-11200.000,23.906,14776,3388,7969,-1080,-2334,-1280,-280,0,0
8056049824,859.307,215.391,537.837,-9852.500,-13650.000,-13300.000,23.875,14087,3531,8817,-1126,-1560,-1520,-288,0,0
8056059238,808.921,220.942,582.306,-8636.250,-9878.750,-13545.000,23.875,13261,3622,9546,-987,-1129,-1548,-288,0,0
8056068644,784.338,220.942,603.900,-6370.000,-7875.000,-12652.500,23.910,12858,3622,9900,-728,-900,-1446,-279,0,0
8056078052,768.478,193.919,627.202,-3981.250,-6536.250,-12538.750,23.910,12598,3179,10282,-455,-747,-1433,-279,0,0
8056087466,804.102,214.964,633.424,-61.250,-5302.500,-12460.000,23.844,13182,3524,10384,-7,-606,-1424,-296,0,0
8056096873,819.718,232.532,632.997,6247.500,-2292.500,-12197.500,23.844,13438,3812,10377,714,-262,-1394,-296,0,0
8056106280,801.906,234.484,631.655,9590.000,962.500,-12468.750,23.840,13146,3844,10355,1096,110,-1425,-297,0,0
8056115693,801.296,225.578,650.870,12766.250,3412.500,-13177.500,23.840,13136,3698,10670,1459,390,-1506,-297,0,0
8056125102,766.465,225.822,655.994,17220.000,4103.750,-14122.500,23.863,12565,3702,10754,1968,469,-1614,-291,0,0
8056134508,729.560,245.037,657.641,21393.750,2056.250,-14332.500,23.863,11960,4017,10781,2445,235,-1638,-291,0,0
8056143923,726.876,292.800,621.712,25550.000,-3823.750,-12670.000,23.887,11916,4800,10192,2920,-437,-1448,-285,0,0
8056153329,761.097,350.811,547.109,30021.250,-10071.250,-6868.750,23.887,12477,5751,8969,3431,-1151,-785,-285,0,0
8056162736,803.126,328.729,495.320,26048.750,-12433.750,-175.000,23.871,13166,5389,8120,2977,-1421,-20,-289,0,0
8056172150,846.802,261.385,490.135,21971.250,-12118.750,4445.000,23.871,13882,4285,8035,2511,-1385,508,-289,0,0
8056181557,884.317,218.197,498.980,21096.250,-11961.250,5022.500,23.914,14497,3577,8180,2411,-1367,574,-278,0,0
8056190968,901.702,201.422,477.874,21262.500,-12643.750,2660.000,23.914,14782,3302,7834,2430,-1445,304,-278,0,0
8056200374,911.706,209.840,437.736,22330.000,-13037.500,-735.000,23.859,14946,3440,7176,2552,-1490,-84,-292,0,0
8056209788,918.904,221.186,416.691,22085.000,-11760.000,-4016.250,23.859,15064,3626,6831,2524,-1344,-459,-292,0,0
8056219195,923.967,233.386,413.702,19958.750,-10500.000,-7210.000,23.875,15147,3826,6782,2281,-1200,-824,-288,0,0
8056228608,917.379,246.196,401.563,16703.750,-10368.750,-9835.000,23.875,15039,4036,6583,1909,-1185,-1124,-288,0,0
8056238015,907.192,262.422,383.934,12748.750,-10631.250,-9922.500,23.863,14872,4302,6294,1457,-1215,-1134,-291,0,0
8056247421,905.423,263.764,402.356,9275.000,-9511.250,-8776.250,23.863,14843,4324,6596,1060,-1087,-1003,-291,0,0
8056256835,900.299,249.917,429.745,6492.500,-8137.500,-8023.750,23.871,14759,4097,7045,742,-930,-917,-289,0,0
8056266243,893.894,240.218,448.533,4497.500,-7166.250,-7997.500,23.871,14654,3938,7353,514,-819,-914,-289,0,0
8056275648,880.840,235.460,467.077,3911.250,-6387.500,-8487.500,23.805,14440,3860,7657,447,-730,-970,-306,0,0
8056285062,867.725,234.911,483.608,4488.750,-5923.750,-8960.000,23.805,14225,3851,7928,513,-677,-1024,-306,0,0
8056294473,857.355,238.693,506.544,4830.000,-6265.000,-9738.750,23.828,14055,3913,8304,552,-716,-1113,-300,0,0
8056303881,849.547,237.656,523.197,5153.750,-7997.500,-10123.750,23.828,13927,3896,8577,589,-914,-1157,-300,0,0
8056313287,851.621,238.449,516.975,5635.000,-10263.750,-10587.500,23.902,13961,3909,8475,644,-1173,-1210,-281,0,0
8056322700,845.643,241.133,511.607,5530.000,-11952.500,-11287.500,23.902,13863,3953,8387,632,-1366,-1290,-281,0,0
8056332105,839.055,250.710,504.104,5468.750,-13343.750,-11252.500,23.887,13755,4110,8264,625,-1525,-1286,-285,0,0
8056341516,826.855,264.069,485.804,5757.500,-14516.250,-10106.250,23.887,13555,4329,7964,658,-1659,-1155,-285,0,0
8056350924,824.537,269.010,481.290,5880.000,-14962.500,-8050.000,23.910,13517,4410,7890,672,-1710,-920,-279,0,0
8056360337,833.016,262.178,488.549,6273.750,-15583.750,-6011.250,23.910,13656,4298,8009,717,-1781,-687,-279,0,0
8056369744,847.839,251.991,492.697,6912.500,-16931.250,-4926.250,23.895,13899,4131,8077,790,-1935,-563,-283,0,0
8056379152,868.701,251.808,469.395,8006.250,-17657.500,-3972.500,23.895,14241,4128,7695,915,-2018,-454,-283,0,0
8056388564,875.838,257.908,450.668,8723.750,-17018.750,-3596.250,23.887,14358,4228,7388,997,-1945,-411,-285,0,0
8056397972,879.437,260.958,450.729,7813.750,-16388.750,-3613.750,23.887,14417,4278,7389,893,-1873,-413,-285,0,0
8056407386,911.340,255.407,449.997,6527.500,-15715.000,-3797.500,23.902,14940,4187,7377,746,-1796,-434,-281,0,0
8056416791,969.168,248.453,423.096,5215.000,-14096.250,-5197.500,23.902,15888,4073,6936,596,-1611,-594,-281,0,0
8056426204,894.626,251.137,412.360,2747.500,-9380.000,-7017.500,23.863,14666,4117,6760,314,-1072,-802,-291,0,0
8056435611,866.261,242.353,455.731,1881.250,-7770.000,-7726.250,23.863,14201,3973,7471,215,-888,-883,-291,0,0
8056445017,885.537,256.871,434.198,2520.000,-9196.250,-8373.750,23.855,14517,4211,7118,288,-1051,-957,-293,0,0
8056454430,875.350,254.736,451.888,1522.500,-7883.750,-7883.750,23.855,14350,4176,7408,174,-901,-901,-293,0,0
8056463838,855.220,245.403,488.732,1715.000,-7166.250,-7113.750,23.879,14020,4023,8012,196,-819,-813,-287,0,0
8056473245,876.631,259.982,474.641,2117.500,-8671.250,-6965.000,23.879,14371,4262,7781,242,-991,-796,-287,0,0
8056482657,864.858,267.668,471.347,2362.500,-7883.750,-5425.000,23.906,14178,4388,7727,270,-901,-620,-280,0,0
8056492069,865.956,254.492,480.253,2003.750,-7323.750,-4173.750,23.906,14196,4172,7873,229,-837,-477,-280,0,0
8056501477,867.969,242.231,482.998,1846.250,-7385.000,-3622.500,23.863,14229,3971,7918,211,-844,-414,-291,0,0
8056510883,873.032,238.876,465.247,2546.250,-7306.250,-2861.250,23.863,14312,3916,7627,291,-835,-327,-291,0,0
8056520296,888.587,235.704,437.675,2301.250,-5906.250,-1233.750,23.906,14567,3864,7175,263,-675,-141,-280,0,0
8056529702,896.151,267.607,398.757,1242.500,-2380.000,1645.000,23.906,14691,4387,6537,142,-272,188,-280,0,0
8056539117,852.109,328.363,402.661,1312.500,6212.500,9108.750,23.871,13969,5383,6601,150,710,1041,-289,0,0
8056548522,855.281,326.228,462.258,35.000,15006.250,18856.250,23.871,14021,5348,7578,4,1715,2155,-289,0,0
8056557934,887.245,305.305,540.216,-700.000,18891.250,29321.250,23.867,14545,5005,8856,-80,2159,3351,-290,0,0
8056567342,876.814,250.893,488.610,-1050.000,16712.500,33083.750,23.867,14374,4113,8010,-120,1910,3781,-290,0,0
8056576748,839.055,228.079,440.603,-953.750,14735.000,33486.250,23.910,13755,3739,7223,-109,1684,3827,-279,0,0
8056586160,902.800,224.785,395.524,-586.250,14306.250,30143.750,23.910,14800,3685,6484,-67,1635,3445,-279,0,0
8056595567,890.783,236.497,370.087,-2590.000,14192.500,24071.250,23.879,14603,3877,6067,-296,1622,2751,-287,0,0
8056604981,896.090,210.755,439.932,-2310.000,14533.750,20020.000,23.879,14690,3455,7212,-264,1661,2288,-287,0,0
8056614386,896.700,203.008,450.668,-4926.250,8400.000,10561.250,23.906,14700,3328,7388,-563,960,1207,-280,0,0
8056623797,869.250,237.290,476.410,-4208.750,3911.250,5022.500,23.906,14250,3890,7810,-481,447,574,-280,0,0
8056633209,872.483,235.643,548.329,-3885.000,87.500,1330.000,23.879,14303,3863,8989,-444,10,152,-287,0,0
8056642615,835.456,174.643,607.316,-6580.000,-9660.000,-3963.750,23.879,13696,2863,9956,-752,-1104,-453,-287,0,0
8056652028,888.221,129.930,506.666,-7560.000,-22198.750,-12381.250,23.902,14561,2130,8306,-864,-2537,-1415,-281,0,0
8056661435,907.070,185.684,397.232,-8846.250,-23765.000,-17806.250,23.902,14870,3044,6512,-1011,-2716,-2035,-281,0,0
8056670847,832.650,222.589,526.857,-9318.750,-14262.500,-14113.750,23.898,13650,3649,8637,-1065,-1630,-1613,-282,0,0
8056680252,842.105,211.609,583.343,-4882.500,-9056.250,-5530.000,23.898,13805,3469,9563,-558,-1035,-632,-282,0,0
8056689665,880.047,157.441,554.063,218.750,-9572.500,1233.750,23.871,14427,2581,9083,25,-1094,141,-289,0,0
8056699072,895.785,196.481,503.860,4690.000,-11200.000,4383.750,23.871,14685,3221,8260,536,-1280,501,-289,0,0
8056708485,910.669,257.908,408.517,8802.500,-12617.500,10561.250,23.879,14929,4228,6697,1006,-1442,1207,-287,0,0
8056717890,918.111,263.825,344.528,6720.000,-8811.250,15513.750,23.879,15051,4325,5648,768,-1007,1773,-287,0,0
8056727302,914.390,290.482,336.171,2143.750,-2572.500,20527.500,23.852,14990,4762,5511,245,-294,2346,-294,0,0
8056736710,882.365,265.594,431.514,-910.000,3666.250,24955.000,23.852,14465,4354,7074,-104,419,2852,-294,0,0
8056746116,829.783,268.888,483.181,-2817.500,4602.500,27562.500,23.887,13603,4408,7921,-322,526,3150,-285,0,0
8056755529,881.999,237.961,438.834,-3543.750,2537.500,29435.000,23.887,14459,3901,7194,-405,290,3364,-285,0,0
8056764940,856.867,181.536,506.788,-7446.250,3491.250,26486.250,23.918,14047,2976,8308,-851,399,3027,-277,0,0
8056774345,848.266,130.662,540.216,-10185.000,1120.000,18611.250,23.918,13906,2142,8856,-1164,128,2127,-277,0,0
8056783759,843.935,131.638,537.471,-7980.000,-1610.000,10850.000,23.891,13835,2158,8811,-912,-184,1240,-284,0,0
8056793166,842.105,150.426,586.149,-3736.250,-3815.000,3456.250,23.891,13805,2466,9609,-427,-436,395,-284,0,0
8056802578,873.215,165.432,558.028,78.750,-11165.000,-2983.750,23.855,14315,2712,9148,9,-1276,-341,-293,0,0
8056811983,867.298,124.989,513.254,-1662.500,-16003.750,-10876.250,23.855,14218,2049,8414,-190,-1829,-1243,-293,0,0
8056821391,892.613,44.591,552.416,-6387.500,-24587.500,-25471.250,23.871,14633,731,9056,-730,-2810,-2911,-289,0,0
8056830805,827.709,42.944,520.330,-7140.000,-32138.750,-40092.500,23.871,13569,704,8530,-816,-3673,-4582,-289,0,0
8056840209,941.413,133.834,388.570,-3605.000,-33495.000,-47477.500,23.879,15433,2194,6370,-412,-3828,-5426,-287,0,0
8056849621,814.228,190.198,509.533,5110.000,-22478.750,-42420.000,23.879,13348,3118,8353,584,-2569,-4848,-287,0,0
8056859028,885.842,282.979,487.146,16388.750,-17596.250,-33293.750,23.867,14522,4639,7986,1873,-2011,-3805,-290,0,0
8056868442,857.111,213.012,507.703,16476.250,-12906.250,-24220.000,23.867,14051,3492,8323,1883,-1475,-2768,-290,0,0
8056877847,911.218,210.694,369.965,12241.250,-10710.000,-19818.750,23.879,14938,3454,6065,1399,-1224,-2265,-287,0,0
8056887259,915.549,179.767,364.231,15286.250,-3088.750,-14210.000,23.879,15009,2947,5971,1747,-353,-1624,-287,0,0
8056896666,926.956,161.345,389.729,16030.000,2038.750,-11891.250,23.895,15196,2645,6389,1832,233,-1359,-283,0,0
8056906080,992.836,208.315,422.181,16800.000,4698.750,-10430.000,23.895,16276,3415,6921,1920,537,-1192,-283,0,0
8056915486,1084.214,279.380,352.580,19232.500,8023.750,-5460.000,23.906,17774,4580,5780,2198,917,-624,-280,0,0
8056924898,1096.963,228.140,315.065,9861.250,17325.000,-4418.750,23.906,17983,3740,5165,1127,1980,-505,-280,0,0
8056934306,1014.613,203.191,348.371,-1233.750,26827.500,-7708.750,23.902,16633,3331,5711,-141,3066,-881,-281,0,0
8056943712,899.994,208.498,394.365,-6405.000,30590.000,-10648.750,23.902,14754,3418,6465,-732,3496,-1217,-281,0,0
8056953125,726.754,217.709,472.384,-7595.000,27466.250,-10605.000,23.906,11914,3569,7744,-868,3139,-1212,-280,0,0
8056962533,692.533,214.720,516.609,-5547.500,13877.500,-6230.000,23.906,11353,3520,8469,-634,1586,-712,-280,0,0
8056971946,752.740,195.627,477.020,-2852.500,-297.500,-2038.750,23.875,12340,3207,7820,-326,-34,-233,-288,0,0
8056981352,801.296,206.546,473.665,-3456.250,-7323.750,-428.750,23.875,13136,3386,7765,-395,-837,-49,-288,0,0
8056990760,838.201,228.506,500.871,-4401.250,-10316.250,-17.500,23.887,13741,3746,8211,-503,-1179,-2,-285,0,0
8057000173,851.621,232.654,541.192,-6090.000,-12293.750,-306.250,23.887,13961,3814,8872,-696,-1405,-35,-285,0,0
8057009578,864.126,221.186,558.394,-7245.000,-14507.500,-1286.250,23.848,14166,3626,9154,-828,-1658,-147,-295,0,0
8057018991,879.315,213.927,527.162,-6737.500,-14472.500,-2835.000,23.848,14415,3507,8642,-770,-1654,-324,-295,0,0
8057028399,883.951,206.973,521.672,-5958.750,-9546.250,-4751.250,23.816,14491,3393,8552,-681,-1091,-543,-303,0,0
8057037811,883.768,201.422,532.347,-4051.250,-1776.250,-7323.750,23.816,14488,3302,8727,-463,-203,-837,-303,0,0
8057047216,875.228,212.768,558.333,-1356.250,6658.750,-10342.500,23.910,14348,3488,9153,-155,761,-1182,-279,0,0
8057056628,829.417,229.726,599.264,2563.750,14376.250,-12495.000,23.910,13597,3766,9824,293,1643,-1428,-279,0,0
8057066033,774.944,249.185,633.546,6221.250,18873.750,-13055.000,23.809,12704,4085,10386,711,2157,-1492,-305,0,0
8057075449,731.512,255.346,671.305,9677.500,19521.250,-12057.500,23.809,11992,4186,11005,1106,2231,-1378,-305,0,0
8057084854,705.282,246.074,697.352,13588.750,16161.250,-10342.500,23.906,11562,4034,11432,1553,1847,-1182,-280,0,0
8057094266,678.930,243.085,692.899,17281.250,7892.500,-8067.500,23.906,11130,3985,11359,1975,902,-922,-280,0,0
8057103671,709.186,247.294,622.078,20326.250,-4480.000,-6212.500,23.887,11626,4054,10198,2323,-512,-710,-285,0,0
8057113086,800.137,254.004,513.315,20956.250,-14332.500,-5057.500,23.887,13117,4164,8415,2395,-1638,-578,-285,0,0
8057122492,872.544,253.638,444.385,18891.250,-17193.750,-4340.000,23.891,14304,4158,7285,2159,-1965,-496,-284,0,0
8057131904,892.552,250.100,435.662,15995.000,-16345.000,-3990.000,23.891,14632,4100,7142,1828,-1868,-456,-284,0,0
8057141308,906.155,248.087,430.782,13807.500,-16528.750,-3570.000,23.879,14855,4067,7062,1578,-1889,-408,-287,0,0
8057150721,930.677,241.011,405.711,12390.000,-16922.500,-2791.250,23.879,15257,3951,6651,1416,-1934,-319,-287,0,0
8057160129,945.744,228.201,394.853,10316.250,-15706.250,-3360.000,23.875,15504,3741,6473,1179,-1795,-384,-288,0,0
8057169542,945.134,222.345,391.010,7875.000,-13370.000,-5145.000,23.875,15494,3645,6410,900,-1528,-588,-288,0,0
8057178946,937.143,218.441,403.088,5792.500,-10167.500,-7061.250,23.910,15363,3581,6608,662,-1162,-807,-279,0,0
8057188358,906.216,219.295,432.246,3718.750,-7192.500,-8102.500,23.910,14856,3595,7086,425,-822,-926,-279,0,0
8057197766,873.459,228.811,460.245,3517.500,-4996.250,-7376.250,23.867,14319,3751,7545,402,-571,-843,-290,0,0
8057207180,848.876,235.033,489.464,4077.500,-3876.250,-5328.750,23.867,13916,3853,8024,466,-443,-609,-290,0,0
8057216585,832.955,238.388,505.995,4970.000,-4418.750,-2852.500,23.883,13655,3908,8295,568,-505,-326,-286,0,0
8057225997,827.587,241.987,508.801,5783.750,-6422.500,-848.750,23.883,13567,3967,8341,661,-734,-97,-286,0,0
8057235405,826.367,243.756,511.485,5993.750,-8846.250,822.500,23.918,13547,3996,8385,685,-1011,94,-277,0,0
8057244811,814.106,241.194,521.367,6273.750,-11558.750,2126.250,23.918,13346,3954,8547,717,-1321,243,-277,0,0
8057254223,805.261,239.547,540.094,6903.750,-15382.500,3272.500,23.934,13201,3927,8854,789,-1758,374,-273,0,0
8057263636,990.945,223.382,521.184,8102.500,-20142.500,4033.750,23.934,16245,3662,8544,926,-2302,461,-273,0,0
8057273041,999.607,221.247,357.277,5075.000,-13938.750,-1723.750,23.883,16387,3627,5857,580,-1593,-197,-286,0,0
8057282449,862.967,248.575,469.212,1583.750,-7673.750,-4620.000,23.883,14147,4075,7692,181,-877,-528,-286,0,0
8057291861,886.147,263.154,417.972,4795.000,-9100.000,-3465.000,23.887,14527,4314,6852,548,-1040,-396,-285,0,0
8057301273,867.481,225.090,483.486,1933.750,-7428.750,-3972.500,23.887,14221,3690,7926,221,-849,-454,-285,0,0
8057310679,870.470,237.473,477.874,3753.750,-8540.000,-4375.000,23.910,14270,3893,7834,429,-976,-500,-279,0,0
8057320093,860.954,239.120,508.679,4821.250,-8382.500,-4366.250,23.910,14114,3920,8339,551,-958,-499,-279,0,0
8057329499,845.948,237.473,536.373,5451.250,-8461.250,-3718.750,23.887,13868,3893,8793,623,-967,-425,-285,0,0
8057338905,827.465,206.973,561.627,6448.750,-9082.500,-3360.000,23.887,13565,3393,9207,737,-1038,-384,-285,0,0
8057348319,843.020,205.021,572.668,8452.500,-10815.000,-4278.750,23.883,13820,3361,9388,966,-1236,-489,-286,0,0
8057357726,846.131,236.009,530.883,12223.750,-12215.000,-3482.500,23.883,13871,3869,8703,1397,-1396,-398,-286,0,0
8057367138,883.097,216.977,529.846,13763.750,-11585.000,-2397.500,23.895,14477,3557,8686,1573,-1324,-274,-283,0,0
8057376543,780.495,225.334,409.676,14236.250,-10955.000,-1820.000,23.895,12795,3694,6716,1627,-1252,-208,-283,0,0
8057385958,914.939,175.436,501.115,12626.250,-2730.000,-848.750,23.891,14999,2876,8215,1443,-312,-97,-284,0,0
8057395364,862.723,220.210,524.722,16345.000,-192.500,796.250,23.891,14143,3610,8602,1868,-22,91,-284,0,0
8057404776,839.970,220.027,434.747,21577.500,-201.250,5801.250,23.914,13770,3607,7127,2466,-23,663,-278,0,0
8057414181,922.015,232.471,386.191,21210.000,2878.750,9143.750,23.914,15115,3811,6331,2424,329,1045,-278,0,0
8057423593,973.072,226.920,410.591,20545.000,5206.250,11865.000,23.910,15952,3720,6731,2348,595,1356,-279,0,0
8057433004,950.807,266.753,301.401,17272.500,2686.250,12215.000,23.910,15587,4373,4941,1974,307,1396,-279,0,0
8057442407,967.277,246.013,251.137,12722.500,4348.750,13693.750,23.871,15857,4033,4117,1454,497,1565,-289,0,0
8057451820,968.985,248.270,249.551,4243.750,6037.500,9126.250,23.871,15885,4070,4091,485,690,1043,-289,0,0
8057461228,942.511,283.955,289.750,-595.000,9476.250,8968.750,23.855,15451,4655,4750,-68,1083,1025,-293,0,0
8057470641,890.295,278.831,400.221,-3885.000,9966.250,8977.500,23.855,14595,4571,6561,-444,1139,1026,-293,0,0
8057480046,923.784,235.155,407.541,-7612.500,6746.250,6903.750,23.887,15144,3855,6681,-870,771,789,-285,0,0
8057489459,864.187,232.471,514.596,-11077.500,5932.500,2563.750,23.887,14167,3811,8436,-1266,678,293,-285,0,0
8057498867,834.785,233.081,573.827,-9957.500,-805.000,-945.000,23.898,13685,3821,9407,-1138,-92,-108,-282,0,0
8057508273,871.751,213.012,520.452,-9056.250,-9537.500,-6405.000,23.898,14291,3492,8532,-1035,-1090,-732,-282,0,0
8057517684,825.696,215.147,548.756,-7096.250,-10403.750,-10395.000,23.910,13536,3527,8996,-811,-1189,-1188,-279,0,0
8057527095,820.084,218.075,587.125,-9030.000,-13072.500,-14752.500,23.910,13444,3575,9625,-1032,-1494,-1686,-279,0,0
8057536501,804.834,209.474,588.284,-6807.500,-16301.250,-15706.250,23.906,13194,3434,9644,-778,-1863,-1795,-280,0,0
8057545916,832.406,210.267,548.146,-4340.000,-16213.750,-14840.000,23.906,13646,3447,8986,-496,-1853,-1696,-280,0,0
8057555322,825.940,215.513,610.793,-1312.500,-13098.750,-11068.750,23.867,13540,3533,10013,-150,-1497,-1265,-290,0,0
8057564733,851.377,186.050,539.850,2196.250,-14796.250,-7096.250,23.867,13957,3050,8850,251,-1691,-811,-290,0,0
8057574139,866.261,164.334,498.980,4060.000,-12433.750,-4681.250,23.875,14201,2694,8180,464,-1421,-535,-288,0,0
8057583550,880.108,167.506,470.737,6396.250,-10132.500,-3141.250,23.875,14428,2746,7717,731,-1158,-359,-288,0,0
8057592964,901.763,176.229,414.068,8312.500,-8426.250,-2108.750,23.859,14783,2889,6788,950,-963,-241,-292,0,0
8057602370,919.758,209.474,378.322,9248.750,-4366.250,-1190.000,23.859,15078,3434,6202,1057,-499,-136,-292,0,0
8057611776,903.593,279.258,385.459,10272.500,700.000,2598.750,23.875,14813,4578,6319,1174,80,297,-288,0,0
8057621188,930.738,264.435,386.252,9703.750,4007.500,7796.250,23.875,15258,4335,6332,1109,458,891,-288,0,0
8057630599,897.859,281.271,366.976,6860.000,3885.000,9555.000,23.930,14719,4611,6016,784,444,1092,-274,0,0
8057640010,923.662,237.595,373.381,4278.750,5101.250,10132.500,23.930,15142,3895,6121,489,583,1158,-274,0,0
8057649415,885.110,250.893,440.420,-236.250,5320.000,7630.000,23.883,14510,4113,7220,-27,608,872,-286,0,0
8057658826,864.004,254.980,507.215,218.750,3185.000,7052.500,23.883,14164,4180,8315,25,364,806,-286,0,0
8057668238,859.551,218.014,504.958,1207.500,-1067.500,5451.250,23.906,14091,3574,8278,138,-122,623,-280,0,0
8057677643,847.656,196.176,542.961,1566.250,-3316.250,875.000,23.906,13896,3216,8901,179,-379,100,-280,0,0
8057687051,827.099,220.332,576.999,2187.500,-7367.500,-3972.500,23.875,13559,3612,9459,250,-842,-454,-288,0,0
8057696464,849.425,216.245,507.825,3158.750,-11366.250,-6851.250,23.875,13925,3545,8325,361,-1299,-783,-288,0,0
8057705875,840.519,200.995,533.567,980.000,-11707.500,-11681.250,23.914,13779,3295,8747,112,-1338,-1335,-278,0,0
8057715280,861.503,226.005,528.992,1863.750,-15260.000,-14481.250,23.914,14123,3705,8672,213,-1744,-1655,-278,0,0
8057724693,857.660,252.845,491.599,2458.750,-14070.000,-13361.250,23.859,14060,4145,8059,281,-1608,-1527,-292,0,0
8057734101,847.534,212.219,507.154,516.250,-12923.750,-11305.000,23.859,13894,3479,8314,59,-1477,-1292,-292,0,0
8057743506,875.899,222.162,475.068,-568.750,-12206.250,-9773.750,23.871,14359,3642,7788,-65,-1395,-1117,-289,0,0
8057752918,859.124,211.975,503.433,708.750,-8846.250,-5731.250,23.871,14084,3475,8253,81,-1011,-655,-289,0,0
8057762330,881.084,192.577,479.460,2852.500,-7542.500,-2003.750,23.902,14444,3157,7860,326,-862,-229,-281,0,0
8057771737,888.465,179.645,462.380,4550.000,-6378.750,-306.250,23.902,14565,2945,7580,520,-729,-35,-281,0,0
8057781144,899.140,182.817,414.800,4497.500,-5600.000,-297.500,23.883,14740,2997,6800,514,-640,-34,-286,0,0
8057790557,897.005,210.145,413.641,3596.250,-2572.500,140.000,23.883,14705,3445,6781,411,-294,16,-286,0,0
8057799964,897.859,221.735,454.023,1855.000,910.000,2415.000,23.914,14719,3635,7443,212,104,276,-278,0,0
8057809378,864.980,263.764,470.127,1610.000,3351.250,7350.000,23.914,14180,4324,7707,184,383,840,-278,0,0
8057818787,881.328,267.180,490.379,2493.750,5941.250,13991.250,23.918,14448,4380,8039,285,679,1599,-277,0,0
8057828194,888.038,246.562,476.654,1706.250,6020.000,18375.000,23.918,14558,4042,7814,195,688,2100,-277,0,0
8057837606,867.298,245.220,445.605,-201.250,5932.500,20588.750,23.883,14218,4020,7305,-23,678,2353,-286,0,0
8057847010,884.378,222.650,445.971,-612.500,7490.000,22828.750,23.883,14498,3650,7311,-70,856,2609,-286,0,0
8057856421,871.873,157.441,472.872,-4401.250,7000.000,16572.500,23.906,14293,2581,7752,-503,800,1894,-280,0,0
8057865833,869.616,185.623,519.842,-2983.750,3683.750,12372.500,23.906,14256,3043,8522,-341,421,1414,-280,0,0
8057875239,892.247,173.972,416.935,1155.000,-2668.750,7096.250,23.875,14627,2852,6835,132,-305,811,-288,0,0
8057884650,913.536,209.779,438.407,-5031.250,-2668.750,-1181.250,23.875,14976,3439,7187,-575,-305,-135,-288,0,0
8057894058,880.474,255.468,550.464,-6641.250,-5853.750,-4445.000,23.910,14434,4188,9024,-759,-669,-508,-279,0,0
8057903471,889.624,183.549,454.755,-11856.250,-16607.500,-9275.000,23.910,14584,3009,7455,-1355,-1898,-1060,-279,0,0
8057912875,970.083,110.227,381.799,-23091.250,-24368.750,-21393.750,23.863,15903,1807,6259,-2639,-2785,-2445,-291,0,0
8057922287,886.879,90.646,387.472,-27475.000,-26127.500,-30835.000,23.863,14539,1486,6352,-3140,-2986,-3524,-291,0,0
8057931699,893.772,190.747,424.011,-26862.500,-22242.500,-33643.750,23.887,14652,3127,6951,-3070,-2542,-3845,-285,0,0
8057941104,845.948,291.763,509.045,-19818.750,-12713.750,-22531.250,23.887,13868,4783,8345,-2265,-1453,-2575,-285,0,0
8057950515,832.345,238.571,620.675,-14393.750,-9852.500,-9327.500,23.918,13645,3911,10175,-1645,-1126,-1066,-277,0,0
8057959926,862.052,185.135,536.434,-10990.000,-10106.250,1373.750,23.918,14132,3035,8794,-1256,-1155,157,-277,0,0
8057969332,843.508,145.424,576.023,-5591.250,-5871.250,8417.500,23.871,13828,2384,9443,-639,-671,962,-289,0,0
8057978746,879.437,205.570,488.122,2808.750,-4322.500,12626.250,23.871,14417,3370,8002,321,-494,1443,-289,0,0
8057988152,877.607,211.121,488.732,5713.750,481.250,16730.000,23.867,14387,3461,8012,653,55,1912,-290,0,0
8057997564,853.024,273.707,438.773,5810.000,3718.750,21787.500,23.867,13984,4487,7193,664,425,2490,-290,0,0
8058006975,891.515,266.997,420.534,8172.500,9843.750,30721.250,23.934,14615,4377,6894,934,1125,3511,-273,0,0
8058016381,842.715,233.142,471.652,6308.750,13772.500,35131.250,23.934,13815,3822,7732,721,1574,4015,-273,0,0
8058025787,914.573,99.247,468.297,5591.250,11313.750,34378.750,23.918,14993,1627,7677,639,1293,3929,-277,0,0
8058035201,914.390,79.544,427.183,5985.000,7656.250,27466.250,23.918,14990,1304,7003,684,875,3139,-277,0,0
8058044606,937.570,67.100,370.636,11060.000,6125.000,17447.500,23.867,15370,1100,6076,1264,700,1994,-290,0,0
8058054017,916.281,136.945,428.220,11488.750,7708.750,6851.250,23.867,15021,2245,7020,1313,881,783,-290,0,0
8058063428,896.761,184.037,560.163,9695.000,4200.000,-1478.750,23.902,14701,3017,9183,1108,480,-169,-281,0,0
8058072840,908.656,117.364,541.253,3360.000,-8286.250,-11996.250,23.902,14896,1924,8873,384,-947,-1371,-281,0,0
8058082244,949.099,86.498,443.836,-3885.000,-16983.750,-26460.000,23.938,15559,1418,7276,-444,-1941,-3024,-272,0,0
8058091656,948.794,107.787,428.830,-6763.750,-16642.500,-41028.750,23.938,15554,1767,7030,-773,-1902,-4689,-272,0,0
8058101067,869.433,101.138,512.034,-6991.250,-15268.750,-53471.250,23.902,14253,1658,8394,-799,-1745,-6111,-281,0,0
8058110471,814.594,75.457,588.101,-5906.250,-20475.000,-64925.000,23.902,13354,1237,9641,-675,-2340,-7420,-281,0,0
8058119882,783.972,122.488,536.129,428.750,-28770.000,-72152.500,23.879,12852,2008,8789,49,-3288,-8246,-287,0,0
8058129295,758.535,228.750,480.314,12512.500,-30651.250,-68573.750,23.879,12435,3750,7874,1430,-3503,-7837,-287,0,0
8058138700,764.147,412.299,491.416,24430.000,-27877.500,-56393.750,23.922,12527,6759,8056,2792,-3186,-6445,-276,0,0
8058148115,777.018,438.285,533.750,15487.500,-26967.500,-42297.500,23.922,12738,7185,8750,1770,-3082,-4834,-276,0,0
8058157520,785.253,312.930,558.272,656.250,-29190.000,-30870.000,23.871,12873,5130,9152,75,-3336,-3528,-289,0,0
8058166932,805.505,232.471,555.344,-1312.500,-32541.250,-24815.000,23.871,13205,3811,9104,-150,-3719,-2836,-289,0,0
8058176337,1027.240,206.729,503.616,2231.250,-34606.250,-22225.000,23.852,16840,3389,8256,255,-3955,-2540,-294,0,0
8058185750,949.282,205.875,420.656,1382.500,-24815.000,-23423.750,23.852,15562,3375,6896,158,-2836,-2677,-294,0,0
8058195157,877.973,213.195,493.673,-323.750,-20265.000,-21245.000,23.906,14393,3495,8093,-37,-2316,-2428,-280,0,0
8058204570,923.845,231.495,344.650,4418.750,-19862.500,-14638.750,23.906,15145,3795,5650,505,-2270,-1673,-280,0,0
8058213975,919.636,223.321,392.840,1443.750,-12661.250,-9765.000,23.879,15076,3661,6440,165,-1447,-1116,-287,0,0
8058223388,931.897,203.679,335.378,1583.750,-7262.500,-3202.500,23.879,15277,3339,5498,181,-830,-366,-287,0,0
8058232795,940.620,222.101,368.562,1251.250,1706.250,2590.000,23.879,15420,3641,6042,143,195,296,-287,0,0
8058242208,910.730,317.566,391.864,4095.000,10570.000,14455.000,23.879,14930,5206,6424,468,1208,1652,-287,0,0
8058251613,885.903,339.831,447.984,6011.250,21455.000,30135.000,23.871,14523,5571,7344,687,2452,3444,-289,0,0
8058261024,807.213,384.849,550.952,9677.500,29260.000,50128.750,23.871,13233,6309,9032,1106,3344,5729,-289,0,0
8058270436,842.227,340.807,521.367,12897.500,30546.250,67016.250,23.902,13807,5587,8547,1474,3491,7659,-281,0,0
8058279844,904.630,186.111,490.989,11103.750,31132.500,76422.500,23.902,14830,3051,8049,1269,3558,8734,-281,0,0
8058289251,815.875,171.288,450.302,15496.250,32795.000,77008.750,23.910,13375,2808,7382,1771,3748,8801,-279,0,0
8058298662,905.606,170.312,438.346,23922.500,31902.500,75118.750,23.910,14846,2792,7186,2734,3646,8585,-279,0,0
8058308074,919.087,134.871,465.979,21201.250,25882.500,63288.750,23.914,15067,2211,7639,2423,2958,7233,-278,0,0
8058317478,886.879,135.298,402.112,14332.500,19565.000,49595.000,23.914,14539,2218,6592,1638,2236,5668,-278,0,0
8058326889,873.093,152.195,481.046,14735.000,18287.500,42708.750,23.906,14313,2495,7886,1684,2090,4881,-280,0,0
8058336301,884.561,86.498,553.636,15662.500,13133.750,31167.500,23.906,14501,1418,9076,1790,1501,3562,-280,0,0
8058345707,861.808,49.837,581.574,12460.000,5407.500,17001.250,23.914,14128,817,9534,1424,618,1943,-278,0,0
8058355115,867.603,59.780,565.531,13571.250,-2642.500,1890.000,23.914,14223,980,9271,1551,-302,216,-278,0,0
8058364527,911.828,59.597,548.878,12451.250,-9528.750,-15968.750,23.895,14948,977,8998,1423,-1089,-1825,-283,0,0
8058373939,941.718,84.180,522.099,7752.500,-13116.250,-34650.000,23.895,15438,1380,8559,886,-1499,-3960,-283,0,0
8058383344,891.210,72.285,535.336,6422.500,-13195.000,-50470.000,23.855,14610,1185,8776,734,-1508,-5768,-293,0,0
8058392757,801.479,37.881,543.144,4663.750,-17272.500,-67795.000,23.855,13139,621,8904,533,-1974,-7748,-293,0,0
8058402164,730.231,116.083,487.390,4943.750,-23126.250,-73027.500,23.883,11971,1903,7990,565,-2643,-8346,-286,0,0
8058411577,677.100,306.464,525.576,20956.250,-22583.750,-60138.750,23.883,11100,5024,8616,2395,-2581,-6873,-286,0,0
8058420981,662.826,493.856,597.068,34518.750,-23896.250,-37975.000,23.867,10866,8096,9788,3945,-2731,-4340,-290,0,0
8058430395,772.016,465.491,637.267,24701.250,-32138.750,-14411.250,23.867,12656,7631,10447,2823,-3673,-1647,-290,0,0
8058439802,1166.381,289.567,281.149,9038.750,-33022.500,-2336.250,23.922,19121,4747,4609,1033,-3774,-267,-276,0,0
8058449208,942.206,144.997,346.053,-9318.750,-18620.000,-2240.000,23.922,15446,2377,5673,-1065,-2128,-256,-276,0,0
8058458620,961.177,158.417,254.675,-12565.000,-17753.750,-4348.750,23.934,15757,2597,4175,-1436,-2029,-497,-273,0,0
8058468031,943.975,170.251,322.263,-12005.000,-11383.750,-4550.000,23.934,15475,2791,5283,-1372,-1301,-520,-273,0,0
8058477442,927.017,175.680,397.598,-12057.500,-9913.750,-3823.750,23.879,15197,2880,6518,-1378,-1133,-437,-287,0,0
8058486847,957.212,232.105,330.803,-13641.250,-11663.750,-4418.750,23.879,15692,3805,5423,-1559,-1333,-505,-287,0,0
8058496258,958.737,291.580,327.875,-16677.500,-8505.000,-2485.000,23.906,15717,4780,5375,-1906,-972,-284,-280,0,0
8058505669,889.990,266.631,506.727,-20081.250,-6912.500,1645.000,23.906,14590,4371,8307,-2295,-790,188,-280,0,0
8058515074,925.492,258.579,334.707,-20011.250,-15820.000,6536.250,23.895,15172,4239,5487,-2287,-1808,747,-283,0,0
8058524485,910.303,190.869,380.213,-26355.000,-7770.000,7647.500,23.895,14923,3129,6233,-3012,-888,874,-283,0,0
8058533896,910.669,84.424,599.447,-24701.250,-2590.000,6991.250,23.902,14929,1384,9827,-2823,-296,799,-281,0,0
8058543308,909.632,23.912,546.560,-11865.000,-15181.250,2948.750,23.902,14912,392,8960,-1356,-1735,337,-281,0,0
8058552714,938.119,37.332,411.384,-2878.750,-18453.750,-4173.750,23.895,15379,612,6744,-329,-2109,-477,-283,0,0
8058562125,868.030,76.921,537.593,4042.500,-18786.250,-11471.250,23.895,14230,1261,8813,462,-2147,-1311,-283,0,0
8058571533,967.277,86.498,395.890,11383.750,-23922.500,-18383.750,23.895,15857,1418,6490,1301,-2734,-2101,-283,0,0
8058580939,1197.918,113.277,302.865,15916.250,-17508.750,-22960.000,23.895,19638,1857,4965,1819,-2001,-2624,-283,0,0
8058590351,1422.520,174.094,62.708,14455.000,15715.000,-29855.000,23.910,23320,2854,1028,1652,1796,-3412,-279,0,0
8058599764,1208.654,233.081,232.410,5556.250,66106.250,-32926.250,23.910,19814,3821,3810,635,7555,-3763,-279,0,0
8058609172,844.545,277.184,459.940,2563.750,91262.500,-29505.000,23.871,13845,4544,7540,293,10430,-3372,-289,0,0
8058618577,617.625,276.391,531.737,1758.750,88095.000,-20763.750,23.871,10125,4531,8717,201,10068,-2373,-289,0,0
8058627989,549.122,293.471,544.608,1758.750,74681.250,-9590.000,23.863,9002,4811,8928,201,8535,-1096,-291,0,0
8058637401,564.006,301.096,569.313,2773.750,59955.000,1225.000,23.863,9246,4936,9333,317,6852,140,-291,0,0
8058646809,659.471,254.431,601.399,2800.000,43907.500,8268.750,23.895,10811,4171,9859,320,5018,945,-283,0,0
8058656215,728.584,230.092,584.868,1128.750,29120.000,10578.750,23.895,11944,3772,9588,129,3328,1209,-283,0,0
8058665627,718.519,222.040,560.224,-980.000,17500.000,11296.250,23.879,11779,3640,9184,-112,2000,1291,-287,0,0
8058675038,740.540,229.177,534.543,-3106.250,6396.250,13667.500,23.879,12140,3757,8763,-355,731,1562,-287,0,0
8058684442,768.661,222.955,510.326,-5328.750,-2791.250,17045.000,23.867,12601,3655,8366,-609,-319,1948,-290,0,0
8058693853,816.058,204.289,487.756,-7831.250,-9826.250,19687.500,23.867,13378,3349,7996,-895,-1123,2250,-290,0,0
8058703265,874.374,184.952,472.262,-9415.000,-14420.000,21218.750,23.887,14334,3032,7742,-1076,-1648,2425,-285,0,0
8058712676,921.710,149.999,489.891,-11462.500,-17535.000,20588.750,23.887,15110,2459,8031,-1310,-2004,2353,-285,0,0
8058722081,948.184,89.975,488.610,-13685.000,-21647.500,16668.750,23.855,15544,1475,8010,-1564,-2474,1905,-293,0,0
8058731492,964.288,76.738,465.430,-13055.000,-25287.500,10246.250,23.855,15808,1258,7630,-1492,-2890,1171,-293,0,0
8058740903,958.676,78.751,443.592,-12801.250,-26792.500,3010.000,23.910,15716,1291,7272,-1463,-3062,344,-279,0,0
8058750308,947.208,110.349,415.471,-14008.750,-25471.250,-3211.250,23.910,15528,1809,6811,-1601,-2911,-367,-279,0,0
8058759720,934.825,141.825,413.946,-15102.500,-20475.000,-7481.250,23.906,15325,2325,6786,-1726,-2340,-855,-280,0,0
8058769130,931.409,159.393,438.773,-15006.250,-13676.250,-9563.750,23.906,15269,2613,7193,-1715,-1563,-1093,-280,0,0
8058778535,919.514,161.711,484.523,-14857.500,-7017.500,-10788.750,23.906,15074,2651,7943,-1698,-802,-1233,-280,0,0
8058787946,885.842,165.615,540.887,-13903.750,-1277.500,-11506.250,23.906,14522,2715,8867,-1589,-146,-1315,-280,0,0
8058797357,836.066,160.369,617.686,-12206.250,2555.000,-12530.000,23.887,13706,2629,10126,-1395,292,-1432,-285,0,0
8058806769,793.061,151.402,677.832,-9441.250,2633.750,-13833.750,23.887,13001,2482,11112,-1079,301,-1581,-285,0,0
8058816173,756.888,149.328,685.945,-5468.750,315.000,-15041.250,23.906,12408,2448,11245,-625,36,-1719,-280,0,0
8058825584,746.274,153.049,675.453,-1837.500,-1846.250,-16686.250,23.906,12234,2509,11073,-210,-211,-1907,-280,0,0
8058834997,750.849,187.209,657.092,1540.000,-3386.250,-17780.000,23.891,12309,3069,10772,176,-387,-2032,-284,0,0
8058844407,779.153,213.927,630.130,4410.000,-3841.250,-17001.250,23.891,12773,3507,10330,504,-439,-1943,-284,0,0
8058853811,804.041,232.776,590.663,5958.750,-1653.750,-12363.750,23.898,13181,3816,9683,681,-189,-1413,-282,0,0
8058863223,818.620,233.447,588.772,8470.000,4156.250,-5985.000,23.898,13420,3827,9652,968,475,-684,-282,0,0
8058872634,819.657,212.768,628.361,12433.750,10823.750,-1452.500,23.906,13437,3488,10301,1421,1237,-166,-280,0,0
8058882038,815.143,196.298,650.626,16563.750,14306.250,-192.500,23.906,13363,3218,10666,1893,1635,-22,-280,0,0
8058891451,797.209,207.156,637.267,19390.000,13107.500,-1846.250,23.910,13069,3396,10447,2216,1498,-211,-279,0,0
8058900859,789.523,229.238,604.022,20396.250,9056.250,-4585.000,23.910,12943,3758,9902,2331,1035,-524,-279,0,0
8058910272,783.057,246.745,567.544,18865.000,4917.500,-6886.250,23.898,12837,4045,9304,2156,562,-787,-282,0,0
8058919676,782.996,256.505,546.804,15925.000,1592.500,-7840.000,23.898,12836,4205,8964,1820,182,-896,-282,0,0
8058929088,787.754,252.052,538.142,12827.500,-1583.750,-7936.250,23.906,12914,4132,8822,1466,-181,-907,-280,0,0
8058938499,812.093,229.909,547.414,10062.500,-5311.250,-8120.000,23.906,13313,3769,8974,1150,-607,-928,-280,0,0
8058947903,832.345,213.073,541.802,8207.500,-9493.750,-9362.500,23.910,13645,3493,8882,938,-1085,-1070,-279,0,0
8058957315,847.290,219.661,513.315,6947.500,-13002.500,-8995.000,23.910,13890,3601,8415,794,-1486,-1028,-279,0,0
8058966728,859.978,222.406,494.222,7035.000,-13781.250,-6011.250,23.863,14098,3646,8102,804,-1575,-687,-291,0,0
8058976135,883.890,204.472,514.352,8356.250,-12215.000,-3675.000,23.863,14490,3352,8432,955,-1396,-420,-291,0,0
8058985541,920.368,177.449,505.934,9117.500,-11025.000,-4287.500,23.875,15088,2909,8294,1042,-1260,-490,-288,0,0
8058994953,927.017,166.469,478.850,9082.500,-9082.500,-7498.750,23.875,15197,2729,7850,1038,-1038,-857,-288,0,0
8059004365,905.484,169.336,477.752,9161.250,-6186.250,-10832.500,23.871,14844,2776,7832,1047,-707,-1238,-289,0,0
8059013768,892.064,199.348,488.427,9563.750,-4681.250,-13002.500,23.871,14624,3268,8007,1093,-535,-1486,-289,0,0
8059023180,872.727,199.714,495.076,9038.750,-4882.500,-14297.500,23.914,14307,3274,8116,1033,-558,-1634,-278,0,0
8059032591,864.797,202.764,486.292,7315.000,-5678.750,-15233.750,23.914,14177,3324,7972,836,-649,-1741,-278,0,0
8059042003,856.928,207.095,486.902,5617.500,-5390.000,-15023.750,23.891,14048,3395,7982,642,-616,-1717,-284,0,0
8059051407,854.122,210.816,508.923,4033.750,-4550.000,-14122.500,23.891,14002,3456,8343,461,-520,-1614,-284,0,0
8059060818,849.669,212.463,521.977,3797.500,-4786.250,-12915.000,23.859,13929,3483,8557,434,-547,-1476,-292,0,0
8059070230,842.898,213.561,525.637,3797.500,-5801.250,-12118.750,23.859,13818,3501,8617,434,-663,-1385,-292,0,0
8059079634,833.870,220.027,524.478,3543.750,-7210.000,-11130.000,23.902,13670,3607,8598,405,-824,-1272,-281,0,0
8059089045,828.441,227.225,528.687,3648.750,-7892.500,-9030.000,23.902,13581,3725,8667,417,-902,-1032,-281,0,0
8059098457,828.746,221.247,548.146,3911.250,-7953.750,-6527.500,23.855,13586,3627,8986,447,-909,-746,-293,0,0
8059107868,835.212,205.448,569.008,4970.000,-8522.500,-4681.250,23.855,13692,3368,9328,568,-974,-535,-293,0,0
8059117272,837.225,201.666,559.736,6755.000,-10062.500,-3955.000,23.883,13725,3306,9176,772,-1150,-452,-286,0,0
8059126683,843.630,209.840,535.275,8347.500,-11165.000,-3736.250,23.883,13830,3440,8775,954,-1276,-427,-286,0,0
8059136095,842.776,215.452,524.051,8960.000,-11576.250,-3447.500,23.918,13816,3532,8591,1024,-1323,-394,-277,0,0
8059145506,845.704,223.870,505.080,8592.500,-11707.500,-2730.000,23.918,13864,3670,8280,982,-1338,-312,-277,0,0
8059154910,852.902,222.406,500.505,8076.250,-10850.000,-1146.250,23.871,13982,3646,8205,923,-1240,-131,-289,0,0
8059164322,855.586,215.208,502.396,8137.500,-9931.250,218.750,23.871,14026,3528,8236,930,-1135,25,-289,0,0
8059173728,861.320,214.293,497.760,8181.250,-9948.750,953.750,23.828,14120,3513,8160,935,-1137,109,-300,0,0
8059183142,867.969,212.402,490.013,8242.500,-10202.500,1723.750,23.828,14229,3482,8033,942,-1166,197,-300,0,0
8059192548,882.304,207.705,484.645,7813.750,-9957.500,1391.250,23.895,14464,3405,7945,893,-1138,159,-283,0,0
8059201960,890.600,203.069,485.499,6798.750,-9248.750,-411.250,23.895,14600,3329,7959,777,-1057,-47,-283,0,0
8059211371,880.108,203.008,490.196,6370.000,-8618.750,-2896.250,23.930,14428,3328,8036,728,-985,-331,-274,0,0
8059220776,868.701,211.670,493.734,6536.250,-8321.250,-4786.250,23.930,14241,3470,8094,747,-951,-547,-274,0,0
8059230187,866.444,219.417,494.100,6676.250,-8487.500,-5687.500,23.871,14204,3597,8100,763,-970,-650,-289,0,0
8059239598,869.921,222.833,492.392,6475.000,-8540.000,-6361.250,23.871,14261,3653,8072,740,-976,-727,-289,0,0
8059249003,870.653,222.223,497.455,5713.750,-8426.250,-7385.000,23.836,14273,3643,8155,653,-963,-844,-298,0,0
8059258414,860.039,225.334,488.122,5390.000,-8172.500,-8015.000,23.836,14099,3694,8002,616,-934,-916,-298,0,0
8059267825,845.948,229.055,498.309,4768.750,-6230.000,-7087.500,23.910,13868,3755,8169,545,-712,-810,-279,0,0
8059277237,835.822,220.637,534.299,5180.000,-4436.250,-5127.500,23.910,13702,3617,8759,592,-507,-586,-279,0,0
8059286641,837.042,206.424,557.845,6151.250,-5818.750,-4698.750,23.883,13722,3384,9145,703,-665,-537,-286,0,0
8059296052,843.386,203.130,529.053,7157.500,-9003.750,-5670.000,23.883,13826,3330,8673,818,-1029,-648,-286,0,0
8059305464,853.207,214.476,494.893,7621.250,-10351.250,-6737.500,23.898,13987,3516,8113,871,-1183,-770,-282,0,0
8059314868,855.891,223.321,500.078,7420.000,-9616.250,-7507.500,23.898,14031,3661,8198,848,-1099,-858,-282,0,0
8059324279,858.880,218.319,516.670,8093.750,-9467.500,-7927.500,23.879,14080,3579,8470,925,-1082,-906,-287,0,0
8059333691,865.651,214.232,496.174,9371.250,-10640.000,-8050.000,23.879,14191,3512,8134,1071,-1216,-920,-287,0,0
8059343102,865.285,228.140,470.066,10368.750,-10526.250,-7612.500,23.906,14185,3740,7706,1185,-1203,-870,-280,0,0
8059352506,865.224,245.952,456.036,10307.500,-9152.500,-5958.750,23.906,14184,4032,7476,1178,-1046,-681,-280,0,0
8059361917,871.019,251.808,466.955,9222.500,-6868.750,-4401.250,23.887,14279,4128,7655,1054,-785,-503,-285,0,0
8059371329,865.956,239.791,490.684,8067.500,-5678.750,-3202.500,23.887,14196,3931,8044,922,-649,-366,-285,0,0
8059380735,865.346,227.347,496.479,7708.750,-6247.500,-3036.250,23.883,14186,3727,8139,881,-714,-347,-286,0,0
8059390149,866.078,227.347,486.231,7752.500,-6860.000,-3561.250,23.883,14198,3727,7971,886,-784,-407,-286,0,0
8059399555,869.982,231.129,480.802,7245.000,-6273.750,-4033.750,23.914,14262,3789,7882,828,-717,-461,-278,0,0
8059408967,862.296,227.103,507.886,6457.500,-5188.750,-4173.750,23.914,14136,3723,8326,738,-593,-477,-278,0,0
8059418372,862.601,222.955,511.546,6475.000,-5241.250,-4191.250,23.895,14141,3655,8386,740,-599,-479,-283,0,0
8059427783,864.553,223.687,497.150,6790.000,-4917.500,-4348.750,23.895,14173,3667,8150,776,-562,-497,-283,0,0
8059437194,855.464,222.040,501.176,6816.250,-4856.250,-4751.250,23.902,14024,3640,8216,779,-555,-543,-281,0,0
8059446606,855.281,222.345,494.527,7367.500,-6483.750,-5783.750,23.902,14021,3645,8107,842,-741,-661,-281,0,0
8059456010,865.712,220.942,483.669,7498.750,-7980.000,-7201.250,23.855,14192,3622,7929,857,-912,-823,-293,0,0
8059465421,866.993,223.321,484.218,7113.750,-8522.500,-8758.750,23.855,14213,3661,7938,813,-974,-1001,-293,0,0
8059474832,867.054,228.872,489.891,7271.250,-8356.250,-9896.250,23.883,14214,3752,8031,831,-955,-1131,-286,0,0
8059484237,865.651,224.114,504.165,7892.500,-8268.750,-10605.000,23.883,14191,3674,8265,902,-945,-1212,-286,0,0
8059493649,873.398,232.898,482.937,8890.000,-9091.250,-10963.750,23.867,14318,3818,7917,1016,-1039,-1253,-290,0,0
8059503059,872.727,239.120,469.395,9275.000,-9310.000,-11480.000,23.867,14307,3920,7695,1060,-1064,-1312,-290,0,0
8059512471,868.335,239.364,470.188,8531.250,-8995.000,-12075.000,23.914,14235,3924,7708,975,-1028,-1380,-278,0,0
8059521875,881.023,238.754,473.726,8408.750,-8645.000,-12696.250,23.914,14443,3914,7766,961,-988,-1451,-278,0,0
8059531286,876.814,236.375,478.606,7945.000,-7910.000,-13641.250,23.898,14374,3875,7846,908,-904,-1559,-282,0,0
8059540698,869.250,241.194,481.473,8032.500,-7463.750,-14796.250,23.898,14250,3954,7893,918,-853,-1691,-282,0,0
8059550102,837.835,242.902,500.993,8321.250,-7717.500,-15618.750,23.902,13735,3982,8213,951,-882,-1785,-281,0,0
8059559514,828.563,247.843,495.869,8890.000,-10193.750,-16292.500,23.902,13583,4063,8129,1016,-1165,-1862,-281,0,0
8059568926,828.868,258.152,491.782,9161.250,-12241.250,-17027.500,23.887,13588,4232,8062,1047,-1399,-1946,-285,0,0
8059578334,828.685,259.616,508.862,8732.500,-13807.500,-17211.250,23.887,13585,4256,8342,998,-1578,-1967,-285,0,0
8059587740,839.116,256.383,520.452,8645.000,-15898.750,-16686.250,23.891,13756,4203,8532,988,-1817,-1907,-284,0,0
8059597151,859.673,256.627,485.255,9388.750,-17911.250,-16082.500,23.891,14093,4207,7955,1073,-2047,-1838,-284,0,0
8059606563,872.666,259.738,469.456,9152.500,-18033.750,-16248.750,23.910,14306,4258,7696,1046,-2061,-1857,-279,0,0
8059615967,858.880,266.875,472.750,8505.000,-17648.750,-16397.500,23.910,14080,4375,7750,972,-2017,-1874,-279,0,0
8059625379,847.168,283.101,459.330,9047.500,-16887.500,-15260.000,23.875,13888,4641,7530,1034,-1930,-1744,-288,0,0
8059634792,836.127,287.798,459.574,8557.500,-15373.750,-12880.000,23.875,13707,4718,7534,978,-1757,-1472,-288,0,0
8059644200,831.308,280.417,474.885,8242.500,-14210.000,-10246.250,23.871,13628,4597,7785,942,-1624,-1171,-289,0,0
8059653605,836.737,272.914,485.926,8767.500,-14350.000,-8417.500,23.871,13717,4474,7966,1002,-1640,-962,-289,0,0
8059663017,842.471,273.768,480.497,9625.000,-15662.500,-7953.750,23.855,13811,4488,7877,1100,-1790,-909,-293,0,0
8059672428,850.401,282.674,468.724,10290.000,-16852.500,-7472.500,23.855,13941,4634,7684,1176,-1926,-854,-293,0,0
8059681839,851.560,288.652,460.062,10351.250,-17351.250,-6571.250,23.875,13960,4732,7542,1183,-1983,-751,-288,0,0
8059691244,861.686,290.665,445.727,9537.500,-17613.750,-4900.000,23.875,14126,4765,7307,1090,-2013,-560,-288,0,0
8059700655,897.737,283.894,437.126,8461.250,-16196.250,-2712.500,23.875,14717,4654,7166,967,-1851,-310,-288,0,0
8059710066,1040.477,263.642,405.345,7218.750,-13527.500,-2248.750,23.875,17057,4322,6645,825,-1546,-257,-288,0,0
8059719471,860.771,248.819,433.222,3832.500,-7577.500,-5407.500,23.902,14111,4079,7102,438,-866,-618,-281,0,0
8059728882,871.995,259.616,424.743,5066.250,-7875.000,-5293.750,23.902,14295,4256,6963,579,-900,-605,-281,0,0
8059738294,895.114,252.418,407.358,5407.500,-7778.750,-5617.500,23.887,14674,4138,6678,618,-889,-642,-285,0,0
8059747699,880.291,256.627,442.738,3351.250,-6825.000,-6860.000,23.887,14431,4207,7258,383,-780,-784,-285,0,0
8059757110,877.119,263.703,452.925,4357.500,-6825.000,-6448.750,23.871,14379,4323,7425,498,-780,-737,-289,0,0
8059766522,873.215,266.082,458.781,4506.250,-6798.750,-6046.250,23.871,14315,4362,7521,515,-777,-691,-289,0,0
8059775932,869.372,273.402,460.184,4480.000,-6300.000,-5057.500,23.891,14252,4482,7544,512,-720,-578,-284,0,0
8059785338,866.261,267.241,475.983,4830.000,-5705.000,-3648.750,23.891,14201,4381,7803,552,-652,-417,-284,0,0
8059794745,878.034,269.986,465.125,4401.250,-5871.250,-2161.250,23.891,14394,4426,7625,503,-671,-247,-284,0,0
8059804158,911.340,278.587,429.928,4086.250,-4322.500,1365.000,23.891,14940,4567,7048,467,-494,156,-284,0,0
8059813570,924.211,301.950,383.995,3578.750,-96.250,7586.250,23.855,15151,4950,6295,409,-11,867,-293,0,0
8059822974,871.080,437.553,333.731,4173.750,10482.500,22513.750,23.855,14280,7173,5471,477,1198,2573,-293,0,0
8059832387,943.426,311.039,418.155,1610.000,24430.000,41457.500,23.875,15466,5099,6855,184,2792,4738,-288,0,0
8059841794,793.549,382.653,445.727,-3053.750,33223.750,54792.500,23.875,13009,6273,7307,-349,3797,6262,-288,0,0
8059851201,866.078,306.525,496.052,-2773.750,39401.250,68626.250,23.844,14198,5025,8132,-317,4503,7843,-296,0,0
8059860612,832.162,308.782,500.139,-5460.000,39768.750,76177.500,23.844,13642,5062,8199,-624,4545,8706,-296,0,0
8059870024,857.416,273.829,486.109,3351.250,36907.500,81978.750,23.887,14056,4489,7969,383,4218,9369,-285,0,0
8059879435,869.311,192.089,483.425,8076.250,30275.000,75591.250,23.887,14251,3149,7925,923,3460,8639,-285,0,0
8059888839,863.028,176.656,412.482,5328.750,21236.250,63988.750,23.902,14148,2896,6762,609,2427,7313,-281,0,0
8059898251,851.133,161.467,424.865,533.750,17430.000,49393.750,23.902,13953,2647,6965,61,1992,5645,-281,0,0
8059907662,869.860,154.818,590.053,1365.000,15058.750,38403.750,23.914,14260,2538,9673,156,1721,4389,-278,0,0
8059917066,842.166,134.322,584.197,4235.000,6475.000,27527.500,23.914,13806,2202,9577,484,740,3146,-278,0,0
8059926478,832.833,109.190,568.703,3543.750,1198.750,18698.750,23.863,13653,1790,9323,405,137,2137,-291,0,0
8059935889,847.168,82.838,587.735,5696.250,-1986.250,9406.250,23.863,13888,1358,9635,651,-227,1075,-291,0,0
8059945300,867.603,128.100,528.931,12372.500,-6405.000,2205.000,23.875,14223,2100,8671,1414,-732,252,-288,0,0
8059954705,847.107,119.438,494.832,14743.750,-7971.250,-4900.000,23.875,13887,1958,8112,1685,-911,-560,-288,0,0
8059964117,869.250,46.299,534.726,9651.250,-10508.750,-19180.000,23.902,14250,759,8766,1103,-1201,-2192,-281,0,0
8059973527,867.847,-28.792,590.297,7148.750,-15207.500,-37703.750,23.902,14227,-472,9677,817,-1738,-4309,-281,0,0
8059982931,862.418,-59.414,615.490,11007.500,-24263.750,-59806.250,23.902,14138,-974,10090,1258,-2773,-6835,-281,0,0
8059992343,933.239,11.102,467.138,20571.250,-32935.000,-77402.500,23.902,15299,182,7658,2351,-3764,-8846,-281,0,0
8060001756,907.436,254.187,343.430,33967.500,-28026.250,-79380.000,23.855,14876,4167,5630,3882,-3203,-9072,-293,0,0
8060011160,829.051,552.843,352.702,44931.250,-13588.750,-59718.750,23.855,13591,9063,5782,5135,-1553,-6825,-293,0,0
8060020572,761.768,668.865,476.837,37642.500,-1688.750,-29268.750,23.891,12488,10965,7817,4302,-193,-3345,-284,0,0
8060029983,750.300,422.059,533.140,16616.250,-796.250,-3368.750,23.891,12300,6919,8740,1899,-91,-385,-284,0,0
8060039390,790.438,182.512,531.493,2476.250,-4882.500,7271.250,23.902,12958,2992,8713,283,-558,831,-281,0,0
8060048803,803.187,120.414,538.874,1758.750,-8006.250,5696.250,23.902,13167,1974,8834,201,-915,651,-281,0,0
8060058208,1074.454,156.770,543.510,8120.000,-11550.000,1680.000,23.887,17614,2570,8910,928,-1320,192,-285,0,0
8060067620,877.851,232.532,438.407,9756.250,-9380.000,-6107.500,23.887,14391,3812,7187,1115,-1072,-698,-285,0,0
8060077031,849.913,263.886,421.327,5433.750,-8408.750,-7971.250,23.887,13933,4326,6907,621,-961,-911,-285,0,0
8060086435,886.086,258.945,417.057,4103.750,-6693.750,-6711.250,23.887,14526,4245,6837,469,-765,-767,-285,0,0
8060095846,905.362,219.905,496.174,945.000,-5538.750,-6020.000,23.898,14842,3605,8134,108,-633,-688,-282,0,0
8060105258,897.371,210.755,436.943,-472.500,-8373.750,-5950.000,23.898,14711,3455,7163,-54,-957,-680,-282,0,0
8060114669,895.480,223.626,403.759,586.250,-5853.750,-3062.500,23.902,14680,3666,6619,67,-669,-350,-281,0,0
8060124074,902.190,259.921,442.860,2126.250,-1758.750,682.500,23.902,14790,4261,7260,243,-201,78,-281,0,0
8060133485,907.314,235.582,466.101,1356.250,-3710.000,3333.750,23.906,14874,3862,7641,155,-424,381,-280,0,0
8060142896,955.077,181.597,398.696,-3937.500,-9065.000,1828.750,23.906,15657,2977,6536,-450,-1036,209,-280,0,0
8060152300,936.350,250.649,427.244,-7000.000,-9537.500,1312.500,23.898,15350,4109,7004,-800,-1090,150,-282,0,0
8060161712,848.266,351.360,528.138,-5136.250,-13553.750,7385.000,23.898,13906,5760,8658,-587,-1549,844,-282,0,0
8060171124,959.164,282.552,393.755,-6256.250,-23143.750,13982.500,23.891,15724,4632,6455,-715,-2645,1598,-284,0,0
8060180532,909.571,198.006,412.787,-16607.500,-28271.250,9756.250,23.891,14911,3246,6767,-1898,-3231,1115,-284,0,0
8060189938,991.494,198.433,268.949,-21516.250,-35253.750,5451.250,23.898,16254,3253,4409,-2459,-4029,623,-282,0,0
8060199350,922.625,191.357,285.236,-20763.750,-30047.500,516.250,23.898,15125,3137,4676,-2373,-3434,59,-282,0,0
8060208761,865.041,250.344,390.583,-16117.500,-20440.000,-1312.500,23.898,14181,4104,6403,-1842,-2336,-150,-282,0,0
8060218166,829.417,258.579,541.924,-10403.750,-16353.750,1951.250,23.898,13597,4239,8884,-1189,-1869,223,-282,0,0
8060227577,803.248,234.850,539.057,-8163.750,-14840.000,4602.500,23.879,13168,3850,8837,-933,-1696,526,-287,0,0
8060236988,863.882,209.657,470.310,-7980.000,-11480.000,4742.500,23.879,14162,3437,7710,-912,-1312,542,-287,0,0
8060246394,777.262,194.041,603.839,-5932.500,-1233.750,5136.250,23.863,12742,3181,9899,-678,-141,587,-291,0,0
8060255808,830.088,151.280,578.219,4191.250,-2432.500,5801.250,23.863,13608,2480,9479,479,-278,663,-291,0,0
8060265215,863.333,157.563,505.995,11121.250,-1942.500,3456.250,23.875,14153,2583,8295,1271,-222,395,-288,0,0
8060274627,872.849,185.867,513.071,14026.250,-1146.250,577.500,23.875,14309,3047,8411,1603,-131,66,-288,0,0
8060284031,900.970,183.488,490.745,15417.500,-3290.000,-918.750,23.891,14770,3008,8045,1762,-376,-105,-284,0,0
8060293442,920.795,162.809,502.884,14192.500,-5285.000,-1863.750,23.891,15095,2669,8244,1622,-604,-213,-284,0,0
8060302853,973.499,180.194,426.756,14901.250,-6746.250,-1155.000,23.891,15959,2954,6996,1703,-771,-132,-284,0,0
8060312265,1104.527,154.452,310.795,14271.250,-1006.250,-3447.500,23.891,18107,2532,5095,1631,-115,-394,-284,0,0
8060321669,1045.967,163.053,296.704,7140.000,10981.250,-10115.000,23.879,17147,2673,4864,816,1255,-1156,-287,0,0
8060331081,915.549,229.238,339.282,3027.500,19757.500,-12442.500,23.879,15009,3758,5562,346,2258,-1422,-287,0,0
8060340492,801.601,297.436,408.517,1540.000,20973.750,-10018.750,23.895,13141,4876,6697,176,2397,-1145,-283,0,0
8060349896,745.725,300.425,471.774,-700.000,16598.750,-3290.000,23.895,12225,4925,7734,-80,1897,-376,-283,0,0
8060359307,761.951,261.751,509.106,-2870.000,10421.250,1995.000,23.910,12491,4291,8346,-328,1191,228,-279,0,0
8060368719,775.615,232.654,538.752,-1111.250,6002.500,5932.500,23.910,12715,3814,8832,-127,686,678,-279,0,0
8060378130,792.024,215.086,579.256,708.750,2432.500,7000.000,23.910,12984,3526,9496,81,278,800,-279,0,0
8060387534,796.477,222.406,592.371,2091.250,-2677.500,6475.000,23.910,13057,3646,9711,239,-306,740,-279,0,0
8060396946,791.963,227.530,564.494,3403.750,-8758.750,5118.750,23.895,12983,3730,9254,389,-1001,585,-283,0,0
8060406357,800.503,238.937,519.354,4060.000,-13483.750,3683.750,23.895,13123,3917,8514,464,-1541,421,-283,0,0
8060415762,811.239,246.623,511.241,3666.250,-16292.500,2590.000,23.859,13299,4043,8381,419,-1862,296,-292,0,0
8060425175,826.855,247.782,510.936,2966.250,-19661.250,2371.250,23.859,13555,4062,8376,339,-2247,271,-292,0,0
8060434582,838.140,234.240,496.479,2318.750,-22697.500,2108.750,23.910,13740,3840,8139,265,-2594,241,-279,0,0
8060443995,832.284,219.783,512.949,1522.500,-24850.000,1190.000,23.910,13644,3603,8409,174,-2840,136,-279,0,0
8060453400,823.195,208.559,540.399,1417.500,-27632.500,490.000,23.895,13495,3419,8859,162,-3158,56,-283,0,0
8060462811,1265.567,184.098,450.180,1662.500,-30240.000,-1085.000,23.895,20747,3018,7380,190,-3456,-124,-283,0,0
8060472223,837.957,143.655,444.263,-2310.000,-16178.750,-5678.750,23.879,13737,2355,7283,-264,-1849,-649,-287,0,0
8060481629,868.396,121.268,470.188,-1181.250,-14332.500,-7175.000,23.879,14236,1988,7708,-135,-1638,-820,-287,0,0
8060491043,911.218,135.420,449.692,3088.750,-13545.000,-7980.000,23.883,14938,2220,7372,353,-1548,-912,-286,0,0
8060500449,880.718,143.289,505.080,7735.000,-9887.500,-4917.500,23.883,14438,2349,8280,884,-1130,-562,-286,0,0
8060509860,888.465,159.515,447.862,14490.000,-7962.500,-953.750,23.859,14565,2615,7342,1656,-910,-109,-292,0,0
8060519265,886.940,207.156,456.951,18873.750,-2415.000,4138.750,23.859,14540,3396,7491,2157,-276,473,-292,0,0
8060528676,916.464,192.760,463.661,20877.500,717.500,9292.500,23.895,15024,3160,7601,2386,82,1062,-283,0,0
8060538088,921.405,222.101,432.917,20798.750,1041.250,14910.000,23.895,15105,3641,7097,2377,119,1704,-283,0,0
8060547499,930.433,258.030,329.583,21393.750,682.500,20405.000,23.887,15253,4230,5403,2445,78,2332,-285,0,0
8060556903,970.510,191.906,307.379,19075.000,1601.250,24237.500,23.887,15910,3146,5039,2180,183,2770,-285,0,0
8060566314,947.025,213.866,223.321,11978.750,1321.250,20160.000,23.867,15525,3506,3661,1369,151,2304,-290,0,0
8060575720,986.431,242.414,301.584,7866.250,5355.000,20615.000,23.867,16171,3974,4944,899,612,2356,-290,0,0
8060585134,922.442,280.600,354.898,3465.000,6387.500,19285.000,23.875,15122,4600,5818,396,730,2204,-288,0,0
8060594541,923.906,270.413,402.661,1260.000,3902.500,21586.250,23.875,15146,4433,6601,144,446,2467,-288,0,0
8060603952,904.020,249.673,389.851,-4296.250,157.500,17718.750,23.938,14820,4093,6391,-491,18,2025,-272,0,0
8060613365,874.191,242.475,450.363,-9878.750,157.500,13352.500,23.938,14331,3975,7383,-1129,18,1526,-272,0,0
8060622768,840.885,212.829,534.299,-10745.000,-3657.500,8645.000,23.871,13785,3489,8759,-1228,-418,988,-289,0,0
8060632180,899.689,188.307,475.007,-12320.000,-10928.750,1575.000,23.871,14749,3087,7787,-1408,-1249,180,-289,0,0
8060641591,845.155,149.511,551.135,-16038.750,-14166.250,-8015.000,23.879,13855,2451,9035,-1833,-1619,-916,-287,0,0
8060650995,896.395,119.560,540.582,-16100.000,-21778.750,-20877.500,23.879,14695,1960,8862,-1840,-2489,-2386,-287,0,0
8060660407,808.555,196.420,537.166,-12757.500,-21551.250,-26521.250,23.902,13255,3220,8806,-1458,-2463,-3031,-281,0,0
8060669818,815.448,260.409,642.330,-6273.750,-17228.750,-21568.750,23.902,13368,4269,10530,-717,-1969,-2465,-281,0,0
8060679229,822.280,246.074,585.356,2056.250,-16117.500,-8898.750,23.898,13480,4034,9596,235,-1842,-1017,-282,0,0
8060688634,852.658,179.157,539.728,5503.750,-14735.000,122.500,23.898,13978,2937,8848,629,-1684,14,-282,0,0
8060698046,892.308,146.644,420.473,11130.000,-13317.500,5346.250,23.855,14628,2404,6893,1272,-1522,611,-293,0,0
8060707456,934.276,128.161,370.941,13483.750,-8347.500,6991.250,23.855,15316,2101,6081,1541,-954,799,-293,0,0
8060716860,911.157,98.881,309.087,11690.000,-1522.500,6650.000,23.879,14937,1621,5067,1336,-174,760,-287,0,0
8060726272,913.048,72.773,441.091,8032.500,6483.750,3377.500,23.879,14968,1193,7231,918,741,386,-287,0,0
8060735683,895.480,42.944,472.445,11593.750,7166.250,1146.250,23.910,14680,704,7745,1325,819,131,-279,0,0
8060745094,916.281,21.350,473.970,13466.250,5818.750,-4270.000,23.910,15021,350,7770,1539,665,-488,-279,0,0
8060754499,945.866,68.076,415.532,17561.250,3823.750,-9948.750,23.898,15506,1116,6812,2007,437,-1137,-282,0,0
8060763910,932.568,143.289,361.730,20571.250,4217.500,-12145.000,23.898,15288,2349,5930,2351,482,-1388,-282,0,0
8060773322,927.810,181.841,416.325,18060.000,6798.750,-12976.250,23.898,15210,2981,6825,2064,777,-1483,-282,0,0
8060782727,908.595,181.475,428.708,13527.500,5346.250,-13466.250,23.898,14895,2975,7028,1546,611,-1539,-282,0,0
8060792141,903.044,184.159,426.390,9808.750,4865.000,-14315.000,23.926,14804,3019,6990,1121,556,-1636,-275,0,0
8060801548,909.937,219.356,421.510,11121.250,5075.000,-14490.000,23.926,14917,3596,6910,1271,580,-1656,-275,0,0
8060810960,951.722,255.407,400.343,12468.750,5503.750,-12932.500,23.914,15602,4187,6563,1425,629,-1478,-278,0,0
8060820365,1069.818,255.834,366.000,10421.250,8855.000,-10771.250,23.914,17538,4194,6000,1191,1012,-1231,-278,0,0
8060829775,1120.753,242.231,327.509,3167.500,16170.000,-12950.000,23.902,18373,3971,5369,362,1848,-1480,-281,0,0
8060839187,1074.881,192.760,297.924,-7621.250,25655.000,-17316.250,23.902,17621,3160,4884,-871,2932,-1979,-281,0,0
8060848598,972.218,182.695,303.780,-10832.500,35420.000,-20186.250,23.891,15938,2995,4980,-1238,4048,-2307,-284,0,0
8060858002,890.356,203.008,381.677,-9143.750,41536.250,-20580.000,23.891,14596,3328,6257,-1045,4747,-2352,-284,0,0
8060867414,837.774,213.500,458.659,-8627.500,41597.500,-19267.500,23.902,13734,3500,7519,-986,4754,-2202,-281,0,0
8060876825,814.106,216.184,502.030,-9966.250,38193.750,-17062.500,23.902,13346,3544,8230,-1139,4365,-1950,-281,0,0
8060886229,801.418,212.341,534.238,-10053.750,34658.750,-13930.000,23.871,13138,3481,8758,-1149,3961,-1592,-289,0,0
8060895641,792.573,197.701,557.296,-9380.000,31395.000,-10570.000,23.871,12993,3241,9136,-1072,3588,-1208,-289,0,0
8060905052,777.018,187.514,582.855,-8382.500,28105.000,-7393.750,23.906,12738,3074,9555,-958,3212,-845,-280,0,0
8060914463,778.421,177.266,608.780,-6396.250,23353.750,-4427.500,23.906,12761,2906,9980,-731,2669,-506,-280,0,0
8060923867,803.614,172.020,595.177,-3438.750,17351.250,-1872.500,23.891,13174,2820,9757,-393,1983,-214,-284,0,0
8060933279,833.321,166.774,542.351,-1233.750,11576.250,-892.500,23.891,13661,2734,8891,-141,1323,-102,-284,0,0
8060942690,861.747,172.691,480.985,-778.750,6422.500,-1233.750,23.898,14127,2831,7885,-89,734,-141,-282,0,0
8060952094,857.050,180.560,420.290,-875.000,3220.000,-1697.500,23.898,14050,2960,6890,-100,368,-194,-282,0,0
8060961506,824.293,175.131,439.810,-2948.750,-2266.250,-953.750,23.910,13513,2871,7210,-337,-259,-109,-279,0,0
8060970917,898.530,149.694,370.514,-4410.000,-11865.000,-1023.750,23.910,14730,2454,6074,-504,-1356,-117,-279,0,0
8060980329,925.614,199.592,317.078,-5407.500,-14813.750,-166.250,23.891,15174,3272,5198,-618,-1693,-19,-284,0,0
8060989735,943.975,193.248,357.155,-9668.750,-13326.250,1557.500,23.891,15475,3168,5855,-1105,-1523,178,-284,0,0
8060999142,937.509,165.493,402.722,-12407.500,-13326.250,2476.250,23.883,15369,2713,6602,-1418,-1523,283,-286,0,0
8061008555,941.474,145.363,416.508,-14848.750,-15977.500,1303.750,23.883,15434,2383,6828,-1697,-1826,149,-286,0,0
8061017960,950.258,141.215,428.891,-17316.250,-18523.750,-1767.500,23.887,15578,2315,7031,-1979,-2117,-202,-285,0,0
8061027371,941.657,152.683,422.120,-19127.500,-19687.500,-5722.500,23.887,15437,2503,6920,-2186,-2250,-654,-285,0,0
8061036782,909.327,181.109,427.244,-21770.000,-17823.750,-9913.750,23.918,14907,2969,7004,-2488,-2037,-1133,-277,0,0
8061046194,874.557,196.176,486.048,-24911.250,-13133.750,-12705.000,23.918,14337,3216,7968,-2847,-1501,-1452,-277,0,0
8061055598,840.214,192.455,569.679,-24797.500,-7813.750,-13877.500,23.875,13774,3155,9339,-2834,-893,-1586,-288,0,0
8061065009,796.233,170.922,630.496,-22601.250,-3876.250,-15321.250,23.875,13053,2802,10336,-2583,-443,-1751,-288,0,0
8061074421,791.231,169.641,655.994,-19302.500,-656.250,-17473.750,23.910,12971,2781,10754,-2206,-75,-1997,-279,0,0
8061083832,778.787,176.534,693.753,-14665.000,3893.750,-19110.000,23.910,12767,2894,11373,-1676,445,-2184,-279,0,0
8061093237,773.724,180.621,720.959,-10552.500,6273.750,-20282.500,23.867,12684,2961,11819,-1206,717,-2318,-290,0,0
8061102648,766.709,166.164,722.545,-8023.750,7446.250,-22207.500,23.867,12569,2724,11845,-917,851,-2538,-290,0,0
8061112059,763.842,155.794,714.676,-6081.250,9021.250,-23966.250,23.867,12522,2554,11716,-695,1031,-2739,-290,0,0
8061121463,764.940,145.546,732.183,-1837.500,13256.250,-24290.000,23.867,12540,2386,12003,-210,1515,-2776,-290,0,0
8061130874,746.152,162.138,757.681,4786.250,19223.750,-25007.500,23.887,12232,2658,12421,547,2197,-2858,-285,0,0
8061140286,707.783,221.857,754.143,12057.500,23826.250,-23205.000,23.887,11603,3637,12363,1378,2723,-2652,-285,0,0
8061149692,645.136,282.552,882.670,20291.250,22373.750,-17045.000,23.879,10576,4632,14470,2319,2557,-1948,-287,0,0
8061159102,612.501,370.697,782.142,33670.000,8662.500,-9073.750,23.879,10041,6077,12822,3848,990,-1037,-287,0,0
8061168514,645.929,316.834,711.016,36575.000,-2371.250,1863.750,23.898,10589,5194,11656,4180,-271,213,-282,0,0
8061177924,700.890,287.066,630.679,29872.500,-13763.750,4016.250,23.898,11490,4706,10339,3414,-1573,459,-282,0,0
8061187329,766.587,262.056,557.601,23091.250,-21358.750,5285.000,23.910,12567,4296,9141,2639,-2441,604,-279,0,0
8061196742,806.176,215.574,530.944,21437.500,-24412.500,5985.000,23.910,13216,3534,8704,2450,-2790,684,-279,0,0
8061206153,842.349,179.828,512.339,22566.250,-28210.000,3998.750,23.859,13809,2948,8399,2579,-3224,457,-292,0,0
8061215558,870.592,173.667,476.288,24456.250,-32725.000,-376.250,23.859,14272,2847,7808,2795,-3740,-43,-292,0,0
8061224972,907.131,178.181,437.187,25453.750,-35568.750,-4768.750,23.898,14871,2921,7167,2909,-4065,-545,-282,0,0
8061234378,958.615,193.065,387.289,25296.250,-35595.000,-7560.000,23.898,15715,3165,6349,2891,-4068,-864,-282,0,0
8061243789,1001.315,207.034,337.513,23940.000,-31263.750,-8085.000,23.887,16415,3394,5533,2736,-3573,-924,-285,0,0
8061253194,1007.964,215.147,313.174,21866.250,-21183.750,-7761.250,23.887,16524,3527,5134,2499,-2421,-887,-285,0,0
8061262605,983.320,217.404,330.559,18690.000,-8732.500,-7297.500,23.898,16120,3564,5419,2136,-998,-834,-282,0,0
8061272016,923.784,208.193,395.585,14875.000,1505.000,-7166.250,23.898,15144,3413,6485,1700,172,-819,-282,0,0
8061281428,869.738,194.651,484.157,12538.750,4847.500,-7883.750,23.898,14258,3191,7937,1433,554,-901,-282,0,0
8061290832,832.345,183.610,531.554,13387.500,1111.250,-9423.750,23.898,13645,3010,8714,1530,127,-1077,-282,0,0
8061300244,834.785,185.501,523.929,15408.750,-5048.750,-11795.000,23.867,13685,3041,8589,1761,-577,-1348,-290,0,0
8061309655,840.580,206.180,491.660,17465.000,-8916.250,-13947.500,23.867,13780,3380,8060,1996,-1019,-1594,-290,0,0
8061319059,843.630,245.891,473.909,22093.750,-9625.000,-13308.750,23.895,13830,4031,7769,2525,-1100,-1521,-283,0,0
8061328470,837.835,312.869,482.815,21665.000,-8618.750,-11838.750,23.895,13735,5129,7915,2476,-985,-1353,-283,0,0
8061337882,821.182,306.769,519.415,14472.500,-7910.000,-8925.000,23.895,13462,5029,8515,1654,-904,-1020,-283,0,0
8061347294,814.533,270.596,554.246,11261.250,-9178.750,-5565.000,23.895,13353,4436,9086,1287,-1049,-636,-283,0,0
8061356700,811.849,255.163,554.978,11305.000,-13046.250,-3955.000,23.926,13309,4183,9098,1292,-1491,-452,-275,0,0
8061366107,827.770,252.601,517.951,12145.000,-17797.500,-3526.250,23.926,13570,4141,8491,1388,-2034,-403,-275,0,0
8061375520,852.597,253.516,471.164,13028.750,-20982.500,-3062.500,23.902,13977,4156,7724,1489,-2398,-350,-281,0,0
8061384924,884.256,250.649,447.130,12678.750,-21953.750,-3771.250,23.902,14496,4109,7330,1449,-2509,-431,-281,0,0
8061394336,907.070,239.059,442.067,9948.750,-21726.250,-6177.500,23.898,14870,3919,7247,1137,-2483,-706,-282,0,0
8061403749,915.793,239.974,437.492,7148.750,-21621.250,-9301.250,23.898,15013,3934,7172,817,-2471,-1063,-282,0,0
8061413157,916.403,246.318,426.573,5687.500,-21096.250,-11733.750,23.875,15023,4038,6993,650,-2411,-1341,-288,0,0
8061422562,905.545,250.954,424.926,4068.750,-19608.750,-13973.750,23.875,14845,4114,6966,465,-2241,-1597,-288,0,0
8061431974,883.829,255.102,440.115,1951.250,-18033.750,-15592.500,23.898,14489,4182,7215,223,-2061,-1782,-282,0,0
8061441387,853.207,258.030,474.336,420.000,-17062.500,-16703.750,23.898,13987,4230,7776,48,-1950,-1909,-282,0,0
8061450793,818.498,267.912,505.568,717.500,-16703.750,-15557.500,23.938,13418,4392,8288,82,-1909,-1778,-272,0,0
8061460200,799.771,270.352,531.371,2677.500,-16633.750,-11637.500,23.938,13111,4432,8711,306,-1901,-1330,-272,0,0
8061469613,793.732,263.459,558.943,4445.000,-18095.000,-7813.750,23.891,13012,4319,9163,508,-2068,-893,-284,0,0
8061479023,782.813,262.056,546.133,8120.000,-22601.250,-4733.750,23.891,12833,4296,8953,928,-2583,-541,-284,0,0
8061488428,812.764,258.884,501.237,11042.500,-28455.000,-2397.500,23.879,13324,4244,8217,1262,-3252,-274,-287,0,0
8061497839,870.775,252.784,454.206,12145.000,-33136.250,-2056.250,23.879,14275,4144,7446,1388,-3787,-235,-287,0,0
8061507251,1212.131,305.854,212.768,9721.250,-27973.750,-6116.250,23.867,19871,5014,3488,1111,-3197,-699,-290,0,0
8061516655,919.026,225.700,405.284,-1146.250,-9633.750,-8575.000,23.867,15066,3700,6644,-131,-1101,-980,-290,0,0
8061526066,836.981,208.559,463.844,-2852.500,-9100.000,-9301.250,23.852,13721,3419,7604,-326,-1040,-1063,-294,0,0
8061535478,907.192,208.986,432.185,-87.500,-13361.250,-11970.000,23.852,14872,3426,7085,-10,-1527,-1368,-294,0,0
8061544889,911.462,232.959,408.700,586.250,-11602.500,-10911.250,23.906,14942,3819,6700,67,-1326,-1247,-280,0,0
8061554293,871.934,197.335,466.528,612.500,-6685.000,-8286.250,23.906,14294,3235,7648,70,-764,-947,-280,0,0
8061563705,880.840,207.949,469.151,1391.250,-6422.500,-8321.250,23.883,14440,3409,7691,159,-734,-951,-286,0,0
8061573116,894.382,257.786,425.780,2266.250,-5031.250,-5871.250,23.883,14662,4226,6980,259,-575,-671,-286,0,0
8061582521,916.281,245.403,411.323,2966.250,0.000,1146.250,23.875,15021,4023,6743,339,0,131,-288,0,0
8061591931,944.524,315.431,323.971,1242.500,7078.750,8671.250,23.875,15484,5171,5311,142,809,991,-288,0,0
8061601343,905.728,361.486,349.530,157.500,22671.250,25226.250,23.840,14848,5926,5730,18,2591,2883,-297,0,0
8061610749,818.315,314.821,482.449,-1610.000,34107.500,40328.750,23.840,13415,5161,7909,-184,3898,4609,-297,0,0
8061620160,832.589,253.943,560.895,-857.500,34702.500,47486.250,23.883,13649,4163,9195,-98,3966,5427,-286,0,0
8061629572,868.091,206.546,569.862,1321.250,29102.500,49122.500,23.883,14231,3386,9342,151,3326,5614,-286,0,0
8061638983,851.377,246.379,478.728,6448.750,23397.500,50163.750,23.910,13957,4039,7848,737,2674,5733,-279,0,0
8061648391,878.827,217.648,436.882,10841.250,22137.500,48081.250,23.910,14407,3568,7162,1239,2530,5495,-279,0,0
8061657796,854.488,245.281,438.834,10850.000,19862.500,42708.750,23.883,14008,4021,7194,1240,2270,4881,-286,0,0
8061667208,923.296,176.717,457.073,10850.000,16056.250,34536.250,23.883,15136,2897,7493,1240,1835,3947,-286,0,0
8061676620,876.448,211.792,435.540,9887.500,11138.750,24666.250,23.871,14368,3472,7140,1130,1273,2819,-289,0,0
8061686024,868.884,239.669,434.259,8146.250,9826.250,17972.500,23.871,14244,3929,7119,931,1123,2054,-289,0,0
8061695436,832.101,224.541,571.204,5740.000,9091.250,12232.500,23.859,13641,3681,9364,656,1039,1398,-292,0,0
8061704843,832.162,186.599,602.009,5162.500,2336.250,6676.250,23.859,13642,3059,9869,590,267,763,-292,0,0
8061714257,841.556,166.042,563.823,5538.750,-3123.750,1653.750,23.926,13796,2722,9243,633,-357,189,-275,0,0
8061723663,826.062,112.850,575.047,7813.750,-6203.750,-4821.250,23.926,13542,1850,9427,893,-709,-551,-275,0,0
8061733073,838.750,72.529,574.437,9257.500,-12810.000,-17578.750,23.902,13750,1189,9417,1058,-1464,-2009,-281,0,0
8061742485,874.313,91.134,519.842,12145.000,-19381.250,-30931.250,23.902,14333,1494,8522,1388,-2215,-3535,-281,0,0
8061751896,915.305,98.332,505.385,18182.500,-22041.250,-43128.750,23.902,15005,1612,8285,2078,-2519,-4929,-281,0,0
8061761300,956.785,223.504,446.398,24605.000,-22557.500,-51782.500,23.902,15685,3664,7318,2812,-2578,-5918,-281,0,0
8061770713,947.452,379.847,371.124,28385.000,-18025.000,-48300.000,23.879,15532,6227,6084,3244,-2060,-5520,-287,0,0
8061780120,898.957,387.167,335.622,18663.750,-8933.750,-37345.000,23.879,14737,6347,5502,2133,-1021,-4268,-287,0,0
8061789527,842.410,322.568,367.220,7787.500,1618.750,-23905.000,23.895,13810,5288,6020,890,185,-2732,-283,0,0
8061798938,802.150,256.932,449.448,1531.250,9283.750,-14638.750,23.895,13150,4212,7368,175,1061,-1673,-283,0,0
8061808350,776.835,220.515,549.244,-376.250,11025.000,-9091.250,23.859,12735,3615,9004,-43,1260,-1039,-292,0,0
8061817756,754.570,219.600,613.172,3080.000,7385.000,-6046.250,23.859,12370,3600,10052,352,844,-691,-292,0,0
8061827170,739.198,234.667,611.098,7761.250,122.500,-3815.000,23.875,12118,3847,10018,887,14,-436,-288,0,0
8061836576,717.055,254.797,585.112,9948.750,-7498.750,-1697.500,23.875,11755,4177,9592,1137,-857,-194,-288,0,0
8061845988,690.886,274.500,598.288,10500.000,-15426.250,1268.750,23.918,11326,4500,9808,1200,-1763,145,-277,0,0
8061855394,935.740,258.884,629.886,10788.750,-28883.750,6842.500,23.918,15340,4244,10326,1233,-3301,782,-277,0,0
8061864802,992.104,266.997,204.899,6343.750,-24141.250,2283.750,23.922,16264,4377,3359,725,-2759,261,-276,0,0
8061874215,927.444,189.954,411.018,-10237.500,-10955.000,-1688.750,23.922,15204,3114,6738,-1170,-1252,-193,-276,0,0
8061883620,940.437,236.009,293.532,-9800.000,-13597.500,-1417.500,23.852,15417,3869,4812,-1120,-1554,-162,-294,0,0
8061893033,950.319,207.522,248.575,-10858.750,-7472.500,-17.500,23.852,15579,3402,4075,-1241,-854,-2,-294,0,0
8061902441,973.499,216.367,305.427,-16695.000,-1365.000,-542.500,23.887,15959,3547,5007,-1908,-156,-62,-285,0,0
8061911853,966.362,248.758,295.179,-16572.500,428.750,1531.250,23.887,15842,4078,4839,-1894,49,175,-285,0,0
8061921258,947.757,233.386,362.279,-18620.000,2870.000,5005.000,23.891,15537,3826,5939,-2128,328,572,-284,0,0
8061930670,965.508,227.835,386.557,-21778.750,1391.250,5827.500,23.891,15828,3735,6337,-2489,159,666,-284,0,0
8061940083,871.446,232.410,475.190,-23205.000,-498.750,7481.250,23.891,14286,3810,7790,-2652,-57,855,-284,0,0
8061949490,918.233,220.881,423.767,-21332.500,-3815.000,9432.500,23.891,15053,3621,6947,-2438,-436,1078,-284,0,0
8061958896,880.657,153.964,568.398,-21840.000,-105.000,7087.500,23.852,14437,2524,9318,-2496,-12,810,-294,0,0
8061968307,777.750,113.643,664.046,-11777.500,-5451.250,8373.750,23.852,12750,1863,10886,-1346,-623,957,-294,0,0
8061977713,856.684,93.757,558.028,-656.250,-7980.000,4672.500,23.879,14044,1537,9148,-75,-912,534,-287,0,0
8061987128,893.711,118.340,626.775,5827.500,-2117.500,-166.250,23.879,14651,1940,10275,666,-242,-19,-287,0,0
8061996534,1007.842,180.011,532.652,11970.000,7595.000,-5626.250,23.879,16522,2951,8732,1368,868,-643,-287,0,0
8062005946,935.557,235.155,543.144,11016.250,23642.500,-9301.250,23.879,15337,3855,8904,1259,2702,-1063,-287,0,0
8062015357,759.694,289.323,555.649,12302.500,31386.250,-7787.500,23.871,12454,4743,9109,1406,3587,-890,-289,0,0
8062024761,642.574,327.082,531.371,13370.000,27685.000,-1671.250,23.871,10534,5362,8711,1528,3164,-191,-289,0,0
8062034174,628.178,314.638,536.495,9843.750,17640.000,5696.250,23.906,10298,5158,8795,1125,2016,651,-280,0,0
8062043583,677.039,279.990,560.590,5862.500,6378.750,11873.750,23.906,11099,4590,9190,670,729,1357,-280,0,0
8062052988,755.119,246.501,600.118,5687.500,-2065.000,16432.500,23.859,12379,4041,9838,650,-236,1878,-292,0,0
8062062401,800.869,211.914,622.505,7700.000,-8058.750,17736.250,23.859,13129,3474,10205,880,-921,2027,-292,0,0
8062071809,780.190,202.886,618.845,8846.250,-15006.250,15977.500,23.887,12790,3326,10145,1011,-1715,1826,-285,0,0
8062081222,771.040,208.254,568.825,9222.500,-23108.750,13588.750,23.887,12640,3414,9325,1054,-2641,1553,-285,0,0
8062090627,771.162,230.702,530.700,9266.250,-29128.750,12337.500,23.910,12642,3782,8700,1059,-3329,1410,-279,0,0
8062100040,775.554,240.035,530.822,9310.000,-32707.500,14385.000,23.910,12714,3935,8702,1064,-3738,1644,-279,0,0
8062109448,1243.302,206.241,310.429,7910.000,-31850.000,13623.750,23.922,20382,3381,5089,904,-3640,1557,-276,0,0
8062118860,920.795,163.480,360.144,-3928.750,-11217.500,9003.750,23.922,15095,2680,5904,-449,-1282,1029,-276,0,0
8062128264,935.557,183.061,304.756,-6291.250,-10176.250,8513.750,23.895,15337,3001,4996,-719,-1163,973,-283,0,0
8062137675,957.090,174.521,252.357,-7577.500,-6133.750,7647.500,23.895,15690,2861,4137,-866,-701,874,-283,0,0
8062147087,943.304,170.495,354.959,-12390.000,315.000,6046.250,23.910,15464,2795,5819,-1416,36,691,-279,0,0
8062156492,924.394,187.392,429.074,-11497.500,1137.500,4970.000,23.910,15154,3072,7034,-1314,130,568,-279,0,0
8062165903,910.791,194.773,481.839,-8680.000,-997.500,5626.250,23.926,14931,3193,7899,-992,-114,643,-275,0,0
8062175314,871.568,144.265,555.771,-10176.250,-3998.750,2730.000,23.926,14288,2365,9111,-1163,-457,312,-275,0,0
8062184720,830.820,144.021,590.297,-9406.250,-9143.750,-1426.250,23.918,13620,2361,9677,-1075,-1045,-163,-277,0,0
8062194134,830.515,123.281,569.374,-3377.500,-12022.500,-4436.250,23.918,13615,2021,9334,-386,-1374,-507,-277,0,0
8062203541,787.510,113.094,630.252,-332.500,-11550.000,-10246.250,23.891,12910,1854,10332,-38,-1320,-1171,-284,0,0
8062212953,826.611,180.316,639.341,4165.000,-15688.750,-14778.750,23.891,13551,2956,10481,476,-1793,-1689,-284,0,0
8062222357,818.315,210.633,642.269,9161.250,-17911.250,-14411.250,23.883,13415,3453,10529,1047,-2047,-1647,-286,0,0
8062231770,824.171,210.450,568.703,10421.250,-19862.500,-12503.750,23.883,13511,3450,9323,1191,-2270,-1429,-286,0,0
8062241178,838.994,134.139,515.206,7297.500,-20903.750,-14568.750,23.898,13754,2199,8446,834,-2389,-1665,-282,0,0
8062250591,893.772,190.442,418.948,7096.250,-19162.500,-14770.000,23.898,14652,3122,6868,811,-2190,-1688,-282,0,0
8062259995,880.108,200.568,448.167,9870.000,-12696.250,-9476.250,23.891,14428,3288,7347,1128,-1451,-1083,-284,0,0
8062269407,908.412,182.268,448.045,10001.250,-10281.250,-6335.000,23.891,14892,2988,7345,1143,-1175,-724,-284,0,0
8062278819,901.153,157.380,435.235,10605.000,-8513.750,-4270.000,23.863,14773,2580,7135,1212,-973,-488,-291,0,0
8062288226,894.504,179.523,402.600,11567.500,-4882.500,-2240.000,23.863,14664,2943,6600,1322,-558,-256,-291,0,0
8062297633,868.945,200.812,463.905,13807.500,2266.250,2975.000,23.867,14245,3292,7605,1578,259,340,-290,0,0
8062307045,888.709,227.286,461.587,14481.250,6405.000,9432.500,23.867,14569,3726,7567,1655,732,1078,-290,0,0
8062316450,914.512,211.487,494.161,14910.000,10062.500,16966.250,23.852,14992,3467,8101,1704,1150,1939,-294,0,0
8062325864,898.408,246.684,517.707,12101.250,7148.750,20501.250,23.852,14728,4044,8487,1383,817,2343,-294,0,0
8062335271,915.732,191.235,418.216,8680.000,-218.750,22365.000,23.824,15012,3135,6856,992,-25,2556,-301,0,0
8062344683,924.333,201.056,351.177,-385.000,-2677.500,19591.250,23.824,15153,3296,5757,-44,-306,2239,-301,0,0
8062354088,932.812,152.622,366.793,-3998.750,-2581.250,18462.500,23.898,15292,2502,6013,-457,-295,2110,-282,0,0
8062363499,901.092,153.476,402.722,-8557.500,-2555.000,12145.000,23.898,14772,2516,6602,-978,-292,1388,-282,0,0
8062372912,929.213,161.345,420.351,-3167.500,-4112.500,13457.500,23.852,15233,2645,6891,-362,-470,1538,-294,0,0
8062382319,941.413,149.145,370.575,-1540.000,-4147.500,9896.250,23.852,15433,2445,6075,-176,-474,1131,-294,0,0
8062391725,934.398,158.356,376.065,-3342.500,-1540.000,5687.500,23.895,15318,2596,6165,-382,-176,650,-283,0,0
8062401137,900.848,186.477,436.943,-1172.500,673.750,5285.000,23.895,14768,3057,7163,-134,77,604,-283,0,0
8062410549,942.389,167.262,448.716,1478.750,-2003.750,5022.500,23.879,15449,2742,7356,169,-229,574,-287,0,0
8062419954,908.595,134.810,480.985,-1715.000,-5915.000,2555.000,23.879,14895,2210,7885,-196,-676,292,-287,0,0
8062429369,936.716,73.932,453.474,-3465.000,-11558.750,-4007.500,23.871,15356,1212,7434,-396,-1321,-458,-289,0,0
8062438775,1020.957,46.360,412.665,-4865.000,-14892.500,-15312.500,23.871,16737,760,6765,-556,-1702,-1750,-289,0,0
8062448187,1101.233,93.147,352.336,-7796.250,-9257.500,-29400.000,23.855,18053,1527,5776,-891,-1058,-3360,-293,0,0
8062457592,992.592,166.042,398.757,-13746.250,3482.500,-40171.250,23.855,16272,2722,6537,-1571,398,-4591,-293,0,0
8062466999,831.613,239.364,449.875,-16082.500,11112.500,-41361.250,23.906,13633,3924,7375,-1838,1270,-4727,-280,0,0
8062476413,700.707,257.786,512.888,-14428.750,12267.500,-35070.000,23.906,11487,4226,8408,-1649,1402,-4008,-280,0,0
8062485825,649.284,272.914,584.014,-11838.750,7717.500,-26057.500,23.871,10644,4474,9574,-1353,882,-2978,-289,0,0
8062495230,655.140,286.944,628.544,-9511.250,306.250,-16353.750,23.871,10740,4704,10304,-1087,35,-1869,-289,0,0
8062504642,686.982,268.339,664.595,-7735.000,-5792.500,-7052.500,23.883,11262,4399,10895,-884,-662,-806,-286,0,0
8062514049,727.852,223.504,708.637,-4637.500,-11130.000,-385.000,23.883,11932,3664,11617,-530,-1272,-44,-286,0,0
8062523456,719.739,185.623,729.072,-1933.750,-18068.750,2240.000,23.879,11799,3043,11952,-221,-2065,256,-287,0,0
8062532867,670.878,179.645,713.090,1697.500,-26915.000,3176.250,23.879,10998,2945,11690,194,-3076,363,-287,0,0
8062542279,656.116,202.703,699.304,6002.500,-37117.500,5836.250,23.914,10756,3323,11464,686,-4242,667,-278,0,0
8062551684,1138.321,180.926,621.163,9598.750,-48457.500,8986.250,23.914,18661,2966,10183,1097,-5538,1027,-278,0,0
8062561098,817.217,192.577,296.765,4226.250,-30152.500,4672.500,23.875,13397,3157,4865,483,-3446,534,-288,0,0
8062570505,835.944,57.828,411.994,-4313.750,-18095.000,1925.000,23.875,13704,948,6754,-493,-2068,220,-288,0,0
8062579917,984.906,103.761,315.309,-1881.250,-14848.750,-2555.000,23.895,16146,1701,5169,-215,-1697,-292,-283,0,0
8062589321,873.093,110.105,458.415,6361.250,-3823.750,945.000,23.895,14313,1805,7515,727,-437,108,-283,0,0
8062598735,926.163,148.596,383.019,14673.750,-1575.000,3613.750,23.848,15183,2436,6279,1677,-180,413,-295,0,0
8062608141,953.552,178.852,354.837,20300.000,5477.500,9703.750,23.848,15632,2932,5817,2320,626,1109,-295,0,0
8062617555,928.420,170.800,358.985,19311.250,8198.750,11217.500,23.898,15220,2800,5885,2207,937,1282,-282,0,0
8062626960,955.626,168.055,328.973,14437.500,7087.500,13378.750,23.898,15666,2755,5393,1650,810,1529,-282,0,0
8062636371,985.394,97.417,302.255,9336.250,5591.250,9878.750,23.875,16154,1597,4955,1067,639,1129,-288,0,0
8062645782,993.629,140.788,308.599,6448.750,6238.750,4707.500,23.875,16289,2308,5059,737,713,538,-288,0,0
8062655188,938.485,212.219,433.893,6107.500,7192.500,4882.500,23.863,15385,3479,7113,698,822,558,-291,0,0
8062664596,887.123,229.909,532.164,3727.500,2537.500,8181.250,23.863,14543,3769,8724,426,290,935,-291,0,0
8062674008,883.463,214.110,533.323,-516.250,-4086.250,11926.250,23.883,14483,3510,8743,-59,-467,1363,-286,0,0
8062683421,869.677,236.680,516.243,-3412.500,-6177.500,15330.000,23.883,14257,3880,8463,-390,-706,1752,-286,0,0
8062692825,816.668,236.619,582.001,-4331.250,-6483.750,20098.750,23.883,13388,3879,9541,-495,-741,2297,-286,0,0
8062702236,815.692,215.574,552.904,-7070.000,-8610.000,22680.000,23.883,13372,3534,9064,-808,-984,2592,-286,0,0
8062711648,858.331,144.326,573.705,-9747.500,-7936.250,24605.000,23.898,14071,2366,9405,-1114,-907,2812,-282,0,0
8062721054,802.089,120.658,633.180,-9371.250,-6807.500,22006.250,23.898,13149,1978,10380,-1071,-778,2515,-282,0,0
8062730462,825.940,142.008,607.072,1067.500,-9808.750,24272.500,23.840,13540,2328,9952,122,-1121,2774,-297,0,0
8062739874,816.180,154.513,487.085,4436.250,-10351.250,23913.750,23.840,13380,2533,7985,507,-1183,2733,-297,0,0
8062749286,894.138,110.532,544.486,3561.250,-5897.500,25838.750,23.902,14658,1812,8926,407,-674,2953,-281,0,0
8062758692,894.504,52.826,464.942,3858.750,-5565.000,21288.750,23.902,14664,866,7622,441,-636,2433,-281,0,0
8062768100,895.297,43.493,413.214,3911.250,-2476.250,15128.750,23.859,14677,713,6774,447,-283,1729,-292,0,0
8062777512,909.876,63.318,439.322,9012.500,1933.750,9966.250,23.859,14916,1038,7202,1030,221,1139,-292,0,0
8062786924,909.266,30.927,492.209,14455.000,1680.000,4313.750,23.902,14906,507,8069,1652,192,493,-281,0,0
8062796329,933.422,33.550,427.244,12276.250,-4130.000,-6947.500,23.902,15302,550,7004,1403,-472,-794,-281,0,0
8062805742,949.587,67.100,363.194,9616.250,-5433.750,-17526.250,23.895,15567,1100,5954,1099,-621,-2003,-283,0,0
8062815149,974.475,63.989,347.090,6650.000,-4865.000,-23695.000,23.895,15975,1049,5690,760,-556,-2708,-283,0,0
8062824556,958.920,51.911,318.969,2730.000,-4191.250,-27606.250,23.871,15720,851,5229,312,-479,-3155,-289,0,0
8062833968,1012.661,-7.625,383.568,507.500,-5285.000,-36592.500,23.871,16601,-125,6288,58,-604,-4182,-289,0,0
8062843377,1099.952,3.599,340.319,4112.500,-11436.250,-48387.500,23.906,18032,59,5579,470,-1307,-5530,-280,0,0
8062852789,1127.646,138.348,130.784,6798.750,-8828.750,-55361.250,23.906,18486,2268,2144,777,-1009,-6327,-280,0,0
8062862195,1034.255,243.146,261.202,5013.750,8531.250,-54705.000,23.898,16955,3986,4282,573,975,-6252,-282,0,0
8062871608,898.835,268.095,467.321,1120.000,15513.750,-52001.250,23.898,14735,4395,7661,128,1773,-5943,-282,0,0
8062881014,829.661,237.290,520.757,-5153.750,7910.000,-49752.500,23.926,13601,3890,8537,-589,904,-5686,-275,0,0
8062890420,787.876,194.102,524.295,-14288.750,-2380.000,-51695.000,23.926,12916,3182,8595,-1633,-272,-5908,-275,0,0
8062899832,716.811,171.532,583.160,-18278.750,-9607.500,-53191.250,23.887,11751,2812,9560,-2089,-1098,-6079,-285,0,0
8062909245,673.318,184.647,678.686,-9336.250,-17771.250,-47258.750,23.887,11038,3027,11126,-1067,-2031,-5401,-285,0,0
8062918653,696.010,213.134,681.919,6930.000,-26827.500,-38596.250,23.887,11410,3494,11179,792,-3066,-4411,-285,0,0
8062928059,727.303,246.135,635.132,15820.000,-33495.000,-32270.000,23.887,11923,4035,10412,1808,-3828,-3688,-285,0,0
8062937471,749.690,248.148,594.811,15767.500,-38158.750,-29531.250,23.848,12290,4068,9751,1802,-4361,-3375,-295,0,0
8062946882,758.047,287.981,538.935,12215.000,-41335.000,-26958.750,23.848,12427,4721,8835,1396,-4724,-3081,-295,0,0
8062956288,743.956,309.392,561.322,8470.000,-41230.000,-21035.000,23.883,12196,5072,9202,968,-4712,-2404,-286,0,0
8062965699,751.825,264.618,588.711,7936.250,-43793.750,-14883.750,23.883,12325,4338,9651,907,-5005,-1701,-286,0,0
8062975107,1236.531,202.703,475.556,8741.250,-49411.250,-11830.000,23.871,20271,3323,7796,999,-5647,-1352,-289,0,0
8062984520,868.823,225.700,313.540,2668.750,-27833.750,-14446.250,23.871,14243,3700,5140,305,-3181,-1651,-289,0,0
8062993924,899.872,159.393,432.551,446.250,-21140.000,-11558.750,23.879,14752,2613,7091,51,-2416,-1321,-287,0,0
8063003336,996.130,194.590,201.666,3797.500,-21035.000,-7761.250,23.879,16330,3190,3306,434,-2404,-887,-287,0,0
8063012742,935.801,169.763,336.659,1960.000,-8128.750,-2791.250,23.859,15341,2783,5519,224,-929,-319,-292,0,0
8063022157,957.273,173.179,319.640,8400.000,-2397.500,3193.750,23.859,15693,2839,5240,960,-274,365,-292,0,0
8063031563,954.284,217.343,386.374,11217.500,5031.250,8478.750,23.930,15644,3563,6334,1282,575,969,-274,0,0
8063040975,894.321,352.153,420.107,15723.750,11698.750,21481.250,23.930,14661,5773,6887,1797,1337,2455,-274,0,0
8063050383,881.023,358.314,528.870,20230.000,20020.000,41641.250,23.934,14443,5874,8670,2312,2288,4759,-273,0,0
8063059789,830.332,334.341,574.986,22356.250,21980.000,59876.250,23.934,13612,5481,9426,2555,2512,6843,-273,0,0
8063069201,870.226,243.268,500.078,25016.250,20615.000,71636.250,23.855,14266,3988,8198,2859,2356,8187,-293,0,0
8063078612,802.333,177.998,499.407,22216.250,20798.750,74523.750,23.855,13153,2918,8187,2539,2377,8517,-293,0,0
8063088017,845.643,125.233,483.730,25357.500,19608.750,74357.500,23.949,13863,2053,7930,2898,2241,8498,-269,0,0
8063097430,958.554,72.041,423.279,29443.750,16082.500,67112.500,23.949,15714,1181,6939,3365,1838,7670,-269,0,0
8063106836,938.790,108.397,327.570,25882.500,12687.500,55466.250,23.871,15390,1777,5370,2958,1450,6339,-289,0,0
8063116250,911.157,129.320,297.253,16773.750,12180.000,43426.250,23.871,14937,2120,4873,1917,1392,4963,-289,0,0
8063125656,949.099,113.460,338.733,10097.500,15662.500,34203.750,23.879,15559,1860,5553,1154,1790,3909,-287,0,0
8063135067,899.201,77.226,455.121,8942.500,18086.250,24990.000,23.879,14741,1266,7461,1022,2067,2856,-287,0,0
8063144475,900.421,65.087,521.123,11856.250,14918.750,15741.250,23.875,14761,1067,8543,1355,1705,1799,-288,0,0
8063153888,911.035,35.929,562.359,13413.750,7315.000,3438.750,23.875,14935,589,9219,1533,836,393,-288,0,0
8063163293,1028.399,-24.156,539.728,12346.250,-1268.750,-15365.000,23.898,16859,-396,8848,1411,-145,-1756,-282,0,0
8063172706,1037.915,-29.097,504.287,7113.750,-6072.500,-40250.000,23.898,17015,-477,8267,813,-694,-4600,-282,0,0
8063182114,978.440,-25.986,486.719,4690.000,-7735.000,-64671.250,23.867,16040,-426,7979,536,-884,-7391,-290,0,0
8063191519,830.759,18.666,430.172,5547.500,-8697.500,-82425.000,23.867,13619,306,7052,634,-994,-9420,-290,0,0
8063200932,718.214,157.563,396.805,12967.500,-7043.750,-82503.750,23.918,11774,2583,6505,1482,-805,-9429,-277,0,0
8063210338,662.338,319.884,469.456,25567.500,-3561.250,-69545.000,23.918,10858,5244,7696,2922,-407,-7948,-277,0,0
8063219751,685.396,402.112,558.699,32261.250,-5871.250,-50618.750,23.879,11236,6592,9159,3687,-671,-5785,-287,0,0
8063229158,745.420,510.753,558.943,33101.250,-12897.500,-27851.250,23.879,12220,8373,9163,3783,-1474,-3183,-287,0,0
8063238571,748.531,464.210,540.521,20982.500,-19223.750,-6912.500,23.867,12271,7610,8861,2398,-2197,-790,-290,0,0
8063247975,722.118,332.816,560.224,4173.750,-25550.000,7787.500,23.867,11838,5456,9184,477,-2920,890,-290,0,0
8063257391,743.163,225.273,588.772,-4410.000,-33801.250,16091.250,23.879,12183,3693,9652,-504,-3863,1839,-287,0,0
8063266796,1127.463,99.247,289.872,-11725.000,-35026.250,8426.250,23.879,18483,1627,4752,-1340,-4003,963,-287,0,0
8063276209,952.393,70.272,428.647,-23616.250,-15863.750,-2003.750,23.875,15613,1152,7027,-2699,-1813,-229,-288,0,0
8063285617,962.275,123.281,346.480,-13475.000,-20326.250,-3403.750,23.875,15775,2021,5680,-1540,-2323,-389,-288,0,0
8063295023,970.022,148.169,238.510,-2668.750,-18795.000,-577.500,23.922,15902,2429,3910,-305,-2148,-66,-276,0,0
8063304435,981.612,145.424,224.663,-10981.250,-13361.250,-446.250,23.922,16092,2384,3683,-1255,-1527,-51,-276,0,0
8063313846,1041.636,201.178,289.018,-17045.000,-7367.500,-1478.750,23.887,17076,3298,4738,-1948,-842,-169,-285,0,0
8063323250,973.377,321.165,446.825,-14218.750,-9747.500,4935.000,23.887,15957,5265,7325,-1625,-1114,564,-285,0,0
8063332663,952.637,329.461,295.728,-14516.250,-21393.750,15767.500,23.836,15617,5401,4848,-1659,-2445,1802,-298,0,0
8063342070,887.245,307.989,341.234,-31797.500,-18891.250,19232.500,23.836,14545,5049,5594,-3634,-2159,2198,-298,0,0
8063351484,884.622,170.373,455.914,-38578.750,-17666.250,23073.750,23.867,14502,2793,7474,-4409,-2019,2637,-290,0,0
8063360889,882.731,64.721,491.599,-36163.750,-16493.750,20956.250,23.867,14471,1061,8059,-4133,-1885,2395,-290,0,0
8063370300,821.487,26.596,672.525,-21420.000,-14691.250,19048.750,23.867,13467,436,11025,-2448,-1679,2177,-290,0,0
8063379706,858.392,90.890,537.898,-866.250,-18970.000,16170.000,23.867,14072,1490,8818,-99,-2168,1848,-290,0,0
8063389121,866.627,178.608,524.478,9117.500,-17255.000,13116.250,23.910,14207,2928,8598,1042,-1972,1499,-279,0,0
8063398527,878.217,234.240,458.049,11847.500,-19731.250,12197.500,23.910,14397,3840,7509,1354,-2255,1394,-279,0,0
8063407939,910.608,197.762,368.806,9572.500,-19398.750,12731.250,23.879,14928,3242,6046,1094,-2217,1455,-287,0,0
8063417350,910.913,132.187,337.940,5416.250,-13002.500,10062.500,23.879,14933,2167,5540,619,-1486,1150,-287,0,0
8063426756,908.595,76.677,392.474,7035.000,-3018.750,7455.000,23.875,14895,1257,6434,804,-345,852,-288,0,0
8063436164,919.819,63.867,415.593,15426.250,1120.000,4830.000,23.875,15079,1047,6813,1763,128,552,-288,0,0
8063445578,936.716,70.028,385.642,22015.000,2992.500,2091.250,23.867,15356,1148,6322,2516,342,239,-290,0,0
8063454982,931.897,30.317,386.618,22277.500,5897.500,-3237.500,23.867,15277,497,6338,2546,674,-370,-290,0,0
8063464391,990.579,-66.795,359.290,19267.500,8960.000,-15085.000,23.895,16239,-1095,5890,2202,1024,-1724,-283,0,0
8063473803,1181.204,2.196,309.026,16572.500,15303.750,-29548.750,23.895,19364,36,5066,1894,1749,-3377,-283,0,0
8063483210,1171.749,150.304,272.182,20711.250,28411.250,-35096.250,23.902,19209,2464,4462,2367,3247,-4011,-281,0,0
8063492623,1014.247,243.878,303.292,19722.500,39847.500,-33713.750,23.902,16627,3998,4972,2254,4554,-3853,-281,0,0
8063502030,861.503,284.199,371.246,11051.250,43881.250,-29286.250,23.875,14123,4659,6086,1263,5015,-3347,-288,0,0
8063511442,772.382,277.123,464.332,910.000,41912.500,-22356.250,23.875,12662,4543,7612,104,4790,-2555,-288,0,0
8063520846,744.139,238.998,530.517,-4130.000,36260.000,-14393.750,23.910,12199,3918,8697,-472,4144,-1645,-279,0,0
8063530257,758.169,189.832,567.788,-2835.000,29653.750,-7463.750,23.910,12429,3112,9308,-324,3389,-853,-279,0,0
8063539671,790.011,178.364,582.184,2047.500,23590.000,-3692.500,23.852,12951,2924,9544,234,2696,-422,-294,0,0
8063549076,805.383,194.407,580.171,4567.500,18287.500,-2380.000,23.852,13203,3187,9511,522,2090,-272,-294,0,0
8063558490,818.742,207.644,567.422,4952.500,13370.000,-1277.500,23.836,13422,3404,9302,566,1528,-146,-298,0,0
8063567896,838.079,203.313,533.811,6037.500,8925.000,105.000,23.836,13739,3333,8751,690,1020,12,-298,0,0
8063577307,855.159,203.740,494.039,6378.750,6133.750,428.750,23.895,14019,3340,8099,729,701,49,-283,0,0
8063586714,876.936,205.875,470.249,6361.250,6142.500,980.000,23.895,14376,3375,7709,727,702,112,-283,0,0
8063596127,872.178,203.130,470.005,6965.000,7507.500,2642.500,23.910,14298,3330,7705,796,858,302,-279,0,0
8063605534,884.195,186.843,465.064,7953.750,7113.750,3806.250,23.910,14495,3063,7624,909,813,435,-279,0,0
8063614945,890.112,171.349,440.359,7332.500,5040.000,3473.750,23.914,14592,2809,7219,838,576,397,-278,0,0
8063624350,919.941,148.291,402.173,5801.250,2598.750,2380.000,23.914,15081,2431,6593,663,297,272,-278,0,0
8063633764,975.939,122.793,363.743,4375.000,2800.000,-52.500,23.895,15999,2013,5963,500,320,-6,-283,0,0
8063643170,1003.572,108.153,363.255,3001.250,6186.250,-3316.250,23.895,16452,1773,5955,343,707,-379,-283,0,0
8063652583,1003.206,94.001,373.625,1767.500,10228.750,-6221.250,23.910,16446,1541,6125,202,1169,-711,-279,0,0
8063661989,971.913,122.854,396.317,2135.000,13291.250,-8653.750,23.910,15933,2014,6497,244,1519,-989,-279,0,0
8063671397,927.261,123.220,419.497,770.000,13938.750,-9537.500,23.875,15201,2020,6877,88,1593,-1090,-288,0,0
8063680810,879.376,129.625,439.444,140.000,13326.250,-6903.750,23.875,14416,2125,7204,16,1523,-789,-288,0,0
8063690217,852.109,145.302,465.430,743.750,13020.000,-3517.500,23.855,13969,2382,7630,85,1488,-402,-293,0,0
8063699628,846.436,136.579,506.422,1015.000,11611.250,-866.250,23.855,13876,2239,8302,116,1327,-99,-293,0,0
8063709039,856.013,119.438,521.306,2082.500,8741.250,901.250,23.891,14033,1958,8546,238,999,103,-284,0,0
8063718447,853.451,110.349,527.284,3211.250,4725.000,962.500,23.891,13991,1809,8644,367,540,110,-284,0,0
8063727853,863.150,119.133,514.047,4453.750,-787.500,-533.750,23.863,14150,1953,8427,509,-90,-61,-291,0,0
8063737265,869.555,122.671,463.783,5136.250,-5372.500,-2222.500,23.863,14255,2011,7603,587,-614,-254,-291,0,0
8063746677,888.343,132.126,423.340,4532.500,-6711.250,-4926.250,23.895,14563,2166,6940,518,-767,-563,-283,0,0
8063756083,883.158,153.659,404.613,4165.000,-4996.250,-7402.500,23.895,14478,2519,6633,476,-571,-846,-283,0,0
8063765491,885.781,166.225,414.556,3963.750,-1417.500,-9205.000,23.898,14521,2725,6796,453,-162,-1052,-282,0,0
8063774903,893.955,176.107,473.848,3893.750,2100.000,-11340.000,23.898,14655,2887,7768,445,240,-1296,-282,0,0
8063784315,899.933,198.128,528.931,2038.750,3193.750,-13282.500,23.891,14753,3248,8671,233,365,-1518,-284,0,0
8063793721,884.805,203.801,529.480,-656.250,2143.750,-13728.750,23.891,14505,3341,8680,-75,245,-1569,-284,0,0
8063803127,871.751,207.583,513.315,-2590.000,883.750,-14988.750,23.863,14291,3403,8415,-296,101,-1713,-291,0,0
8063812541,867.725,209.474,510.082,-4882.500,1977.500,-17360.000,23.863,14225,3434,8362,-558,226,-1984,-291,0,0
8063821946,849.608,212.951,531.432,-6623.750,5976.250,-20142.500,23.867,13928,3491,8712,-757,683,-2302,-290,0,0
8063831357,803.858,223.748,561.139,-7498.750,10421.250,-23082.500,23.867,13178,3668,9199,-857,1191,-2638,-290,0,0
8063840769,759.023,246.074,598.654,-8111.250,12276.250,-24858.750,23.895,12443,4034,9814,-927,1403,-2841,-283,0,0
8063850177,747.433,256.200,685.640,-8758.750,9537.500,-24806.250,23.895,12253,4200,11240,-1001,1090,-2835,-283,0,0
8063859583,748.104,234.911,766.526,-9161.250,2345.000,-24500.000,23.887,12264,3851,12566,-1047,268,-2800,-285,0,0
8063868996,743.346,201.178,775.066,-8155.000,-7586.250,-24211.250,23.887,12186,3298,12706,-932,-867,-2767,-285,0,0
8063878407,752.130,197.945,692.777,-4926.250,-16625.000,-23703.750,23.883,12330,3245,11357,-563,-1900,-2709,-286,0,0
8063887815,804.346,209.291,597.678,-1146.250,-18357.500,-21568.750,23.883,13186,3431,9798,-131,-2098,-2465,-286,0,0
8063897222,846.436,214.293,547.536,2642.500,-10788.750,-17176.250,23.891,13876,3513,8976,302,-1233,-1963,-284,0,0
8063906634,852.841,224.724,552.111,6133.750,1785.000,-12853.750,23.891,13981,3684,9051,701,204,-1469,-284,0,0
8063916039,791.048,230.885,624.213,9362.500,11760.000,-9931.250,23.840,12968,3785,10233,1070,1344,-1135,-297,0,0
8063925455,706.929,247.660,698.755,12503.750,8680.000,-8636.250,23.840,11589,4060,11455,1429,992,-987,-297,0,0
8063934860,727.669,282.735,684.359,11567.500,-6868.750,-6597.500,23.887,11929,4635,11219,1322,-785,-754,-285,0,0
8063944272,763.110,286.334,582.245,11943.750,-18593.750,-3526.250,23.887,12510,4694,9545,1365,-2125,-403,-285,0,0
8063953678,817.705,274.195,521.489,11803.750,-23012.500,472.500,23.906,13405,4495,8549,1349,-2630,54,-280,0,0
8063963090,834.724,244.061,489.891,7131.250,-24456.250,2765.000,23.906,13684,4001,8031,815,-2795,316,-280,0,0
8063972498,840.763,228.384,452.620,4803.750,-26092.500,4296.250,23.910,13783,3744,7420,549,-2982,491,-279,0,0
8063981910,872.910,217.221,435.601,3220.000,-26556.250,5573.750,23.910,14310,3561,7141,368,-3035,637,-279,0,0
8063991314,904.935,207.400,439.993,1102.500,-24902.500,5661.250,23.891,14835,3400,7213,126,-2846,647,-284,0,0
8064000727,949.526,200.385,437.980,-918.750,-21927.500,4865.000,23.891,15566,3285,7180,-105,-2506,556,-284,0,0
8064010134,968.863,183.915,429.989,-2213.750,-17263.750,3815.000,23.875,15883,3015,7049,-253,-1973,436,-288,0,0
8064019548,961.970,152.744,418.338,-1548.750,-12390.000,2003.750,23.875,15770,2504,6858,-177,-1416,229,-288,0,0
8064028952,941.108,135.603,410.286,1618.750,-7665.000,-113.750,23.883,15428,2223,6726,185,-876,-13,-286,0,0
8064038365,918.782,154.452,434.442,4410.000,-3080.000,-2161.250,23.883,15062,2532,7122,504,-352,-247,-286,0,0
8064047772,896.822,160.369,475.007,4278.750,253.750,-3955.000,23.863,14702,2629,7787,489,29,-452,-291,0,0
8064057179,857.904,169.580,502.030,5040.000,1198.750,-5346.250,23.863,14064,2780,8230,576,137,-611,-291,0,0
8064066592,838.201,177.266,514.352,5626.250,-332.500,-6422.500,23.941,13741,2906,8432,643,-38,-734,-271,0,0
8064075999,829.356,179.279,519.842,6160.000,-2590.000,-7822.500,23.941,13596,2939,8522,704,-296,-894,-271,0,0
8064085413,830.637,180.560,515.389,6615.000,-6002.500,-9948.750,23.891,13617,2960,8449,756,-686,-1137,-284,0,0
8064094818,844.606,183.915,509.960,6912.500,-9616.250,-12783.750,23.891,13846,3015,8360,790,-1099,-1461,-284,0,0
8064104231,856.867,187.941,504.531,6580.000,-12425.000,-16808.750,23.875,14047,3081,8271,752,-1420,-1921,-288,0,0
8064113639,872.666,188.917,503.555,6501.250,-13930.000,-19967.500,23.875,14306,3097,8255,743,-1592,-2282,-288,0,0
8064123044,878.705,182.817,516.670,8618.750,-14577.500,-22662.500,23.863,14405,2997,8470,985,-1666,-2590,-291,0,0
8064132457,862.601,183.122,524.844,11121.250,-15951.250,-25812.500,23.863,14141,3002,8604,1271,-1823,-2950,-291,0,0
8064141864,858.819,206.485,512.461,13370.000,-17858.750,-27921.250,23.922,14079,3385,8401,1528,-2041,-3191,-276,0,0
8064151278,865.895,303.292,485.865,17570.000,-17622.500,-24990.000,23.922,14195,4972,7965,2008,-2014,-2856,-276,0,0
8064160683,859.124,295.484,484.767,17456.250,-15382.500,-19320.000,23.898,14084,4844,7947,1995,-1758,-2208,-282,0,0
8064170096,847.717,256.322,491.965,11690.000,-14822.500,-16913.750,23.898,13897,4202,8065,1336,-1694,-1933,-282,0,0
8064179508,847.412,231.129,496.540,8741.250,-15968.750,-16800.000,23.867,13892,3789,8140,999,-1825,-1920,-290,0,0
8064188916,836.737,229.238,491.721,8645.000,-17762.500,-17386.250,23.867,13717,3758,8061,988,-2030,-1987,-290,0,0
8064198321,818.803,245.891,474.824,9170.000,-19538.750,-16983.750,23.895,13423,4031,7784,1048,-2233,-1941,-283,0,0
8064207735,824.293,254.553,481.900,9178.750,-20851.250,-15146.250,23.895,13513,4173,7900,1049,-2383,-1731,-283,0,0
8064217141,824.598,253.028,493.856,9038.750,-22531.250,-13098.750,23.938,13518,4148,8096,1033,-2575,-1497,-272,0,0
8064226548,914.207,251.686,478.484,8977.500,-24377.500,-11042.500,23.938,14987,4126,7844,1026,-2786,-1262,-272,0,0
8064235959,1109.895,289.262,334.158,7227.500,-18287.500,-10263.750,23.895,18195,4742,5478,826,-2090,-1173,-283,0,0
8064245371,852.109,179.401,512.400,166.250,-7551.250,-10430.000,23.895,13969,2941,8400,19,-863,-1192,-283,0,0
8064254776,897.310,228.872,448.289,630.000,-13335.000,-12083.750,23.891,14710,3752,7349,72,-1524,-1381,-284,0,0
8064264189,918.538,244.000,370.453,3657.500,-11331.250,-8986.250,23.891,15058,4000,6073,418,-1295,-1027,-284,0,0
8064273597,894.992,215.452,411.689,-1076.250,-4725.000,-4996.250,23.867,14672,3532,6749,-123,-540,-571,-290,0,0
8064283010,907.619,171.471,441.579,-2703.750,-1207.500,-2065.000,23.867,14879,2811,7239,-309,-138,-236,-290,0,0
8064292415,944.951,176.107,405.223,-1671.250,953.750,472.500,23.910,15491,2887,6643,-191,109,54,-279,0,0
8064301829,930.006,278.099,343.979,708.750,9870.000,12083.750,23.910,15246,4559,5639,81,1128,1381,-279,0,0
8064311236,853.085,310.002,443.165,8373.750,26328.750,34151.250,23.918,13985,5082,7265,957,3009,3903,-277,0,0
8064320642,865.834,251.015,597.800,12661.250,35105.000,49376.250,23.918,14194,4115,9800,1447,4012,5643,-277,0,0
8064330057,794.769,322.019,652.151,13763.750,32663.750,57426.250,23.879,13029,5279,10691,1573,3733,6563,-287,0,0
8064339463,779.580,351.543,489.220,14043.750,25917.500,64505.000,23.879,12780,5763,8020,1605,2962,7372,-287,0,0
8064348875,860.893,312.381,446.398,8968.750,25681.250,69492.500,23.863,14113,5121,7318,1025,2935,7942,-291,0,0
8064358281,874.618,253.638,434.747,-52.500,27842.500,66368.750,23.863,14338,4158,7127,-6,3182,7585,-291,0,0
8064367692,877.973,168.665,532.530,-6763.750,27203.750,62098.750,23.883,14393,2765,8730,-773,3109,7097,-286,0,0
8064377100,823.256,108.153,537.105,-4690.000,19993.750,53130.000,23.883,13496,1773,8805,-536,2285,6072,-286,0,0
8064386506,915.549,33.977,532.835,4357.500,12206.250,40372.500,23.871,15009,557,8735,498,1395,4614,-289,0,0
8064395920,860.161,52.887,503.006,9362.500,6098.750,23747.500,23.871,14101,867,8246,1070,697,2714,-289,0,0
8064405327,871.141,82.289,529.297,10648.750,1907.500,8382.500,23.867,14281,1349,8677,1217,218,958,-290,0,0
8064414739,868.579,169.153,537.471,15312.500,-2817.500,-2642.500,23.867,14239,2773,8811,1750,-322,-302,-290,0,0
8064424145,842.166,171.593,538.508,18628.750,-5967.500,-8986.250,23.918,13806,2813,8828,2129,-682,-1027,-277,0,0
8064433553,857.477,70.333,570.472,13387.500,-10115.000,-22680.000,23.918,14057,1153,9352,1530,-1156,-2592,-277,0,0
8064442966,834.846,15.433,585.173,7385.000,-16091.250,-40442.500,23.879,13686,253,9593,844,-1839,-4622,-287,0,0
8064452373,884.317,22.265,578.890,11401.250,-22120.000,-57601.250,23.879,14497,365,9490,1303,-2528,-6583,-287,0,0
8064461786,872.483,158.905,490.806,25103.750,-26171.250,-64076.250,23.910,14303,2605,8046,2869,-2991,-7323,-279,0,0
8064471193,840.275,314.089,396.439,31141.250,-23616.250,-58406.250,23.910,13775,5149,6499,3559,-2699,-6675,-279,0,0
8064480606,808.006,401.807,425.780,29890.000,-13693.750,-41772.500,23.906,13246,6587,6980,3416,-1565,-4774,-280,0,0
8064490013,769.942,398.025,547.902,27448.750,-5538.750,-22662.500,23.906,12622,6525,8982,3137,-633,-2590,-280,0,0
8064499420,754.082,336.537,598.166,20448.750,-8610.000,-8557.500,23.910,12362,5517,9806,2337,-984,-978,-279,0,0
8064508833,1062.132,226.188,453.962,7673.750,-14840.000,-2275.000,23.910,17412,3708,7442,877,-1696,-260,-279,0,0
8064518241,875.533,149.328,432.673,2038.750,-7980.000,-2537.500,23.871,14353,2448,7093,233,-912,-290,-289,0,0
8064527647,868.884,167.689,456.890,-1741.250,-5022.500,-4935.000,23.871,14244,2749,7490,-199,-574,-564,-289,0,0
8064537060,895.114,202.764,480.558,-726.250,-4620.000,-6072.500,23.898,14674,3324,7878,-83,-528,-694,-282,0,0
8064546472,875.350,188.612,501.298,-612.500,-5512.500,-4602.500,23.898,14350,3092,8218,-70,-630,-526,-282,0,0
8064555880,911.279,182.512,493.307,-1741.250,-9301.250,-4628.750,23.859,14939,2992,8087,-199,-1063,-529,-292,0,0
8064565286,917.745,182.512,419.924,-3500.000,-13308.750,-4348.750,23.859,15045,2992,6884,-400,-1521,-497,-292,0,0
8064574699,943.914,178.242,360.205,-8942.500,-13728.750,-4917.500,23.895,15474,2922,5905,-1022,-1569,-562,-283,0,0
8064584107,938.973,190.137,414.678,-12976.250,-11952.500,-4340.000,23.895,15393,3117,6798,-1483,-1366,-496,-283,0,0
8064593513,974.719,183.671,398.208,-12258.750,-14437.500,-2485.000,23.891,15979,3011,6528,-1401,-1650,-284,-284,0,0
8064602925,974.231,222.955,328.241,-14735.000,-16695.000,-2222.500,23.891,15971,3655,5381,-1684,-1908,-254,-284,0,0
8064612333,912.560,247.843,293.593,-20737.500,-16966.250,-367.500,23.906,14960,4063,4813,-2370,-1939,-42,-280,0,0
8064621746,983.381,261.141,227.530,-29260.000,-14078.750,-1181.250,23.906,16121,4281,3730,-3344,-1609,-135,-280,0,0
8064631153,880.047,213.073,468.053,-28883.750,-6028.750,3211.250,23.914,14427,3493,7673,-3301,-689,367,-278,0,0
8064640560,824.598,184.159,512.888,-19705.000,-3281.250,4287.500,23.914,13518,3019,8408,-2252,-375,490,-278,0,0
8064649973,796.050,135.054,654.713,-15435.000,-883.750,3535.000,23.926,13050,2214,10733,-1764,-101,404,-275,0,0
8064659378,805.688,153.781,674.233,-7280.000,-2730.000,463.750,23.926,13208,2521,11053,-832,-312,53,-275,0,0
8064668791,783.728,194.773,631.899,4296.250,-5635.000,813.750,23.910,12848,3193,10359,491,-644,93,-279,0,0
8064678199,843.996,214.049,537.105,10832.500,-5127.500,-61.250,23.910,13836,3509,8805,1238,-586,-7,-279,0,0
8064687606,805.505,212.768,565.836,13160.000,-2817.500,-148.750,23.844,13205,3488,9276,1504,-322,-17,-296,0,0
8064697020,850.950,211.365,526.186,16126.250,-3622.500,-1023.750,23.844,13950,3465,8626,1843,-414,-117,-296,0,0
8064706427,854.122,190.686,530.578,15750.000,-3648.750,-2782.500,23.848,14002,3126,8698,1800,-417,-318,-295,0,0
8064715840,875.777,180.987,501.969,16178.750,-5311.250,-5372.500,23.848,14357,2967,8229,1849,-607,-614,-295,0,0
8064725248,890.783,165.493,481.595,14551.250,-7175.000,-9056.250,23.879,14603,2713,7895,1663,-820,-1035,-287,0,0
8064734654,918.294,161.894,446.093,12153.750,-9021.250,-14980.000,23.879,15054,2654,7313,1389,-1031,-1712,-287,0,0
8064744067,972.401,182.268,386.740,12110.000,-6378.750,-19705.000,23.910,15941,2988,6340,1384,-729,-2252,-279,0,0
8064753476,956.541,199.287,385.947,13055.000,1233.750,-22942.500,23.910,15681,3267,6327,1492,141,-2622,-279,0,0
8064762882,887.428,237.168,438.773,13378.750,7148.750,-23922.500,23.922,14548,3888,7193,1529,817,-2734,-276,0,0
8064772296,834.541,269.315,509.960,11418.750,7700.000,-23441.250,23.922,13681,4415,8360,1305,880,-2679,-276,0,0
8064781704,814.960,245.952,527.467,7490.000,2931.250,-23117.500,23.902,13360,4032,8647,856,335,-2642,-281,0,0
8064791110,808.860,232.410,527.345,5923.750,-2660.000,-22855.000,23.902,13260,3810,8645,677,-304,-2612,-281,0,0
8064800518,810.324,219.600,533.445,7498.750,-6956.250,-22531.250,23.855,13284,3600,8745,857,-795,-2575,-293,0,0
8064809931,807.945,207.583,553.087,9415.000,-10640.000,-23178.750,23.855,13245,3403,9067,1076,-1216,-2649,-293,0,0
8064819338,812.947,231.251,555.649,12101.250,-14726.250,-24036.250,23.844,13327,3791,9109,1383,-1683,-2747,-296,0,0
8064828752,819.047,273.280,546.316,10937.500,-18891.250,-23966.250,23.844,13427,4480,8956,1250,-2159,-2739,-296,0,0
8064838158,822.524,249.856,520.757,7918.750,-22321.250,-21927.500,23.863,13484,4096,8537,905,-2551,-2506,-291,0,0
8064847571,814.289,249.978,497.882,8793.750,-24911.250,-20387.500,23.863,13349,4098,8162,1005,-2847,-2330,-291,0,0
8064856979,817.278,251.808,483.913,8522.500,-28245.000,-20291.250,23.883,13398,4128,7933,974,-3228,-2319,-286,0,0
8064866385,822.280,252.113,487.329,7428.750,-31657.500,-20518.750,23.883,13480,4133,7989,849,-3618,-2345,-286,0,0
8064875799,809.592,245.342,495.808,7953.750,-34685.000,-20221.250,23.879,13272,4022,8128,909,-3964,-2311,-287,0,0
8064885207,805.505,250.771,503.982,9695.000,-37520.000,-18996.250,23.879,13205,4111,8262,1108,-4288,-2171,-287,0,0
8064894613,857.050,253.211,506.117,11681.250,-40363.750,-17158.750,23.918,14050,4151,8297,1335,-4613,-1961,-277,0,0
8064904025,1213.351,302.438,269.986,13160.000,-35271.250,-16738.750,23.918,19891,4958,4426,1504,-4031,-1913,-277,0,0
8064913432,847.229,233.813,518.378,6273.750,-16441.250,-16791.250,23.867,13889,3833,8498,717,-1879,-1919,-290,0,0
8064922846,876.082,254.004,433.588,6308.750,-19573.750,-14245.000,23.867,14362,4164,7108,721,-2237,-1628,-290,0,0
8064932250,898.225,224.114,390.156,7035.000,-17963.750,-11926.250,23.922,14725,3674,6396,804,-2053,-1363,-276,0,0
8064941663,906.277,237.778,398.818,5836.250,-14507.500,-10928.750,23.922,14857,3898,6538,667,-1658,-1249,-276,0,0
8064951068,916.708,247.111,371.795,7936.250,-10832.500,-7656.250,23.898,15028,4051,6095,907,-1238,-875,-282,0,0
8064960483,906.033,238.266,377.163,6790.000,-7096.250,-5643.750,23.898,14853,3906,6183,776,-811,-645,-282,0,0
8064969890,927.383,277.855,315.065,3963.750,-2520.000,-2511.250,23.906,15203,4555,5165,453,-288,-287,-280,0,0
8064979298,913.109,333.914,343.796,1916.250,8085.000,6851.250,23.906,14969,5474,5636,219,924,783,-280,0,0
8064988711,930.494,328.485,398.635,-481.250,17482.500,18978.750,23.875,15254,5385,6535,-55,1998,2169,-288,0,0
8064998117,907.863,352.458,394.670,-3106.250,25173.750,30940.000,23.875,14883,5778,6470,-355,2877,3536,-288,0,0
8065007525,881.694,394.182,468.297,-1391.250,34405.000,52526.250,23.891,14454,6462,7677,-159,3932,6003,-284,0,0
8065016938,816.729,360.449,476.410,-6658.750,38158.750,66412.500,23.891,13389,5909,7810,-761,4361,7590,-284,0,0
8065026343,869.982,396.927,536.434,-11165.000,40967.500,80570.000,23.863,14262,6507,8794,-1276,4682,9208,-291,0,0
8065035756,828.197,331.047,529.846,-12433.750,35840.000,89643.750,23.863,13577,5427,8686,-1421,4096,10245,-291,0,0
8065045164,871.019,194.468,519.537,-9835.000,28026.250,94710.000,23.895,14279,3188,8517,-1124,3203,10824,-283,0,0
8065054571,823.744,114.253,481.412,-7446.250,20807.500,85890.000,23.895,13504,1873,7892,-851,2378,9816,-283,0,0
8065063982,869.616,47.580,539.301,-11340.000,14743.750,72791.250,23.875,14256,780,8841,-1296,1685,8319,-288,0,0
8065073395,794.525,28.243,540.582,-10272.500,9091.250,56490.000,23.875,13025,463,8862,-1174,1039,6456,-288,0,0
8065082802,882.365,16.653,549.671,-341.250,3657.500,43295.000,23.887,14465,273,9011,-39,418,4948,-285,0,0
8065092208,896.761,34.404,465.979,10307.500,-1277.500,28586.250,23.887,14701,564,7639,1178,-146,3267,-285,0,0
8065101623,909.449,122.549,406.687,11786.250,-2607.500,13492.500,23.938,14909,2009,6667,1347,-298,1542,-272,0,0
8065111029,902.068,179.950,421.266,8828.750,-3815.000,2100.000,23.938,14788,2950,6906,1009,-436,240,-272,0,0
8065120436,909.144,216.245,398.086,3351.250,-5040.000,-3815.000,23.883,14904,3545,6526,383,-576,-436,-286,0,0
8065129850,870.897,97.783,528.443,-5652.500,-5766.250,-10841.250,23.883,14277,1603,8663,-646,-659,-1239,-286,0,0
8065139258,938.363,-43.188,539.484,-17570.000,-16773.750,-29426.250,23.922,15383,-708,8844,-2008,-1917,-3363,-276,0,0
8065148664,893.406,-91.012,523.868,-25173.750,-26547.500,-52150.000,23.922,14646,-1492,8588,-2877,-3034,-5960,-276,0,0
8065158076,938.302,46.482,425.780,-15085.000,-34632.500,-62728.750,23.895,15382,762,6980,-1724,-3958,-7169,-283,0,0
8065167484,873.398,155.977,398.574,6860.000,-29058.750,-55965.000,23.895,14318,2557,6534,784,-3321,-6396,-283,0,0
8065176896,898.835,263.703,421.449,20597.500,-20466.250,-43330.000,23.906,14735,4323,6909,2354,-2339,-4952,-280,0,0
8065186302,866.505,284.260,499.834,24403.750,-12923.750,-27947.500,23.906,14205,4660,8194,2789,-1477,-3194,-280,0,0
8065195714,881.328,372.405,462.990,20378.750,-9590.000,-13606.250,23.902,14448,6105,7590,2329,-1096,-1555,-281,0,0
8065205122,878.339,322.751,491.233,4576.250,-6238.750,-2047.500,23.902,14399,5291,8053,523,-713,-234,-281,0,0
8065214535,888.404,228.567,477.447,-2808.750,-5197.500,8417.500,23.910,14564,3747,7827,-321,-594,962,-279,0,0
8065223943,872.544,189.039,490.562,-2493.750,-2791.250,16292.500,23.910,14304,3099,8042,-285,-319,1862,-279,0,0
8065233350,851.987,209.718,512.827,2992.500,-551.250,21848.750,23.855,13967,3438,8407,342,-63,2497,-293,0,0
8065242764,898.774,217.709,483.669,4707.500,-997.500,28271.250,23.855,14734,3569,7929,538,-114,3231,-293,0,0
8065252170,861.503,207.949,427.732,-910.000,2493.750,29968.750,23.918,14123,3409,7012,-104,285,3425,-277,0,0
8065261576,868.762,201.666,536.495,-1050.000,6405.000,33538.750,23.918,14242,3306,8795,-120,732,3833,-277,0,0
8065270989,893.650,148.962,480.375,1828.750,2695.000,33066.250,23.863,14650,2442,7875,209,308,3779,-291,0,0
8065280398,885.293,148.718,422.242,-1338.750,1890.000,29802.500,23.863,14513,2438,6922,-153,216,3406,-291,0,0
8065289811,906.826,83.082,441.335,-2187.500,3806.250,24123.750,23.848,14866,1362,7235,-250,435,2757,-295,0,0
8065299217,904.203,49.166,471.164,-472.500,3867.500,16038.750,23.848,14823,806,7724,-54,442,1833,-295,0,0
8065308625,900.238,73.444,475.556,4803.750,988.750,6868.750,23.875,14758,1204,7796,549,113,785,-288,0,0
8065318039,903.654,96.868,493.002,7385.000,-1190.000,35.000,23.875,14814,1588,8082,844,-136,4,-288,0,0
8065327443,886.208,57.828,581.513,6081.250,-5101.250,-8155.000,23.895,14528,948,9533,695,-583,-932,-283,0,0
8065336857,867.603,3.904,590.358,5355.000,-15636.250,-20991.250,23.895,14223,64,9678,612,-1787,-2399,-283,0,0
8065346264,915.671,57.828,446.520,2931.250,-25287.500,-33582.500,23.941,15011,948,7320,335,-2890,-3838,-271,0,0
8065355670,929.518,159.820,367.403,5678.750,-19600.000,-35131.250,23.941,15238,2620,6023,649,-2240,-4015,-271,0,0
8065365082,901.885,225.578,422.913,12705.000,-8575.000,-29382.500,23.902,14785,3698,6933,1452,-980,-3358,-281,0,0
8065374490,856.867,245.830,488.000,14236.250,-4296.250,-22890.000,23.902,14047,4030,8000,1627,-491,-2616,-281,0,0
8065383903,840.397,246.745,485.804,8942.500,-7262.500,-18497.500,23.891,13777,4045,7964,1022,-830,-2114,-284,0,0
8065393308,855.525,244.183,452.071,1680.000,-10552.500,-15260.000,23.891,14025,4003,7411,192,-1206,-1744,-284,0,0
8065402720,857.782,205.875,476.593,-3893.750,-11523.750,-13247.500,23.902,14062,3375,7813,-445,-1317,-1514,-281,0,0
8065412128,847.717,152.256,500.566,-4130.000,-13518.750,-12477.500,23.902,13897,2496,8206,-472,-1545,-1426,-281,0,0
8065421541,847.656,150.731,496.418,-997.500,-15776.250,-11751.250,23.906,13896,2471,8138,-114,-1803,-1343,-280,0,0
8065430946,1007.781,202.154,432.429,1933.750,-14393.750,-10858.750,23.906,16521,3314,7089,221,-1645,-1241,-280,0,0
8065440358,843.874,183.183,536.922,1408.750,-6685.000,-8338.750,23.859,13834,3003,8802,161,-764,-953,-292,0,0
8065449765,889.197,174.094,493.368,341.250,-10850.000,-7463.750,23.859,14577,2854,8088,39,-1240,-853,-292,0,0
8065459179,903.532,157.990,420.839,-2625.000,-11593.750,-7341.250,23.879,14812,2590,6899,-300,-1325,-839,-287,0,0
8065468585,897.066,151.280,443.348,-3228.750,-7735.000,-5652.500,23.879,14706,2480,7268,-369,-884,-646,-287,0,0
8065477994,898.835,146.095,465.552,1732.500,-4051.250,-1268.750,23.879,14735,2395,7632,198,-463,-145,-287,0,0
8065487400,908.046,156.343,471.103,5241.250,-1776.250,3333.750,23.879,14886,2563,7723,599,-203,381,-287,0,0
8065496815,892.552,208.498,493.978,9826.250,455.000,10018.750,23.910,14632,3418,8098,1123,52,1145,-279,0,0
8065506222,880.474,230.824,480.924,14306.250,1032.500,17526.250,23.910,14434,3784,7884,1635,118,2003,-279,0,0
8065515635,880.413,235.643,439.078,14647.500,2537.500,24876.250,23.926,14433,3863,7198,1674,290,2843,-275,0,0
8065525039,888.160,213.073,486.597,9528.750,4795.000,27422.500,23.926,14560,3493,7977,1089,548,3134,-275,0,0
8065534447,894.992,167.140,471.408,7096.250,3412.500,30117.500,23.910,14672,2740,7728,811,390,3442,-279,0,0
8065543861,885.232,125.172,449.814,5985.000,2450.000,28000.000,23.910,14512,2052,7374,684,280,3200,-279,0,0
8065553269,912.682,113.155,421.754,8207.500,3613.750,25217.500,23.910,14962,1855,6914,938,413,2882,-279,0,0
8065562675,908.473,96.075,437.858,8767.500,3946.250,19057.500,23.910,14893,1575,7178,1002,451,2178,-279,0,0
8065572089,913.963,112.972,401.319,9056.250,4156.250,13667.500,23.910,14983,1852,6579,1035,475,1562,-279,0,0
8065581497,899.689,135.054,439.993,10885.000,6055.000,9800.000,23.910,14749,2214,7213,1244,692,1120,-279,0,0
8065590910,893.528,118.706,485.743,12731.250,5381.250,6825.000,23.922,14648,1946,7963,1455,615,780,-276,0,0
8065600315,892.857,98.881,510.326,9467.500,2021.250,8.750,23.922,14637,1621,8366,1082,231,1,-276,0,0
8065609728,867.542,65.026,595.970,6772.500,-2450.000,-9205.000,23.918,14222,1066,9770,774,-280,-1052,-277,0,0
8065619136,859.185,-43.310,639.768,5451.250,-13947.500,-25576.250,23.918,14085,-710,10488,623,-1594,-2923,-277,0,0
8065628542,930.738,-36.478,520.513,5083.750,-26145.000,-46068.750,23.863,15258,-598,8533,581,-2988,-5265,-291,0,0
8065637950,956.785,-18.971,440.969,9695.000,-29050.000,-65240.000,23.863,15685,-311,7229,1108,-3320,-7456,-291,0,0
8065647364,953.491,55.022,402.783,16161.250,-26092.500,-79598.750,23.906,15631,902,6603,1847,-2982,-9097,-280,0,0
8065656771,880.962,112.301,453.657,24657.500,-21603.750,-84848.750,23.906,14442,1841,7437,2818,-2469,-9697,-280,0,0
8065666184,811.971,340.014,424.682,38963.750,-21000.000,-78557.500,23.930,13311,5574,6962,4453,-2400,-8978,-274,0,0
8065675590,759.694,483.791,396.683,41300.000,-20238.750,-61145.000,23.930,12454,7931,6503,4720,-2313,-6988,-274,0,0
8065685003,750.788,480.985,434.442,28525.000,-19171.250,-40923.750,23.891,12308,7885,7122,3260,-2191,-4677,-284,0,0
8065694412,767.868,364.658,484.889,17018.750,-19652.500,-23432.500,23.891,12588,5978,7949,1945,-2246,-2678,-284,0,0
8065703818,771.711,237.412,544.425,2975.000,-23117.500,-16598.750,23.902,12651,3892,8925,340,-2642,-1897,-281,0,0
8065713231,1011.929,185.867,569.862,-927.500,-29356.250,-15233.750,23.902,16589,3047,9342,-106,-3355,-1741,-281,0,0
8065722639,1042.429,250.710,306.830,927.500,-21630.000,-15216.250,23.855,17089,4110,5030,106,-2472,-1739,-293,0,0
8065732046,857.599,222.467,482.022,-2047.500,-10465.000,-11173.750,23.855,14059,3647,7902,-234,-1196,-1277,-293,0,0
8065741457,945.500,248.514,332.145,-5372.500,-14210.000,-10587.500,23.895,15500,4074,5445,-614,-1624,-1210,-283,0,0
8065750865,918.599,251.869,393.206,-6623.750,-8435.000,-6343.750,23.895,15059,4129,6446,-757,-964,-725,-283,0,0
8065760271,923.662,213.622,383.385,-3596.250,-7157.500,-910.000,23.887,15142,3502,6285,-411,-818,-104,-285,0,0
8065769684,917.562,171.105,398.574,-6212.500,-5696.250,-542.500,23.887,15042,2805,6534,-710,-651,-62,-285,0,0
8065779091,907.375,163.114,421.388,-5810.000,-4725.000,-2205.000,23.910,14875,2674,6908,-664,-540,-252,-279,0,0
8065788505,939.156,201.361,375.272,-2537.500,-4182.500,-3228.750,23.910,15396,3301,6152,-290,-478,-369,-279,0,0
8065797910,943.853,285.053,380.518,656.250,-1382.500,245.000,23.895,15473,4673,6238,75,-158,28,-283,0,0
8065807319,963.861,275.110,352.641,2616.250,96.250,8233.750,23.895,15801,4510,5781,299,11,941,-283,0,0
8065816732,954.162,302.011,276.818,-2441.250,1120.000,13265.000,23.891,15642,4951,4538,-279,128,1516,-284,0,0
8065826139,919.514,319.579,375.699,-8207.500,6615.000,20676.250,23.891,15074,5239,6159,-938,756,2363,-284,0,0
8065835551,916.281,315.736,442.433,-12433.750,2957.500,28402.500,23.898,15021,5176,7253,-1421,338,3246,-282,0,0
8065844959,977.891,177.449,424.682,-20125.000,-3211.250,29820.000,23.898,16031,2909,6962,-2300,-367,3408,-282,0,0
8065854365,1024.739,96.014,424.865,-21560.000,-4235.000,25375.000,23.891,16799,1574,6965,-2464,-484,2900,-284,0,0
8065863779,997.960,70.760,405.345,-18952.500,2327.500,16913.750,23.891,16360,1160,6645,-2166,266,1933,-284,0,0
8065873186,833.199,85.949,516.060,-13177.500,10587.500,9572.500,23.883,13659,1409,8460,-1506,1210,1094,-286,0,0
8065882599,688.202,145.851,571.082,-2765.000,7822.500,7035.000,23.883,11282,2391,9362,-316,894,804,-286,0,0
8065892007,663.497,211.853,548.695,3850.000,-1487.500,7621.250,23.863,10877,3473,8995,440,-170,871,-291,0,0
8065901414,721.874,259.616,513.986,2397.500,-8741.250,10167.500,23.863,11834,4256,8426,274,-999,1162,-291,0,0
8065910825,771.162,273.158,553.209,-533.750,-11025.000,14910.000,23.883,12642,4478,9069,-61,-1260,1704,-286,0,0
8065920231,767.807,263.642,624.640,-647.500,-13912.500,19608.750,23.883,12587,4322,10240,-74,-1590,2241,-286,0,0
8065929646,756.461,233.508,647.332,131.250,-20483.750,23318.750,23.898,12401,3828,10612,15,-2341,2665,-282,0,0
8065939053,1233.359,147.925,479.826,-1006.250,-23975.000,20825.000,23.898,20219,2425,7866,-115,-2740,2380,-282,0,0
8065948465,844.972,85.400,546.438,-5897.500,-12547.500,12101.250,23.910,13852,1400,8958,-674,-1434,1383,-279,0,0
8065957873,895.419,191.601,426.695,1750.000,-14787.500,10018.750,23.910,14679,3141,6995,200,-1690,1145,-279,0,0
8065967279,879.498,184.647,370.819,4838.750,-9808.750,12267.500,23.855,14418,3027,6079,553,-1121,1402,-293,0,0
8065976692,927.871,161.162,426.939,4401.250,-2423.750,15802.500,23.855,15211,2642,6999,503,-277,1806,-293,0,0
8065986100,936.838,124.989,354.776,8006.250,-210.000,17027.500,23.906,15358,2049,5816,915,-24,1946,-280,0,0
8065995507,928.115,131.150,386.862,9642.500,2896.250,17167.500,23.906,15215,2150,6342,1102,331,1962,-280,0,0
8066004915,971.181,83.875,337.818,12285.000,1723.750,16782.500,23.922,15921,1375,5538,1404,197,1918,-276,0,0
8066014329,964.837,25.925,345.077,6868.750,-341.250,9388.750,23.922,15817,425,5657,785,-39,1073,-276,0,0
8066023735,968.375,62.098,310.490,4672.500,-1365.000,2493.750,23.914,15875,1018,5090,534,-156,285,-278,0,0
8066033150,934.154,155.611,424.865,8128.750,1863.750,813.750,23.914,15314,2551,6965,929,213,93,-278,0,0
8066042556,927.017,177.205,498.797,9170.000,-1898.750,3421.250,23.910,15197,2905,8177,1048,-217,391,-279,0,0
8066051963,893.345,181.231,499.224,2240.000,-9423.750,4348.750,23.910,14645,2971,8184,256,-1077,497,-279,0,0
8066061377,914.207,202.825,417.667,105.000,-13291.250,6790.000,23.938,14987,3325,6847,12,-1519,776,-272,0,0
8066070783,899.689,209.047,459.757,-1933.750,-12521.250,9756.250,23.938,14749,3427,7537,-221,-1431,1115,-272,0,0
8066080191,900.665,228.994,438.651,-4471.250,-12573.750,14157.500,23.887,14765,3754,7191,-511,-1437,1618,-285,0,0
8066089604,892.979,240.645,449.143,-3316.250,-7831.250,22548.750,23.887,14639,3945,7363,-379,-895,2577,-285,0,0
8066099010,833.748,239.547,545.218,927.500,-4392.500,32366.250,23.910,13668,3927,8938,106,-502,3699,-279,0,0
8066108419,867.847,217.648,546.316,4865.000,-5241.250,41335.000,23.910,14227,3568,8956,556,-599,4724,-279,0,0
8066117832,854.976,201.788,515.145,5311.250,-5372.500,46891.250,23.891,14016,3308,8445,607,-614,5359,-284,0,0
8066127239,861.991,144.448,475.495,5083.750,-5468.750,49595.000,23.891,14131,2368,7795,581,-625,5668,-284,0,0
8066136646,873.581,82.716,455.365,1426.250,-2835.000,47153.750,23.898,14321,1356,7465,163,-324,5389,-282,0,0
8066146058,885.537,41.724,530.456,350.000,-1365.000,42148.750,23.898,14517,684,8696,40,-156,4817,-282,0,0
8066155465,905.118,49.837,466.223,2703.750,-4366.250,35936.250,23.914,14838,817,7643,309,-499,4107,-278,0,0
8066164879,930.189,25.742,430.294,3027.500,-3885.000,29688.750,23.914,15249,422,7054,346,-444,3393,-278,0,0
8066174286,879.132,7.564,405.284,2607.500,-1890.000,20798.750,23.891,14412,124,6644,298,-216,2377,-284,0,0
8066183693,925.919,48.861,431.087,11375.000,2800.000,17185.000,23.891,15179,801,7067,1300,320,1964,-284,0,0
8066193107,949.526,1.769,487.878,18296.250,3228.750,13195.000,23.914,15566,29,7998,2091,369,1508,-278,0,0
8066202514,963.678,-13.237,313.235,11173.750,-2371.250,3395.000,23.914,15798,-217,5135,1277,-271,388,-278,0,0
8066211922,970.449,-49.227,283.589,-472.500,-1688.750,-8855.000,23.875,15909,-807,4649,-54,-193,-1012,-288,0,0
8066221336,1031.205,-68.442,218.807,-7472.500,-2187.500,-23931.250,23.875,16905,-1122,3587,-854,-250,-2735,-288,0,0
8066230742,997.777,0.183,256.444,-10718.750,3071.250,-31587.500,23.902,16357,3,4204,-1225,351,-3610,-281,0,0
8066240150,974.780,-0.061,348.005,-5582.500,7945.000,-31928.750,23.902,15980,-1,5705,-638,908,-3649,-281,0,0
8066249564,955.626,20.557,339.526,7078.750,10570.000,-26591.250,23.910,15666,337,5566,809,1208,-3039,-279,0,0
8066258972,983.320,40.504,387.655,17797.500,14446.250,-23581.250,23.910,16120,664,6355,2034,1651,-2695,-279,0,0
8066268379,1138.016,86.925,356.118,19897.500,14341.250,-24657.500,23.863,18656,1425,5838,2274,1639,-2818,-291,0,0
8066277787,1248.182,133.163,238.998,13142.500,21883.750,-26486.250,23.863,20462,2183,3918,1502,2501,-3027,-291,0,0
8066287200,1175.531,138.287,249.490,376.250,38797.500,-28822.500,23.926,19271,2267,4090,43,4434,-3294,-275,0,0
8066296606,1001.986,118.706,366.183,-10815.000,51240.000,-30668.750,23.926,16426,1946,6003,-1236,5856,-3505,-275,0,0
8066306014,858.087,96.990,460.367,-15128.750,52473.750,-30791.250,23.906,14067,1590,7547,-1729,5997,-3519,-280,0,0
8066315428,777.872,90.219,512.949,-13308.750,48090.000,-29277.500,23.906,12752,1479,8409,-1521,5496,-3346,-280,0,0
8066324835,726.937,107.787,574.376,-9467.500,41440.000,-27133.750,23.883,11917,1767,9416,-1082,4736,-3101,-286,0,0
8066334243,731.329,142.923,595.482,-7735.000,29960.000,-24675.000,23.883,11989,2343,9762,-884,3424,-2820,-286,0,0
8066343656,749.934,176.656,534.482,-7883.750,19390.000,-20650.000,23.898,12294,2896,8762,-901,2216,-2360,-282,0,0
8066353064,752.252,188.551,553.453,-7262.500,14551.250,-14262.500,23.898,12332,3091,9073,-830,1663,-1630,-282,0,0
8066362476,751.764,186.965,589.565,-4130.000,10762.500,-6597.500,23.895,12324,3065,9665,-472,1230,-754,-283,0,0
8066371883,768.722,180.682,612.684,-1312.500,5845.000,542.500,23.895,12602,2962,10044,-150,668,62,-283,0,0
8066381291,661.911,153.232,670.512,-1688.750,-3351.250,6378.750,23.859,10851,2512,10992,-193,-383,729,-292,0,0
8066390705,847.107,96.197,528.565,-2616.250,-21402.500,9616.250,23.859,13887,1577,8665,-299,-2446,1099,-292,0,0
8066400110,917.501,55.815,422.852,-4847.500,-26888.750,7306.250,23.895,15041,915,6932,-554,-3073,835,-283,0,0
8066409518,949.648,42.639,488.671,-6667.500,-27685.000,2651.250,23.895,15568,699,8011,-762,-3164,303,-283,0,0
8066418932,937.631,59.414,460.367,-6982.500,-32742.500,-2353.750,23.922,15371,974,7547,-798,-3742,-269,-276,0,0
8066428340,907.375,71.126,432.368,-8653.750,-37572.500,-6597.500,23.922,14875,1166,7088,-989,-4294,-754,-276,0,0
8066437746,941.901,67.710,380.335,-10115.000,-40626.250,-9843.750,23.910,15441,1110,6235,-1156,-4643,-1125,-279,0,0
8066447160,1025.166,42.334,317.810,-12600.000,-37835.000,-14805.000,23.910,16806,694,5210,-1440,-4324,-1692,-279,0,0
8066456568,1044.076,38.186,248.880,-17263.750,-27702.500,-21735.000,23.887,17116,626,4080,-1973,-3166,-2484,-285,0,0
8066465975,995.398,65.636,250.954,-20615.000,-12880.000,-27545.000,23.887,16318,1076,4114,-2356,-1472,-3148,-285,0,0
8066475383,964.776,117.303,328.546,-19643.750,997.500,-28630.000,23.910,15816,1923,5386,-2245,114,-3272,-279,0,0
8066484797,967.826,148.901,416.752,-15303.750,12696.250,-26013.750,23.910,15866,2441,6832,-1749,1451,-2973,-279,0,0
8066494205,892.613,159.576,500.200,-12215.000,21455.000,-23056.250,23.930,14633,2616,8200,-1396,2452,-2635,-274,0,0
8066503611,810.690,187.514,575.779,-10115.000,23712.500,-19416.250,23.930,13290,3074,9439,-1156,2710,-2219,-274,0,0
8066513025,767.014,184.098,605.303,-10333.750,20326.250,-14350.000,23.906,12574,3018,9923,-1181,2323,-1640,-280,0,0
8066522433,780.678,138.287,592.066,-9695.000,17535.000,-11235.000,23.906,12798,2267,9706,-1108,2004,-1284,-280,0,0
8066531840,805.383,91.744,642.147,-7656.250,20658.750,-10762.500,23.914,13203,1504,10527,-875,2361,-1230,-278,0,0
8066541254,837.713,33.611,712.358,-6273.750,24885.000,-12538.750,23.914,13733,551,11678,-717,2844,-1433,-278,0,0
8066550661,873.947,21.838,725.656,-1190.000,29225.000,-17141.250,23.914,14327,358,11896,-136,3340,-1959,-278,0,0
8066560067,900.909,40.504,718.519,7253.750,36067.500,-21770.000,23.914,14769,664,11779,829,4122,-2488,-278,0,0
8066569476,884.012,82.411,703.025,15680.000,44310.000,-25873.750,23.926,14492,1351,11525,1792,5064,-2957,-275,0,0
8066578890,793.122,138.897,726.937,19031.250,50522.500,-29741.250,23.926,13002,2277,11917,2175,5774,-3399,-275,0,0
8066588298,632.692,187.209,800.259,17990.000,47442.500,-30826.250,23.914,10372,3069,13119,2056,5422,-3523,-278,0,0
8066597705,555.649,251.930,783.484,18830.000,32278.750,-27746.250,23.914,9109,4130,12844,2152,3689,-3171,-278,0,0
8066607117,568.703,298.839,704.123,21262.500,13930.000,-19477.500,23.879,9323,4899,11543,2430,1592,-2226,-287,0,0
8066616525,641.354,297.497,648.796,21376.250,-323.750,-8750.000,23.879,10514,4877,10636,2443,-37,-1000,-287,0,0
8066625932,739.564,259.311,603.839,17928.750,-9782.500,245.000,23.883,12124,4251,9899,2049,-1118,28,-286,0,0
8066635348,821.670,210.389,566.568,13343.750,-15995.000,5320.000,23.883,13470,3449,9288,1525,-1828,608,-286,0,0
8066644753,872.971,163.419,530.456,9240.000,-21420.000,6518.750,23.906,14311,2679,8696,1056,-2448,745,-280,0,0
8066654160,915.488,138.470,468.114,8268.750,-26425.000,5101.250,23.906,15008,2270,7674,945,-3020,583,-280,0,0
8066663575,962.519,145.241,382.836,6772.500,-28691.250,2572.500,23.859,15779,2381,6276,774,-3279,294,-292,0,0
8066672981,989.786,157.197,332.145,3963.750,-25156.250,446.250,23.859,16226,2577,5445,453,-2875,51,-292,0,0
8066682390,988.627,145.912,359.290,26.250,-17613.750,-1146.250,23.875,16207,2392,5890,3,-2013,-131,-288,0,0
8066691804,966.850,132.065,419.375,-2756.250,-10587.500,-2563.750,23.875,15850,2165,6875,-315,-1210,-293,-288,0,0
8066701212,919.575,120.597,486.536,-3657.500,-6273.750,-4296.250,23.934,15075,1977,7976,-418,-717,-491,-273,0,0
8066710619,876.326,125.477,526.796,-2940.000,-4497.500,-5425.000,23.934,14366,2057,8636,-336,-514,-620,-273,0,0
8066720032,841.495,135.847,558.638,-525.000,-3246.250,-4532.500,23.871,13795,2227,9158,-60,-371,-518,-289,0,0
8066729440,824.720,145.180,584.258,2441.250,-3465.000,-2835.000,23.871,13520,2380,9578,279,-396,-324,-289,0,0
8066738847,832.711,152.378,588.223,4436.250,-5853.750,-1540.000,23.906,13651,2498,9643,507,-669,-176,-280,0,0
8066748254,854.488,148.474,562.664,5206.250,-8697.500,-813.750,23.906,14008,2434,9224,595,-994,-93,-280,0,0
8066757668,866.322,146.461,532.469,4541.250,-9800.000,-787.500,23.918,14202,2401,8729,519,-1120,-90,-277,0,0
8066767075,863.882,140.483,533.018,3771.250,-8767.500,-875.000,23.918,14162,2303,8738,431,-1002,-100,-277,0,0
8066776483,863.943,132.797,555.893,4086.250,-7936.250,-1163.750,23.867,14163,2177,9113,467,-907,-133,-290,0,0
8066785897,854.000,136.152,549.244,5390.000,-8828.750,-1373.750,23.867,14000,2232,9004,616,-1009,-157,-290,0,0
8066795305,861.564,145.241,516.487,6693.750,-10080.000,-1435.000,23.867,14124,2381,8467,765,-1152,-164,-290,0,0
8066804712,872.117,152.256,498.919,6965.000,-9826.250,-1890.000,23.867,14297,2496,8179,796,-1123,-216,-290,0,0
8066814125,875.228,158.051,495.747,5740.000,-9310.000,-2852.500,23.902,14348,2591,8127,656,-1064,-326,-281,0,0
8066823532,874.679,164.639,492.209,4121.250,-8592.500,-3377.500,23.902,14339,2699,8069,471,-982,-386,-281,0,0
8066832938,856.074,163.175,503.860,2756.250,-7218.750,-3115.000,23.887,14034,2675,8260,315,-825,-356,-285,0,0
8066842351,843.813,152.988,535.092,2187.500,-6273.750,-1828.750,23.887,13833,2508,8772,250,-717,-209,-285,0,0
8066851759,834.297,138.897,567.300,2983.750,-6571.250,-218.750,23.879,13677,2277,9300,341,-751,-25,-287,0,0
8066861172,848.510,135.237,567.422,4655.000,-8242.500,647.500,23.879,13910,2217,9302,532,-942,74,-287,0,0
8066870578,872.483,140.300,541.253,6256.250,-9616.250,700.000,23.887,14303,2300,8873,715,-1099,80,-285,0,0
8066879990,881.633,142.069,521.916,6580.000,-9730.000,498.750,23.887,14453,2329,8556,752,-1112,57,-285,0,0
8066889398,883.219,138.836,505.690,5643.750,-9292.500,-175.000,23.883,14479,2276,8290,645,-1062,-20,-286,0,0
8066898804,889.929,135.969,498.370,5206.250,-8601.250,-997.500,23.883,14589,2229,8170,595,-983,-114,-286,0,0
8066908218,887.916,135.603,498.736,5180.000,-8032.500,-1750.000,23.902,14556,2223,8176,592,-918,-200,-281,0,0
8066917626,895.480,138.104,485.316,5285.000,-7936.250,-2528.750,23.902,14680,2264,7956,604,-907,-289,-281,0,0
8066927032,896.944,144.143,470.005,4707.500,-7140.000,-3701.250,23.895,14704,2363,7705,538,-816,-423,-283,0,0
8066936447,881.694,153.659,477.203,3001.250,-5783.750,-4978.750,23.895,14454,2519,7823,343,-661,-569,-283,0,0
8066945853,856.806,156.587,509.350,1155.000,-4970.000,-5766.250,23.863,14046,2567,8350,132,-568,-659,-291,0,0
8066955261,843.081,156.892,536.983,332.500,-5171.250,-5407.500,23.863,13821,2572,8803,38,-591,-618,-291,0,0
8066964675,833.565,152.439,554.002,1338.750,-6107.500,-4462.500,23.875,13665,2499,9082,153,-698,-510,-288,0,0
8066974082,827.892,145.912,567.666,2563.750,-7743.750,-3508.750,23.875,13572,2392,9306,293,-885,-401,-288,0,0
8066983490,825.513,147.010,562.847,3797.500,-10316.250,-2598.750,23.918,13533,2410,9227,434,-1179,-297,-277,0,0
8066992897,833.321,150.304,552.843,4970.000,-12740.000,-1338.750,23.918,13661,2464,9063,568,-1456,-153,-277,0,0
8067002311,854.305,141.398,542.473,5827.500,-14708.750,-533.750,23.867,14005,2318,8893,666,-1681,-61,-290,0,0
8067011718,878.217,138.592,511.302,6125.000,-16065.000,-875.000,23.867,14397,2272,8382,700,-1836,-100,-290,0,0
8067021127,892.491,141.520,478.118,6046.250,-16345.000,-1645.000,23.918,14631,2320,7838,691,-1868,-188,-277,0,0
8067030541,892.369,145.424,461.465,5258.750,-15557.500,-2721.250,23.918,14629,2384,7565,601,-1778,-311,-277,0,0
8067039946,873.642,150.792,472.384,4235.000,-14673.750,-3570.000,23.902,14322,2472,7744,484,-1677,-408,-281,0,0
8067049355,844.057,159.820,498.858,3841.250,-14726.250,-3421.250,23.902,13837,2620,8178,439,-1683,-391,-281,0,0
8067058768,831.369,163.907,536.739,4340.000,-15811.250,-2161.250,23.906,13629,2687,8799,496,-1807,-247,-280,0,0
8067068178,826.855,160.979,559.736,5705.000,-17771.250,-682.500,23.906,13555,2639,9176,652,-2031,-78,-280,0,0
8067077585,846.192,152.866,569.801,6265.000,-20221.250,17.500,23.875,13872,2506,9341,716,-2311,2,-288,0,0
8067086993,1124.047,154.513,479.155,5748.750,-20160.000,-735.000,23.875,18427,2533,7855,657,-2304,-84,-288,0,0
8067096400,829.722,109.922,564.311,1785.000,-10403.750,-2502.500,23.887,13602,1802,9251,204,-1189,-286,-285,0,0
8067105816,848.632,116.266,539.789,52.500,-13291.250,-4611.250,23.887,13912,1906,8849,6,-1519,-527,-285,0,0
8067115221,871.751,95.038,554.429,1513.750,-12958.750,-3718.750,23.895,14291,1558,9089,173,-1481,-425,-283,0,0
8067124628,805.078,83.570,590.602,4436.250,-11663.750,-1610.000,23.895,13198,1370,9682,507,-1333,-184,-283,0,0
8067134043,889.929,71.065,551.013,9336.250,-10963.750,1295.000,23.895,14589,1165,9033,1067,-1253,148,-283,0,0
8067143451,873.337,137.677,493.734,12643.750,-6956.250,6133.750,23.895,14317,2257,8094,1445,-795,701,-283,0,0
8067152856,870.653,150.792,520.696,17053.750,-735.000,16852.500,23.855,14273,2472,8536,1949,-84,1926,-293,0,0
8067162271,862.967,162.687,464.271,19582.500,1172.500,25900.000,23.855,14147,2667,7611,2238,134,2960,-293,0,0
8067171678,989.237,130.540,418.582,23266.250,1627.500,36382.500,23.898,16217,2140,6862,2659,186,4158,-282,0,0
8067181086,931.470,155.550,322.812,24123.750,-551.250,38097.500,23.898,15270,2550,5292,2757,-63,4354,-282,0,0
8067190500,1022.177,158.661,216.245,23345.000,-1146.250,40932.500,23.855,16757,2601,3545,2668,-131,4678,-293,0,0
8067199908,1069.452,160.430,180.499,19906.250,936.250,39585.000,23.855,17532,2630,2959,2275,107,4524,-293,0,0
8067209315,974.109,204.045,227.591,13501.250,4235.000,36181.250,23.863,15969,3345,3731,1543,484,4135,-291,0,0
8067218722,949.831,187.209,338.001,8627.500,7227.500,31850.000,23.863,15571,3069,5541,986,826,3640,-291,0,0
8067228136,925.492,218.624,430.355,1242.500,3981.250,27028.750,23.902,15172,3584,7055,142,455,3089,-281,0,0
8067237543,909.022,189.161,532.103,-3561.250,-1583.750,23677.500,23.902,14902,3101,8723,-407,-181,2706,-281,0,0
8067246950,858.514,125.294,620.248,-9353.750,-9362.500,15750.000,23.887,14074,2054,10168,-1069,-1070,1800,-285,0,0
8067256365,871.751,37.149,599.447,-11550.000,-19486.250,5118.750,23.887,14291,609,9827,-1320,-2227,585,-285,0,0
8067265772,818.620,15.799,569.313,-14385.000,-22496.250,-10867.500,23.910,13420,259,9333,-1644,-2571,-1242,-279,0,0
8067275179,809.226,11.407,625.372,-13728.750,-22435.000,-24998.750,23.910,13266,187,10252,-1569,-2564,-2857,-279,0,0
8067284593,818.376,53.924,704.550,-12451.250,-22942.500,-37843.750,23.871,13416,884,11550,-1423,-2622,-4325,-289,0,0
8067294000,700.646,-2.013,746.518,-11103.750,-29146.250,-49253.750,23.871,11486,-33,12238,-1269,-3331,-5629,-289,0,0
8067303407,871.934,109.556,579.805,-11112.500,-36426.250,-58616.250,23.887,14294,1796,9505,-1270,-4163,-6699,-285,0,0
8067312820,755.729,102.785,687.714,-936.250,-27291.250,-47223.750,23.887,12389,1685,11274,-107,-3119,-5397,-285,0,0
8067322228,862.357,139.080,565.592,13650.000,-26092.500,-33740.000,23.895,14137,2280,9272,1560,-2982,-3856,-283,0,0
8067331634,828.136,64.599,527.467,21420.000,-21446.250,-22767.500,23.895,13576,1059,8647,2448,-2451,-2602,-283,0,0
8067341047,948.977,128.283,449.387,23248.750,-17815.000,-18847.500,23.898,15557,2103,7367,2657,-2036,-2154,-282,0,0
8067350455,875.838,153.293,417.911,26031.250,-10176.250,-10963.750,23.898,14358,2513,6851,2975,-1163,-1253,-282,0,0
8067359868,901.092,71.370,418.521,24053.750,-4287.500,-7385.000,23.891,14772,1170,6861,2749,-490,-844,-284,0,0
8067369275,951.295,50.752,410.225,23178.750,1776.250,-4593.750,23.891,15595,832,6725,2649,203,-525,-284,0,0
8067378683,854.183,16.226,406.870,26661.250,6396.250,-4497.500,23.914,14003,266,6670,3047,731,-514,-278,0,0
8067388090,938.546,64.355,344.894,27772.500,8540.000,-5083.750,23.914,15386,1055,5654,3174,976,-581,-278,0,0
8067397504,1016.260,121.268,321.531,28603.750,11252.500,-2747.500,23.895,16660,1988,5271,3269,1286,-314,-283,0,0
8067406911,1033.767,203.008,264.801,22216.250,10745.000,-2782.500,23.895,16947,3328,4341,2539,1228,-318,-283,0,0
8067416319,1000.522,238.998,287.737,13903.750,10272.500,2555.000,23.906,16402,3918,4717,1589,1174,292,-280,0,0
8067425732,1012.234,244.671,292.007,7341.250,7122.500,8837.500,23.906,16594,4011,4787,839,814,1010,-280,0,0
8067435139,1025.593,214.659,286.273,-5573.750,5241.250,12013.750,23.891,16813,3519,4693,-637,599,1373,-284,0,0
8067444547,1105.869,157.380,294.691,-19223.750,3648.750,10876.250,23.891,18129,2580,4831,-2197,417,1243,-284,0,0
8067453961,1178.093,98.027,267.485,-30537.500,8338.750,3342.500,23.926,19313,1607,4385,-3490,953,382,-275,0,0
8067463369,1141.554,67.893,330.620,-38167.500,17893.750,-7848.750,23.926,18714,1113,5420,-4362,2045,-897,-275,0,0
8067472776,1008.574,121.268,383.202,-36373.750,25077.500,-17920.000,23.898,16534,1988,6282,-4157,2866,-2048,-282,0,0
8067482184,816.546,183.488,459.513,-33197.500,27142.500,-22653.750,23.898,13386,3008,7533,-3794,3102,-2589,-282,0,0
8067491598,669.841,196.908,570.655,-31631.250,25051.250,-21428.750,23.898,10981,3228,9355,-3615,2863,-2449,-282,0,0
8067501003,570.655,171.044,706.258,-29977.500,19573.750,-17998.750,23.898,9355,2804,11578,-3426,2237,-2057,-282,0,0
8067510411,569.801,141.459,776.164,-23765.000,9266.250,-13440.000,23.891,9341,2319,12724,-2716,1059,-1536,-284,0,0
8067519824,625.250,137.433,770.491,-15347.500,-1487.500,-9170.000,23.891,10250,2253,12631,-1754,-170,-1048,-284,0,0
8067529231,696.559,145.180,754.692,-7393.750,-8986.250,-5906.250,23.953,11419,2380,12372,-845,-1027,-675,-268,0,0
8067538639,752.557,155.672,733.464,-1618.750,-14210.000,-3097.500,23.953,12337,2552,12024,-185,-1624,-354,-268,0,0
8067548053,773.114,147.254,679.235,2301.250,-17578.750,-603.750,23.910,12674,2414,11135,263,-2009,-69,-279,0,0
8067557458,750.239,133.224,653.981,5005.000,-21437.500,700.000,23.910,12299,2184,10721,572,-2450,80,-279,0,0
8067566873,784.765,125.965,578.585,6798.750,-28971.250,892.500,23.914,12865,2065,9485,777,-3311,102,-278,0,0
8067576279,852.963,121.146,474.763,6851.250,-33687.500,218.750,23.914,13983,1986,7783,783,-3850,25,-278,0,0
8067585686,918.233,116.693,415.044,6098.750,-33267.500,-472.500,23.906,15053,1913,6804,697,-3802,-54,-280,0,0
8067595101,957.273,126.148,384.849,5617.500,-30205.000,-936.250,23.906,15693,2068,6309,642,-3452,-107,-280,0,0
8067604508,984.235,132.675,389.790,2170.000,-26127.500,-1277.500,23.883,16135,2175,6390,248,-2986,-146,-286,0,0
8067613915,980.331,109.495,410.347,682.500,-21490.000,-332.500,23.883,16071,1795,6727,78,-2456,-38,-286,0,0
8067623329,959.774,88.023,409.188,2922.500,-17570.000,113.750,23.914,15734,1443,6708,334,-2008,13,-278,0,0
8067632737,931.348,87.535,419.253,3561.250,-14892.500,-1820.000,23.914,15268,1435,6873,407,-1702,-208,-278,0,0
8067642143,891.515,102.602,456.097,3412.500,-13685.000,-4287.500,23.914,14615,1682,7477,390,-1564,-490,-278,0,0
8067651557,885.049,122.976,488.061,3753.750,-14358.750,-5495.000,23.914,14509,2016,8001,429,-1641,-628,-278,0,0
8067660965,1061.827,144.448,435.967,2887.500,-11873.750,-5678.750,23.922,17407,2368,7147,330,-1357,-649,-276,0,0
8067670371,844.179,94.977,587.003,96.250,-4471.250,-4375.000,23.922,13839,1557,9623,11,-511,-500,-276,0,0
8067679779,899.262,112.850,494.466,1837.500,-9397.500,-2948.750,23.910,14742,1850,8106,210,-1074,-337,-279,0,0
8067689193,891.637,114.192,480.314,1548.750,-7848.750,446.250,23.910,14617,1872,7874,177,-897,51,-279,0,0
8067698600,903.227,134.932,473.116,2703.750,-5573.750,5591.250,23.910,14807,2212,7756,309,-637,639,-279,0,0
8067708007,889.502,133.224,448.655,7087.500,-2607.500,13247.500,23.910,14582,2184,7355,810,-298,1514,-279,0,0
8067717422,902.373,166.652,466.284,11716.250,1653.750,22855.000,23.906,14793,2732,7644,1339,189,2612,-280,0,0
8067726829,903.105,209.901,431.758,15820.000,2983.750,30598.750,23.906,14805,3441,7078,1808,341,3497,-280,0,0
8067736235,959.469,221.308,369.721,10701.250,1426.250,36408.750,23.902,15729,3628,6061,1223,163,4161,-281,0,0
8067745649,940.681,176.412,293.837,-1391.250,988.750,34947.500,23.902,15421,2892,4817,-159,113,3994,-281,0,0
8067755057,967.643,99.796,296.643,-10762.500,4068.750,33197.500,23.926,15863,1636,4863,-1230,465,3794,-275,0,0
8067764464,943.426,104.493,363.804,-11366.250,7577.500,28901.250,23.926,15466,1713,5964,-1299,866,3303,-275,0,0
8067773879,940.803,65.392,455.731,-7752.500,5005.000,24150.000,23.926,15423,1072,7471,-886,572,2760,-275,0,0
8067783286,922.686,22.143,499.468,-11917.500,-1277.500,12906.250,23.926,15126,363,8188,-1362,-146,1475,-275,0,0
8067792693,919.148,26.474,578.463,-14595.000,-8811.250,-848.750,23.918,15068,434,9483,-1668,-1007,-97,-277,0,0
8067802101,894.626,27.267,556.930,-10902.500,-18173.750,-11663.750,23.918,14666,447,9130,-1246,-2077,-1333,-277,0,0
8067811515,862.601,-0.610,570.655,-10657.500,-25611.250,-21988.750,23.910,14141,-10,9355,-1218,-2927,-2513,-279,0,0
8067820922,792.756,-12.688,577.853,-14332.500,-27912.500,-30590.000,23.910,12996,-208,9473,-1638,-3190,-3496,-279,0,0
8067830336,903.959,175.497,483.425,-10955.000,-24972.500,-26705.000,23.863,14819,2877,7925,-1252,-2854,-3052,-291,0,0
8067839743,787.876,145.607,676.978,-271.250,-11357.500,-7428.750,23.863,12916,2387,11098,-31,-1298,-849,-291,0,0
8067849150,873.276,39.833,575.352,4243.750,-14420.000,4488.750,23.883,14316,653,9432,485,-1648,513,-286,0,0
8067858564,922.808,-30.988,460.733,3666.250,-15076.250,6396.250,23.883,15128,-508,7553,419,-1723,731,-286,0,0
8067867972,917.074,80.581,390.095,12775.000,-10928.750,10963.750,23.891,15034,1321,6395,1460,-1249,1253,-284,0,0
8067877379,950.685,186.111,340.746,23633.750,-5626.250,21647.500,23.891,15585,3051,5586,2701,-643,2474,-284,0,0
8067886787,925.614,181.963,329.827,16835.000,-1330.000,29067.500,23.895,15174,2983,5407,1924,-152,3322,-283,0,0
8067896200,958.920,159.881,290.360,4628.750,-332.500,34772.500,23.895,15720,2621,4760,529,-38,3974,-283,0,0
8067905606,957.151,107.909,301.218,-3640.000,4226.250,35516.250,23.871,15691,1769,4938,-416,483,4059,-289,0,0
8067915014,959.835,74.603,404.735,-6282.500,6168.750,35350.000,23.871,15735,1223,6635,-718,705,4040,-289,0,0
8067924428,941.596,50.264,402.295,-8172.500,2966.250,27903.750,23.902,15436,824,6595,-934,339,3189,-281,0,0
8067933836,934.520,59.475,437.675,-9975.000,-892.500,19871.250,23.902,15320,975,7175,-1140,-102,2271,-281,0,0
8067943243,952.332,62.830,437.919,-12118.750,-6492.500,8181.250,23.895,15612,1030,7179,-1385,-742,935,-283,0,0
8067952656,934.032,37.576,511.485,-19048.750,-9126.250,-3325.000,23.895,15312,616,8385,-2177,-1043,-380,-283,0,0
8067962064,922.015,-36.661,524.234,-20177.500,-15076.250,-15688.750,23.875,15115,-601,8594,-2306,-1723,-1793,-288,0,0
8067971471,917.989,-90.951,552.965,-18593.750,-22636.250,-33582.500,23.875,15049,-1491,9065,-2125,-2587,-3838,-288,0,0
8067980879,927.139,-112.362,539.667,-15697.500,-31806.250,-55868.750,23.910,15199,-1842,8847,-1794,-3635,-6385,-279,0,0
8067990293,870.104,-161.528,587.552,-12678.750,-42848.750,-82915.000,23.910,14264,-2648,9632,-1449,-4897,-9476,-279,0,0
8067999700,814.777,-81.191,456.036,-6107.500,-50050.000,-103617.500,23.910,13357,-1331,7476,-698,-5720,-11842,-279,0,0
8068009108,892.979,51.911,493.551,7245.000,-45815.000,-106680.000,23.910,14639,851,8091,828,-5236,-12192,-279,0,0
8068018522,718.458,185.867,610.915,30318.750,-33258.750,-91000.000,23.914,11778,3047,10015,3465,-3801,-10400,-278,0,0
8068027930,827.099,290.360,581.147,45158.750,-32313.750,-71496.250,23.914,13559,4760,9527,5161,-3693,-8171,-278,0,0
8068037336,902.556,385.825,502.823,42805.000,-27431.250,-46025.000,23.898,14796,6325,8243,4892,-3135,-5260,-282,0,0
8068046745,831.735,256.444,565.958,27895.000,-20580.000,-21630.000,23.898,13635,4204,9278,3188,-2352,-2472,-282,0,0
8068056158,958.432,174.277,444.324,428.750,-24771.250,-9992.500,23.875,15712,2857,7284,49,-2831,-1142,-288,0,0
8068065566,938.607,39.894,374.418,-15487.500,-21892.500,1356.250,23.875,15387,654,6138,-1770,-2502,155,-288,0,0
8068074972,996.130,-149.206,266.448,-19757.500,-16896.250,3088.750,23.910,16330,-2446,4368,-2258,-1931,353,-279,0,0
8068084386,918.660,112.240,196.542,13387.500,1750.000,14796.250,23.910,15060,1840,3222,1530,200,1691,-279,0,0
8068093793,924.028,348.554,369.416,47696.250,27230.000,47477.500,23.883,15148,5714,6056,5451,3112,5426,-286,0,0
8068103201,879.925,423.828,537.349,37773.750,37362.500,69510.000,23.883,14425,6948,8809,4317,4270,7944,-286,0,0
8068112615,844.667,355.935,530.639,21761.250,31115.000,90903.750,23.898,13847,5835,8699,2487,3556,10389,-282,0,0
8068122022,895.480,240.645,302.743,4891.250,24920.000,103783.750,23.898,14680,3945,4963,559,2848,11861,-282,0,0
8068131428,951.112,139.019,351.604,-4147.500,31412.500,111772.500,23.914,15592,2279,5764,-474,3590,12774,-278,0,0
8068140843,821.975,1.586,392.779,-8067.500,30983.750,105122.500,23.914,13475,26,6439,-922,3541,12014,-278,0,0
8068150250,964.776,-98.820,489.586,-6282.500,25471.250,94727.500,23.879,15816,-1620,8026,-718,2911,10826,-287,0,0
8068159657,927.810,-161.650,473.604,1076.250,16467.500,75188.750,23.879,15210,-2650,7764,123,1882,8593,-287,0,0
8068169072,971.730,-122.488,495.381,8785.000,11235.000,56612.500,23.902,15930,-2008,8121,1004,1284,6470,-281,0,0
8068178478,917.867,-83.204,544.120,15076.250,6378.750,36093.750,23.902,15047,-1364,8920,1723,729,4125,-281,0,0
8068187887,927.749,-54.229,542.046,15496.250,-2073.750,15155.000,23.918,15209,-889,8886,1771,-237,1732,-277,0,0
8068197300,952.210,-16.104,452.071,10123.750,-10491.250,-4348.750,23.918,15610,-264,7411,1157,-1199,-497,-277,0,0
8068206708,930.067,-92.964,424.926,-1093.750,-11698.750,-25777.500,23.906,15247,-1524,6966,-125,-1337,-2946,-280,0,0
8068216115,932.080,-215.208,487.512,-16773.750,-13921.250,-56350.000,23.906,15280,-3528,7992,-1917,-1591,-6440,-280,0,0
8068225522,896.639,-242.292,566.934,-19232.500,-19600.000,-89355.000,23.895,14699,-3972,9294,-2198,-2240,-10212,-283,0,0
8068234936,851.377,-210.511,548.756,-14096.250,-28656.250,-120575.000,23.895,13957,-3451,8996,-1611,-3275,-13780,-283,0,0
8068244343,822.524,-22.143,465.064,1225.000,-35883.750,-129132.500,23.898,13484,-363,7624,140,-4101,-14758,-282,0,0
8068253751,885.171,309.880,380.945,35875.000,-27107.500,-104160.000,23.898,14511,5080,6245,4100,-3098,-11904,-282,0,0
8068263166,846.924,469.212,495.869,61661.250,-13685.000,-66885.000,23.895,13884,7692,8129,7047,-1564,-7644,-283,0,0
8068272571,949.282,494.771,493.917,58318.750,-15277.500,-32305.000,23.895,15562,8111,8097,6665,-1746,-3692,-283,0,0
8068281979,942.450,440.786,279.014,32226.250,-19355.000,-3683.750,23.898,15450,7226,4574,3683,-2212,-421,-282,0,0
8068291393,981.002,280.722,197.884,-8277.500,-17027.500,12127.500,23.898,16082,4602,3244,-946,-1946,1386,-282,0,0
8068300801,1003.206,117.303,161.711,-54302.500,-14866.250,12363.750,23.918,16446,1923,2651,-6206,-1699,1413,-277,0,0
8068310208,1014.308,-49.715,281.271,-66701.250,-12381.250,10753.750,23.918,16628,-815,4611,-7623,-1415,1229,-277,0,0
8068319615,1061.461,-1.403,324.337,-30756.250,-14428.750,13317.500,23.922,17401,-23,5317,-3515,-1649,1522,-276,0,0
8068329029,939.156,110.654,490.257,-39226.250,-25917.500,6930.000,23.922,15396,1814,8037,-4483,-2962,792,-276,0,0
8068338435,1064.328,178.608,278.526,-63918.750,-39742.500,3202.500,23.898,17448,2928,4566,-7305,-4542,366,-282,0,0
8068347844,902.739,121.573,312.991,-64373.750,-44143.750,12941.250,23.898,14799,1993,5131,-7357,-5045,1479,-282,0,0
8068357258,1047.065,-41.541,-63.501,-64391.250,-38342.500,15645.000,23.941,17165,-681,-1041,-7359,-4382,1788,-271,0,0
8068366666,1040.111,-161.650,29.280,-73150.000,-14665.000,7857.500,23.941,17051,-2650,480,-8360,-1676,898,-271,0,0
8068376073,1105.076,-233.020,79.605,-53322.500,4016.250,481.250,23.895,18116,-3820,1305,-6094,459,55,-283,0,0
8068385487,890.234,-304.207,476.593,-20685.000,25077.500,-7813.750,23.895,14594,-4987,7813,-2364,2866,-893,-283,0,0
8068394894,1184.071,-254.553,648.247,9677.500,24403.750,-23931.250,23.895,19411,-4173,10627,1106,2789,-2735,-283,0,0
8068404301,1491.999,-50.691,378.688,24351.250,36487.500,-41991.250,23.895,24459,-831,6208,2783,4170,-4799,-283,0,0
8068413713,1215.303,109.617,359.778,20256.250,73088.750,-53663.750,23.910,19923,1797,5898,2315,8353,-6133,-279,0,0
8068423120,757.315,221.430,542.290,12276.250,96390.000,-55396.250,23.910,12415,3630,8890,1403,11016,-6331,-279,0,0
8068432533,483.913,255.590,719.495,12468.750,93126.250,-45176.250,23.895,7933,4190,11795,1425,10643,-5163,-283,0,0
8068441939,419.741,227.286,756.156,17220.000,75276.250,-30205.000,23.895,6881,3726,12396,1968,8603,-3452,-283,0,0
8068451348,451.827,171.349,880.657,20903.750,58642.500,-16808.750,23.918,7407,2809,14437,2389,6702,-1921,-277,0,0
8068460761,546.499,140.666,887.794,26600.000,38246.250,-6475.000,23.918,8959,2306,14554,3040,4371,-740,-277,0,0
8068470168,697.169,148.047,729.255,30327.500,15172.500,-1382.500,23.926,11429,2427,11955,3466,1734,-158,-275,0,0
8068479576,805.383,169.824,566.385,26258.750,665.000,376.250,23.926,13203,2784,9285,3001,76,43,-275,0,0
8068488989,819.291,187.697,518.439,19206.250,-3622.500,2126.250,23.953,13431,3077,8499,2195,-414,243,-268,0,0
8068498397,810.385,199.714,516.670,14813.750,-6475.000,4952.500,23.953,13285,3274,8470,1693,-740,566,-268,0,0
8068507804,806.786,179.523,509.594,11681.250,-10692.500,8680.000,23.906,13226,2943,8354,1335,-1222,992,-280,0,0
8068517211,825.879,135.969,502.579,8767.500,-15128.750,11795.000,23.906,13539,2229,8239,1002,-1729,1348,-280,0,0
8068526625,883.646,104.554,475.495,7262.500,-18322.500,12635.000,23.930,14486,1714,7795,830,-2094,1444,-274,0,0
8068536032,927.932,90.463,451.522,5180.000,-19512.500,11103.750,23.930,15212,1483,7402,592,-2230,1269,-274,0,0
8068545446,959.957,83.692,426.329,3237.500,-18795.000,9065.000,23.922,15737,1372,6989,370,-2148,1036,-276,0,0
8068554853,986.004,71.065,412.421,2625.000,-15881.250,7306.250,23.922,16164,1165,6761,300,-1815,835,-276,0,0
8068564262,1004.365,46.970,425.658,3202.500,-11375.000,4952.500,23.934,16465,770,6978,366,-1300,566,-273,0,0
8068573668,988.627,32.147,430.660,3596.250,-7332.500,910.000,23.934,16207,527,7060,411,-838,104,-273,0,0
8068583082,960.811,37.088,418.948,3832.500,-3893.750,-3421.250,23.906,15751,608,6868,438,-445,-391,-280,0,0
8068592490,938.790,62.830,424.072,5407.500,297.500,-5967.500,23.906,15390,1030,6952,618,34,-682,-280,0,0
8068601896,916.098,89.731,446.703,7131.250,4033.750,-6720.000,23.863,15018,1471,7323,815,461,-768,-291,0,0
8068611311,896.883,97.966,483.120,7175.000,5617.500,-6676.250,23.863,14703,1606,7920,820,642,-763,-291,0,0
8068620719,882.487,98.088,494.771,6221.250,5101.250,-6361.250,23.922,14467,1608,8111,711,583,-727,-276,0,0
8068630126,868.884,103.273,498.980,5197.500,4348.750,-5293.750,23.922,14244,1693,8180,594,497,-605,-276,0,0
8068639534,860.161,108.214,521.855,5215.000,3850.000,-3885.000,23.879,14101,1774,8555,596,440,-444,-287,0,0
8068648946,851.316,116.266,525.454,5057.500,2345.000,-2773.750,23.879,13956,1906,8614,578,268,-317,-287,0,0
8068658355,847.961,115.778,524.356,4567.500,-26.250,-1802.500,23.906,13901,1898,8596,522,-3,-206,-280,0,0
8068667768,846.009,111.630,513.620,3920.000,-2423.750,-805.000,23.906,13869,1830,8420,448,-277,-92,-280,0,0
8068677176,833.138,115.656,516.182,3876.250,-4278.750,577.500,23.938,13658,1896,8462,443,-489,66,-272,0,0
8068686583,845.338,118.828,530.700,3753.750,-6151.250,2117.500,23.938,13858,1948,8700,429,-703,242,-272,0,0
8068695990,875.899,111.569,517.524,3596.250,-8260.000,3815.000,23.910,14359,1829,8484,411,-944,436,-279,0,0
8068705405,917.684,92.476,502.457,2598.750,-9170.000,4672.500,23.910,15044,1516,8237,297,-1048,534,-279,0,0
8068714812,928.298,68.259,479.826,1373.750,-8898.750,4322.500,23.918,15218,1119,7866,157,-1017,494,-277,0,0
8068724219,931.104,53.497,474.824,1295.000,-7420.000,2450.000,23.918,15264,877,7784,148,-848,280,-277,0,0
8068733633,946.110,48.617,462.990,2100.000,-5748.750,-113.750,23.922,15510,797,7590,240,-657,-13,-276,0,0
8068743040,966.179,43.920,448.899,3088.750,-3561.250,-2992.500,23.922,15839,720,7359,353,-407,-342,-276,0,0
8068752447,962.336,45.323,433.710,4068.750,70.000,-5976.250,23.922,15776,743,7110,465,8,-683,-276,0,0
8068761861,932.995,62.037,445.422,4987.500,3998.750,-8697.500,23.922,15295,1017,7302,570,457,-994,-276,0,0
8068771269,893.833,95.587,443.043,5556.250,5757.500,-9878.750,23.961,14653,1567,7263,635,658,-1129,-266,0,0
8068780675,884.622,129.442,431.941,5862.500,6755.000,-8268.750,23.961,14502,2122,7081,670,772,-945,-266,0,0
8068790090,879.010,144.326,429.745,4768.750,8706.250,-5425.000,23.934,14410,2366,7045,545,995,-620,-273,0,0
8068799497,875.899,140.849,449.570,2345.000,10955.000,-2756.250,23.934,14359,2309,7370,268,1252,-315,-273,0,0
8068808903,868.884,119.133,491.843,-866.250,12075.000,-1058.750,23.969,14244,1953,8063,-99,1380,-121,-264,0,0
8068818311,870.165,88.938,548.878,-3036.250,11427.500,-621.250,23.969,14265,1458,8998,-347,1306,-71,-264,0,0
8068827726,874.740,51.057,614.453,-3395.000,8583.750,-1172.500,23.938,14340,837,10073,-388,981,-134,-272,0,0
8068837134,872.910,25.254,610.183,-1365.000,3692.500,-3062.500,23.938,14310,414,10003,-156,422,-350,-272,0,0
8068846540,864.919,30.683,563.701,1863.750,306.250,-5880.000,23.926,14179,503,9241,213,35,-672,-275,0,0
8068855953,851.743,67.588,543.815,5687.500,-525.000,-7796.250,23.926,13963,1108,8915,650,-60,-891,-275,0,0
8068865362,848.632,109.861,538.203,8785.000,-1233.750,-7586.250,23.938,13912,1801,8823,1004,-141,-867,-272,0,0
8068874768,845.094,121.024,536.190,8925.000,-2607.500,-6195.000,23.938,13854,1984,8790,1020,-298,-708,-272,0,0
8068884176,850.889,110.227,533.018,7280.000,-4602.500,-4970.000,23.930,13949,1807,8738,832,-526,-568,-274,0,0
8068893591,859.185,100.345,520.696,6335.000,-6291.250,-4243.750,23.930,14085,1645,8536,724,-719,-485,-274,0,0
8068902998,875.838,99.613,501.115,6790.000,-6650.000,-3517.500,23.934,14358,1633,8215,776,-760,-402,-273,0,0
8068912407,876.204,107.238,494.100,7656.250,-6098.750,-2808.750,23.934,14364,1758,8100,875,-697,-321,-273,0,0
8068921815,875.655,115.656,491.355,7498.750,-5915.000,-2240.000,23.980,14355,1896,8055,857,-676,-256,-261,0,0
8068931229,893.772,116.571,485.743,6203.750,-5145.000,-971.250,23.980,14652,1911,7963,709,-588,-111,-261,0,0
8068940635,898.225,97.661,498.858,4348.750,-3648.750,-61.250,23.930,14725,1601,8178,497,-417,-7,-274,0,0
8068950044,900.604,80.520,497.272,4375.000,-2660.000,35.000,23.930,14764,1320,8152,500,-304,4,-274,0,0
8068959457,903.776,69.967,493.551,5477.500,-1452.500,-630.000,23.938,14816,1147,8091,626,-166,-72,-272,0,0
8068968865,890.051,75.091,500.139,6536.250,-673.750,-1977.500,23.938,14591,1231,8199,747,-77,-226,-272,0,0
8068978272,902.007,82.655,503.128,7525.000,-656.250,-3027.500,23.922,14787,1355,8248,860,-75,-346,-276,0,0
8068987679,889.319,85.949,504.897,7516.250,-665.000,-4278.750,23.922,14579,1409,8277,859,-76,-489,-276,0,0
8068997094,877.302,88.023,512.888,6588.750,-1330.000,-5407.500,23.922,14382,1443,8408,753,-152,-618,-276,0,0
8069006501,871.873,96.075,504.897,6518.750,-2030.000,-5460.000,23.922,14293,1575,8277,745,-232,-624,-276,0,0
8069015909,861.076,103.517,510.265,6973.750,-1802.500,-4917.500,23.906,14116,1697,8365,797,-206,-562,-280,0,0
8069025322,862.113,107.665,524.051,8146.250,-1855.000,-3578.750,23.906,14133,1765,8591,931,-212,-409,-280,0,0
8069034729,865.651,105.774,531.737,9213.750,-2353.750,-2502.500,23.922,14191,1734,8717,1053,-269,-286,-276,0,0
8069044136,863.577,105.164,530.761,9318.750,-3412.500,-1758.750,23.922,14157,1724,8701,1065,-390,-201,-276,0,0
8069053550,867.359,106.262,512.461,9187.500,-4550.000,-980.000,23.926,14219,1742,8401,1050,-520,-112,-275,0,0
8069062957,868.823,110.532,515.755,8741.250,-4593.750,-542.500,23.926,14243,1812,8455,999,-525,-62,-275,0,0
8069072365,888.770,102.480,506.239,8890.000,-4532.500,87.500,23.914,14570,1680,8299,1016,-518,10,-278,0,0
8069081779,882.914,98.576,495.320,9047.500,-4208.750,-8.750,23.914,14474,1616,8120,1034,-481,-1,-278,0,0
8069091186,886.635,97.417,487.207,8557.500,-3526.250,26.250,23.910,14535,1597,7987,978,-403,3,-279,0,0
8069100592,884.805,100.223,505.446,9021.250,-2205.000,288.750,23.910,14505,1643,8286,1031,-252,33,-279,0,0
8069110007,889.990,97.661,515.816,10001.250,-1776.250,883.750,23.895,14590,1601,8456,1143,-203,101,-283,0,0
8069119414,888.709,88.999,511.546,10386.250,-1715.000,980.000,23.895,14569,1459,8386,1187,-196,112,-283,0,0
8069128822,888.648,83.021,517.585,9782.500,-1575.000,656.250,23.910,14568,1361,8485,1118,-180,75,-279,0,0
8069138229,878.583,81.984,517.585,9108.750,-1601.250,148.750,23.910,14403,1344,8485,1041,-183,17,-279,0,0
8069147643,870.653,84.973,513.376,9791.250,-1723.750,665.000,23.852,14273,1393,8416,1119,-197,76,-294,0,0
8069157051,874.923,94.428,504.897,11567.500,-1487.500,1575.000,23.852,14343,1548,8277,1322,-170,180,-294,0,0
8069166457,889.014,88.999,504.165,11935.000,-910.000,1890.000,23.879,14574,1459,8265,1364,-104,216,-287,0,0
8069175872,891.088,85.827,498.004,11147.500,-428.750,1338.750,23.879,14608,1407,8164,1274,-49,153,-287,0,0
8069185280,889.868,85.827,501.969,9511.250,-332.500,-35.000,23.910,14588,1407,8229,1087,-38,-4,-279,0,0
8069194686,887.977,90.219,502.762,7770.000,-656.250,-1575.000,23.910,14557,1479,8242,888,-75,-180,-279,0,0
8069204101,888.587,93.696,496.235,6886.250,-621.250,-2266.250,23.926,14567,1536,8135,787,-71,-259,-275,0,0
8069213507,884.195,96.685,496.845,6982.500,271.250,-2082.500,23.926,14495,1585,8145,798,31,-238,-275,0,0
8069222915,881.023,103.273,499.224,7218.750,1330.000,-2038.750,23.875,14443,1693,8184,825,152,-233,-288,0,0
8069232329,886.025,105.286,503.921,7358.750,1907.500,-1811.250,23.875,14525,1726,8261,841,218,-207,-288,0,0
8069241736,872.849,101.687,520.879,6903.750,2117.500,-1977.500,23.879,14309,1667,8539,789,242,-226,-287,0,0
8069251143,870.592,96.868,537.837,5845.000,1286.250,-2712.500,23.879,14272,1588,8817,668,147,-310,-287,0,0
8069260557,871.202,95.160,532.530,5372.500,-105.000,-3325.000,23.887,14282,1560,8730,614,-12,-380,-285,0,0
8069269965,886.513,96.868,520.757,5608.750,-560.000,-3570.000,23.887,14533,1588,8537,641,-64,-408,-285,0,0
8069279372,873.520,96.075,521.977,6081.250,297.500,-3535.000,23.863,14320,1575,8557,695,34,-404,-291,0,0
8069288779,864.431,98.942,517.036,6606.250,691.250,-3815.000,23.863,14171,1622,8476,755,79,-436,-291,0,0
8069298193,878.583,98.881,501.725,6947.500,1102.500,-4025.000,23.918,14403,1621,8225,794,126,-460,-277,0,0
8069307601,861.991,102.175,509.289,6807.500,2353.750,-3911.250,23.918,14131,1675,8349,778,269,-447,-277,0,0
8069317008,857.599,113.277,513.376,6623.750,2738.750,-3841.250,23.891,14059,1857,8416,757,313,-439,-284,0,0
8069326422,866.749,112.606,514.230,6457.500,3036.250,-3421.250,23.891,14209,1846,8430,738,347,-391,-284,0,0
8069335829,864.065,108.031,520.940,6221.250,3473.750,-3342.500,23.906,14165,1771,8540,711,397,-382,-280,0,0
8069345237,867.847,101.382,529.297,6037.500,3561.250,-3631.250,23.906,14227,1662,8677,690,407,-415,-280,0,0
8069354650,860.954,97.112,531.005,6571.250,3368.750,-4208.750,23.902,14114,1592,8705,751,385,-481,-281,0,0
8069364057,875.350,99.064,519.842,7280.000,3158.750,-4628.750,23.902,14350,1624,8522,832,361,-529,-281,0,0
8069373465,899.323,90.402,520.025,7971.250,4182.500,-5346.250,23.887,14743,1482,8525,911,478,-611,-285,0,0
8069382872,905.789,84.546,516.975,8356.250,6037.500,-6466.250,23.887,14849,1386,8475,955,690,-739,-285,0,0
8069392286,906.033,75.884,528.504,7910.000,7665.000,-7857.500,23.879,14853,1244,8664,904,876,-898,-287,0,0
8069401693,903.654,77.348,520.025,8058.750,8452.500,-9826.250,23.879,14814,1268,8525,921,966,-1123,-287,0,0
8069411101,886.940,76.128,510.021,7953.750,9415.000,-11856.250,23.863,14540,1248,8361,909,1076,-1355,-291,0,0
8069420515,871.568,82.716,518.805,8522.500,9616.250,-13492.500,23.863,14288,1356,8505,974,1099,-1542,-291,0,0
8069429922,851.133,105.591,526.308,9730.000,9572.500,-13921.250,23.863,13953,1731,8628,1112,1094,-1591,-291,0,0
8069439329,836.249,123.342,546.011,11095.000,8732.500,-12407.500,23.863,13709,2022,8951,1268,998,-1418,-291,0,0
8069448742,826.306,139.019,549.732,12538.750,7980.000,-9677.500,23.906,13546,2279,9012,1433,912,-1106,-280,0,0
8069458150,819.474,143.960,570.106,12810.000,7533.750,-6326.250,23.906,13434,2360,9346,1464,861,-723,-280,0,0
8069467558,820.023,146.949,580.781,13422.500,6221.250,-2773.750,23.863,13443,2409,9521,1534,711,-317,-291,0,0
8069476966,824.293,143.899,585.783,12748.750,4558.750,70.000,23.863,13513,2359,9603,1457,521,8,-291,0,0
8069486379,838.018,135.176,581.147,11191.250,2257.500,1251.250,23.910,13738,2216,9527,1279,258,143,-279,0,0
8069495786,845.582,123.708,564.189,9030.000,630.000,1461.250,23.910,13862,2028,9249,1032,72,167,-279,0,0
8069505194,842.227,109.129,558.882,7175.000,-175.000,1330.000,23.840,13807,1789,9162,820,-20,152,-297,0,0
8069514609,835.212,108.031,561.810,6860.000,-1417.500,1058.750,23.840,13692,1771,9210,784,-162,121,-297,0,0
8069524015,839.482,113.338,559.919,7700.000,-3307.500,787.500,23.914,13762,1858,9179,880,-378,90,-278,0,0
8069533421,844.850,112.728,561.444,8207.500,-5171.250,253.750,23.914,13850,1848,9204,938,-591,29,-278,0,0
8069542836,854.854,107.177,558.211,8233.750,-6790.000,-17.500,23.895,14014,1757,9151,941,-776,-2,-283,0,0
8069552244,866.871,112.545,541.924,8356.250,-7516.250,-673.750,23.895,14211,1845,8884,955,-859,-77,-283,0,0
8069561652,869.555,118.645,529.480,7953.750,-6562.500,-691.250,23.895,14255,1945,8680,909,-750,-79,-283,0,0
8069571065,874.923,122.976,526.552,7743.750,-4926.250,-463.750,23.895,14343,2016,8632,885,-563,-53,-283,0,0
8069580472,868.152,120.963,532.957,6982.500,-3710.000,-551.250,23.883,14232,1983,8737,798,-424,-63,-286,0,0
8069589879,862.174,113.338,543.998,6055.000,-3307.500,-568.750,23.883,14134,1858,8918,692,-378,-65,-286,0,0
8069599293,860.527,108.580,550.647,5416.250,-3535.000,-743.750,23.895,14107,1780,9027,619,-404,-85,-283,0,0
8069608700,856.501,105.530,554.551,5250.000,-3955.000,-1155.000,23.895,14041,1730,9091,600,-452,-132,-283,0,0
8069618108,851.255,106.262,553.331,5740.000,-4480.000,-1312.500,23.902,13955,1742,9071,656,-512,-150,-281,0,0
8069627521,851.377,109.617,547.414,6711.250,-4952.500,-1435.000,23.902,13957,1797,8974,767,-566,-164,-281,0,0
8069636929,852.475,115.961,545.218,7455.000,-5013.750,-1295.000,23.848,13975,1901,8938,852,-573,-148,-295,0,0
8069646336,851.072,120.597,545.096,7647.500,-5031.250,-770.000,23.848,13952,1977,8936,874,-575,-88,-295,0,0
8069655744,852.597,120.780,548.024,7166.250,-5302.500,-218.750,23.875,13977,1980,8984,819,-606,-25,-288,0,0
8069665159,856.989,116.815,548.329,6422.500,-5731.250,17.500,23.875,14049,1915,8989,734,-655,2,-288,0,0
8069674566,861.991,109.190,544.669,5661.250,-5862.500,-113.750,23.863,14131,1790,8929,647,-670,-13,-291,0,0
8069683972,865.285,105.713,541.253,5652.500,-5591.250,-411.250,23.863,14185,1733,8873,646,-639,-47,-291,0,0
8069693386,864.614,104.798,540.582,6037.500,-5276.250,-936.250,23.824,14174,1718,8862,690,-603,-107,-301,0,0
8069702793,865.041,107.421,537.105,6545.000,-5241.250,-1557.500,23.824,14181,1761,8805,748,-599,-178,-301,0,0
8069712201,864.370,112.423,532.164,6641.250,-5118.750,-2038.750,23.898,14170,1843,8724,759,-585,-233,-282,0,0
8069721609,864.614,116.571,530.883,5985.000,-4733.750,-2537.500,23.898,14174,1911,8703,684,-541,-290,-282,0,0
8069731022,863.272,117.181,538.142,5276.250,-4261.250,-2721.250,23.914,14152,1921,8822,603,-487,-311,-278,0,0
8069740428,858.697,113.826,548.146,4777.500,-4077.500,-2738.750,23.914,14077,1866,8986,546,-466,-313,-278,0,0
8069749837,851.377,111.996,555.100,4698.750,-4497.500,-2791.250,23.855,13957,1836,9100,537,-514,-319,-293,0,0
8069759250,843.935,115.534,555.649,5066.250,-5372.500,-2791.250,23.855,13835,1894,9109,579,-614,-319,-293,0,0
8069768658,845.704,119.316,552.111,5766.250,-6028.750,-2380.000,23.883,13864,1956,9051,659,-689,-272,-286,0,0
8069778066,849.486,123.220,547.719,6492.500,-6273.750,-1645.000,23.883,13926,2020,8979,742,-717,-188,-286,0,0
8069787480,855.708,121.756,545.340,6790.000,-6125.000,-735.000,23.930,14028,1996,8940,776,-700,-84,-274,0,0
8069796888,868.396,115.595,545.706,6711.250,-5880.000,-411.250,23.930,14236,1895,8946,767,-672,-47,-274,0,0
8069806294,883.463,103.761,541.619,6177.500,-5582.500,-787.500,23.879,14483,1701,8879,706,-638,-90,-287,0,0
8069815707,892.064,90.707,534.909,5766.250,-4803.750,-1671.250,23.879,14624,1487,8769,659,-549,-191,-287,0,0
8069825114,887.306,84.607,532.286,5617.500,-3701.250,-3176.250,23.898,14546,1387,8726,642,-423,-363,-282,0,0
8069834521,871.812,87.535,531.981,6020.000,-2975.000,-4978.750,23.898,14292,1435,8721,688,-340,-569,-282,0,0
8069843936,854.488,98.759,543.083,6632.500,-2730.000,-6186.250,23.895,14008,1619,8903,758,-312,-707,-283,0,0
8069853343,847.229,110.288,553.209,7131.250,-3211.250,-6650.000,23.895,13889,1808,9069,815,-367,-760,-283,0,0
8069862751,839.299,123.647,552.416,7647.500,-4340.000,-6168.750,23.867,13759,2027,9056,874,-496,-705,-290,0,0
8069872159,841.251,130.113,533.140,7936.250,-5573.750,-5293.750,23.867,13791,2133,8740,907,-637,-605,-290,0,0
8069881572,849.303,142.862,523.807,7131.250,-5460.000,-4252.500,23.867,13923,2342,8587,815,-624,-486,-290,0,0
8069890979,854.366,144.021,526.674,6177.500,-4445.000,-2826.250,23.867,14006,2361,8634,706,-508,-323,-290,0,0
8069900386,852.231,133.468,537.105,5416.250,-3657.500,-1513.750,23.895,13971,2188,8805,619,-418,-173,-283,0,0
8069909800,851.133,124.928,544.669,4795.000,-3692.500,-630.000,23.895,13953,2048,8929,548,-422,-72,-283,0,0
8069919208,853.634,117.913,542.595,4628.750,-4243.750,-376.250,23.867,13994,1933,8895,529,-485,-43,-290,0,0
8069928616,860.100,114.009,537.105,5171.250,-4646.250,-332.500,23.867,14100,1869,8805,591,-531,-38,-290,0,0
8069938024,868.579,112.423,537.166,5915.000,-4593.750,-682.500,23.855,14239,1843,8806,676,-525,-78,-293,0,0
8069947439,875.350,111.325,536.007,6387.500,-4147.500,-1181.250,23.855,14350,1825,8787,730,-474,-135,-293,0,0
8069956847,870.287,112.118,535.153,6230.000,-3587.500,-1802.500,23.895,14267,1838,8773,712,-410,-206,-283,0,0
8069966254,862.357,115.839,536.495,5556.250,-3263.750,-2397.500,23.895,14137,1899,8795,635,-373,-274,-283,0,0
8069975661,853.390,119.987,538.142,5206.250,-3360.000,-2721.250,23.887,13990,1967,8822,595,-384,-311,-285,0,0
8069985077,852.719,123.647,538.752,5293.750,-3622.500,-2563.750,23.887,13979,2027,8832,605,-414,-293,-285,0,0
8069994484,856.440,123.037,541.131,5468.750,-3640.000,-2257.500,23.863,14040,2017,8871,625,-416,-258,-291,0,0
8070003889,860.222,122.061,539.667,5678.750,-3885.000,-2073.750,23.863,14102,2001,8847,649,-444,-237,-291,0,0
8070013304,860.405,121.878,539.972,5538.750,-3928.750,-1968.750,23.891,14105,1998,8852,633,-449,-225,-284,0,0
8070022712,858.575,121.573,539.850,5118.750,-3780.000,-1977.500,23.891,14075,1993,8850,585,-432,-226,-284,0,0
8070032118,852.414,120.231,542.534,4768.750,-3893.750,-2047.500,23.871,13974,1971,8894,545,-445,-234,-289,0,0
8070041533,853.268,118.035,542.900,4593.750,-4095.000,-1811.250,23.871,13988,1935,8900,525,-468,-207,-289,0,0
8070050939,852.658,118.645,543.632,4891.250,-3902.500,-1268.750,23.863,13978,1945,8912,559,-446,-145,-291,0,0
8070060348,855.830,115.412,550.403,5206.250,-3657.500,-752.500,23.863,14030,1892,9023,595,-418,-86,-291,0,0
8070069754,857.233,109.739,554.185,5328.750,-3867.500,-463.750,23.895,14053,1799,9085,609,-442,-53,-283,0,0
8070079168,858.636,103.029,550.952,5267.500,-4532.500,-586.250,23.895,14076,1689,9032,602,-518,-67,-283,0,0
8070088576,859.429,99.674,544.974,5398.750,-5145.000,-1321.250,23.840,14089,1634,8934,617,-588,-151,-297,0,0
8070097983,863.760,105.957,539.484,5582.500,-5486.250,-2117.500,23.840,14160,1737,8844,638,-627,-242,-297,0,0
8070107398,866.566,114.680,531.920,6160.000,-5302.500,-2222.500,23.926,14206,1880,8720,704,-606,-254,-275,0,0
8070116804,869.677,119.377,530.517,6588.750,-4593.750,-2073.750,23.926,14257,1957,8697,753,-525,-237,-275,0,0
8070126212,869.738,118.401,528.382,6413.750,-4112.500,-2152.500,23.875,14258,1941,8662,733,-470,-246,-288,0,0
8070135620,868.274,116.388,525.820,5827.500,-3911.250,-2660.000,23.875,14234,1908,8620,666,-447,-304,-288,0,0
8070145034,861.015,116.449,530.700,4943.750,-3753.750,-3220.000,23.871,14115,1909,8700,565,-429,-368,-289,0,0
8070154442,860.039,120.658,533.567,4593.750,-3473.750,-3333.750,23.871,14099,1978,8747,525,-397,-381,-289,0,0
8070163850,853.756,124.257,539.972,4830.000,-2861.250,-2782.500,23.887,13996,2037,8852,552,-327,-318,-285,0,0
8070173258,851.011,121.451,554.429,4987.500,-2476.250,-1942.500,23.887,13951,1991,9089,570,-283,-222,-285,0,0
8070182673,847.534,113.521,565.470,5013.750,-2983.750,-1408.750,23.891,13894,1861,9270,573,-341,-161,-284,0,0
8070192081,848.876,107.665,560.163,5285.000,-3990.000,-1225.000,23.891,13916,1765,9183,604,-456,-140,-284,0,0
8070201489,854.305,107.665,548.451,5941.250,-4821.250,-1417.500,23.891,14005,1765,8991,679,-551,-162,-284,0,0
8070210896,862.296,111.813,537.105,6772.500,-4908.750,-1513.750,23.891,14136,1833,8805,774,-561,-173,-284,0,0
8070220311,865.407,117.120,531.859,7280.000,-4681.250,-1566.250,23.898,14187,1920,8719,832,-535,-179,-282,0,0
8070229718,867.176,118.706,529.053,6737.500,-4558.750,-1986.250,23.898,14216,1946,8673,770,-521,-227,-282,0,0
8070239126,864.126,118.462,527.467,5670.000,-4278.750,-2275.000,23.910,14166,1942,8647,648,-489,-260,-279,0,0
8070248534,859.551,117.791,533.384,4777.500,-3893.750,-2336.250,23.910,14091,1931,8744,546,-445,-267,-279,0,0
8070257946,856.623,117.425,543.388,4497.500,-3771.250,-2231.250,23.930,14043,1925,8908,514,-431,-255,-274,0,0
8070267354,858.270,117.303,546.316,5136.250,-4033.750,-1986.250,23.930,14070,1923,8956,587,-461,-227,-274,0,0
8070276761,857.355,115.961,542.900,5678.750,-4200.000,-1592.500,23.859,14055,1901,8900,649,-480,-182,-292,0,0
8070286175,854.061,114.985,543.510,5775.000,-4296.250,-1697.500,23.859,14001,1885,8910,660,-491,-194,-292,0,0
8070295583,855.159,117.913,543.205,5705.000,-4655.000,-1811.250,23.883,14019,1933,8905,652,-532,-207,-286,0,0
8070304990,857.843,120.475,539.911,6055.000,-4812.500,-1758.750,23.883,14063,1975,8851,692,-550,-201,-286,0,0
8070314397,860.954,121.390,538.081,6081.250,-4935.000,-1636.250,23.871,14114,1990,8821,695,-564,-187,-289,0,0
8070323811,858.148,123.098,534.421,6055.000,-4777.500,-1268.750,23.871,14068,2018,8761,692,-546,-145,-289,0,0
8070333219,860.954,125.538,536.373,5950.000,-4401.250,-1102.500,23.895,14114,2058,8793,680,-503,-126,-283,0,0
8070342626,858.697,126.209,535.580,5713.750,-3911.250,-455.000,23.895,14077,2069,8780,653,-447,-52,-283,0,0
8070352040,860.344,123.220,537.776,5696.250,-3360.000,420.000,23.926,14104,2020,8816,651,-384,48,-275,0,0
8070361447,867.054,118.279,543.754,5687.500,-3360.000,1093.750,23.926,14214,1939,8914,650,-384,125,-275,0,0
8070370854,862.723,106.994,541.131,5486.250,-3701.250,813.750,23.887,14143,1754,8871,627,-423,93,-285,0,0
8070380268,867.786,96.319,537.532,5013.750,-3876.250,-175.000,23.887,14226,1579,8812,573,-443,-20,-285,0,0
8070389675,862.967,96.136,533.689,5101.250,-3692.500,-1268.750,23.871,14147,1576,8749,583,-422,-145,-289,0,0
8070399082,862.540,103.395,539.362,5748.750,-3438.750,-1846.250,23.871,14140,1695,8842,657,-393,-211,-289,0,0
8070408497,859.856,112.179,539.972,6527.500,-3552.500,-2082.500,23.906,14096,1839,8852,746,-406,-238,-280,0,0
8070417903,861.259,113.338,533.872,6816.250,-4016.250,-2187.500,23.906,14119,1858,8752,779,-459,-250,-280,0,0
8070427311,864.248,115.717,531.920,6160.000,-4025.000,-2415.000,23.906,14168,1897,8720,704,-460,-276,-280,0,0
8070436725,865.102,116.876,536.617,5355.000,-3596.250,-2537.500,23.906,14182,1916,8797,612,-411,-290,-280,0,0
8070446133,860.954,116.449,543.144,4926.250,-3053.750,-2581.250,23.871,14114,1909,8904,563,-349,-295,-289,0,0
8070455541,856.928,114.436,548.695,5241.250,-2861.250,-2467.500,23.871,14048,1876,8995,599,-327,-282,-289,0,0
8070464948,853.390,112.850,550.525,5775.000,-3342.500,-2563.750,23.887,13990,1850,9025,660,-382,-293,-285,0,0
8070474362,856.928,111.691,541.436,5845.000,-4173.750,-2835.000,23.887,14048,1831,8876,668,-477,-324,-285,0,0
8070483768,861.625,114.192,535.519,5608.750,-4471.250,-3220.000,23.918,14125,1872,8779,641,-511,-368,-277,0,0
8070493176,858.209,114.741,536.312,5276.250,-4261.250,-3465.000,23.918,14069,1881,8792,603,-487,-396,-277,0,0
8070502591,854.671,115.839,543.510,4900.000,-4138.750,-3508.750,23.891,14011,1899,8910,560,-473,-401,-284,0,0
8070511998,851.865,116.571,550.525,4768.750,-4418.750,-3351.250,23.891,13965,1911,9025,545,-505,-383,-284,0,0
8070521407,853.390,114.619,547.231,4952.500,-4961.250,-3193.750,23.879,13990,1879,8971,566,-567,-365,-287,0,0
8070530814,859.368,114.680,541.802,5328.750,-5223.750,-2975.000,23.879,14088,1880,8882,609,-597,-340,-287,0,0
8070540222,865.346,115.961,536.007,5591.250,-5005.000,-2651.250,23.898,14186,1901,8787,639,-572,-303,-282,0,0
8070549635,867.908,115.473,534.238,5985.000,-4322.500,-2388.750,23.898,14228,1893,8758,684,-494,-273,-282,0,0
8070559044,865.834,115.412,529.541,6160.000,-3920.000,-2423.750,23.879,14194,1892,8681,704,-448,-277,-287,0,0
8070568450,862.723,116.144,527.589,5950.000,-3858.750,-2607.500,23.879,14143,1904,8649,680,-441,-298,-287,0,0
8070577865,862.540,118.401,527.955,5407.500,-3815.000,-2992.500,23.906,14140,1941,8655,618,-436,-342,-280,0,0
8070587272,865.102,119.804,529.602,4838.750,-3517.500,-3228.750,23.906,14182,1964,8682,553,-402,-369,-280,0,0
8070596679,867.786,118.157,537.776,4795.000,-2957.500,-3193.750,23.875,14226,1937,8816,548,-338,-365,-288,0,0
8070606093,862.540,113.765,544.242,4768.750,-2590.000,-3193.750,23.875,14140,1865,8922,545,-296,-365,-288,0,0
8070615500,852.597,111.569,548.695,4777.500,-2747.500,-3351.250,23.914,13977,1829,8995,546,-314,-383,-278,0,0
8070624906,845.155,114.314,552.477,4847.500,-3395.000,-3587.500,23.914,13855,1874,9057,554,-388,-410,-278,0,0
8070634321,844.911,119.804,553.148,5083.750,-4165.000,-3386.250,23.844,13851,1964,9068,581,-476,-387,-296,0,0
8070643728,849.852,122.122,549.732,5626.250,-4681.250,-2642.500,23.844,13932,2002,9012,643,-535,-302,-296,0,0
8070653136,857.416,120.292,544.425,6090.000,-4768.750,-1951.250,23.887,14056,1972,8925,696,-545,-223,-285,0,0
8070662549,864.126,114.070,539.667,6055.000,-4742.500,-1723.750,23.887,14166,1870,8847,692,-542,-197,-285,0,0
8070671957,865.834,106.018,531.188,5591.250,-4856.250,-2205.000,23.918,14194,1738,8708,639,-555,-252,-277,0,0
8070681365,867.725,111.264,527.650,5355.000,-4961.250,-3010.000,23.918,14225,1824,8650,612,-567,-344,-277,0,0
8070690772,871.446,119.133,527.040,5495.000,-4462.500,-3290.000,23.895,14286,1953,8640,628,-510,-376,-283,0,0
8070700186,871.934,119.133,525.515,5591.250,-3832.500,-3228.750,23.895,14294,1953,8615,639,-438,-369,-283,0,0
8070709592,865.407,117.608,526.247,5390.000,-3333.750,-3193.750,23.902,14187,1928,8627,616,-381,-365,-281,0,0
8070719000,858.392,119.377,536.617,4742.500,-2826.250,-3482.500,23.902,14072,1957,8797,542,-323,-398,-281,0,0
8070728414,853.512,122.000,543.998,4340.000,-2773.750,-3605.000,23.879,13992,2000,8918,496,-317,-412,-287,0,0
8070737822,851.621,124.684,549.793,4322.500,-3097.500,-3325.000,23.879,13961,2044,9013,494,-354,-380,-287,0,0
8070747229,856.074,122.183,551.074,4917.500,-3263.750,-2817.500,23.906,14034,2003,9034,562,-373,-322,-280,0,0
8070756642,858.148,119.377,550.403,5547.500,-3351.250,-2423.750,23.906,14068,1957,9023,634,-383,-277,-280,0,0
8070766050,856.989,117.486,545.462,5783.750,-3657.500,-2537.500,23.898,14049,1926,8942,661,-418,-290,-282,0,0
8070775457,854.305,119.804,540.094,5818.750,-4042.500,-2905.000,23.898,14005,1964,8854,665,-462,-332,-282,0,0
8070784871,856.013,122.122,534.665,5748.750,-4357.500,-3115.000,23.879,14033,2002,8765,657,-498,-356,-287,0,0
8070794277,858.819,124.989,530.151,5696.250,-4445.000,-3115.000,23.879,14079,2049,8691,651,-508,-356,-287,0,0
8070803683,860.405,125.904,533.506,5258.750,-4112.500,-2887.500,23.879,14105,2064,8746,601,-470,-330,-287,0,0
8070813098,861.686,122.122,538.081,4856.250,-3753.750,-2642.500,23.879,14126,2002,8821,555,-429,-302,-287,0,0
8070822506,859.978,116.998,541.802,4585.000,-3561.250,-2555.000,23.902,14098,1918,8882,524,-407,-292,-281,0,0
8070831913,856.928,116.083,541.741,4541.250,-3675.000,-2633.750,23.902,14048,1903,8881,519,-420,-301,-281,0,0
8070841327,857.477,114.436,542.107,4698.750,-3972.500,-2703.750,23.887,14057,1876,8887,537,-454,-309,-285,0,0
8070850735,862.174,113.521,542.412,4943.750,-4156.250,-2747.500,23.887,14134,1861,8892,565,-475,-314,-285,0,0
8070860143,867.969,114.863,537.593,5363.750,-4077.500,-2826.250,23.914,14229,1883,8813,613,-466,-323,-278,0,0
8070869549,867.176,115.717,531.737,5416.250,-3745.000,-3001.250,23.914,14216,1897,8717,619,-428,-343,-278,0,0
8070878964,861.869,120.292,530.395,5206.250,-3333.750,-3080.000,23.914,14129,1972,8695,595,-381,-352,-278,0,0
8070888372,860.405,123.464,532.652,4978.750,-2931.250,-2861.250,23.914,14105,2024,8732,569,-335,-327,-278,0,0
8070897779,857.782,122.305,537.471,4611.250,-2651.250,-2677.500,23.902,14062,2005,8811,527,-303,-306,-281,0,0
8070907186,855.098,120.536,544.974,4243.750,-2572.500,-2581.250,23.902,14018,1976,8934,485,-294,-295,-281,0,0
8070916599,851.133,117.852,552.355,4165.000,-2878.750,-2642.500,23.945,13953,1932,9055,476,-329,-302,-270,0,0
8070926007,852.841,116.327,551.745,4497.500,-3430.000,-2773.750,23.945,13981,1907,9045,514,-392,-317,-270,0,0
8070935414,846.680,122.366,543.327,4847.500,-3727.500,-2843.750,23.938,13880,2006,8907,554,-426,-325,-272,0,0
8070944827,853.451,123.830,546.926,5180.000,-4016.250,-2668.750,23.938,13991,2030,8966,592,-459,-305,-272,0,0
8070954234,857.965,127.368,544.364,5486.250,-4576.250,-2458.750,23.891,14065,2088,8924,627,-523,-281,-284,0,0
8070963648,868.335,122.976,536.861,5416.250,-4926.250,-2213.750,23.891,14235,2016,8801,619,-563,-253,-284,0,0
8070973055,871.995,118.340,526.735,5031.250,-4462.500,-2388.750,23.895,14295,1940,8635,575,-510,-273,-283,0,0
8070982463,869.067,115.351,526.308,4620.000,-3596.250,-2843.750,23.895,14247,1891,8628,528,-411,-325,-283,0,0
8070991875,862.052,116.815,532.591,4497.500,-2992.500,-3246.250,23.910,14132,1915,8731,514,-342,-371,-279,0,0
8071001284,854.976,120.780,540.582,4427.500,-2782.500,-3246.250,23.910,14016,1980,8862,506,-318,-371,-279,0,0
8071010690,848.876,123.769,549.122,4410.000,-2808.750,-2843.750,23.906,13916,2029,9002,504,-321,-325,-280,0,0
8071020103,844.606,120.475,555.893,4383.750,-3158.750,-2310.000,23.906,13846,1975,9113,501,-361,-264,-280,0,0
8071029511,847.168,116.693,555.222,4628.750,-3902.500,-1907.500,23.941,13888,1913,9102,529,-446,-218,-271,0,0
8071038918,853.329,115.046,550.098,5197.500,-4716.250,-1837.500,23.941,13989,1886,9018,594,-539,-210,-271,0,0
8071048333,861.015,116.510,539.301,5696.250,-5162.500,-2126.250,23.941,14115,1910,8841,651,-590,-243,-271,0,0
8071057740,862.418,120.841,531.920,5678.750,-4882.500,-2406.250,23.941,14138,1981,8720,649,-558,-275,-271,0,0
8071067146,860.161,126.758,533.262,5241.250,-4410.000,-2660.000,23.926,14101,2078,8742,599,-504,-304,-275,0,0
8071076561,858.758,128.039,537.837,4611.250,-4191.250,-2747.500,23.926,14078,2099,8817,527,-479,-314,-275,0,0
8071085967,856.501,128.649,542.229,4523.750,-4226.250,-2528.750,23.891,14041,2109,8889,517,-483,-289,-284,0,0
8071095376,859.856,122.793,539.850,4541.250,-4383.750,-2231.250,23.891,14096,2013,8850,519,-501,-255,-284,0,0
8071104783,863.394,118.950,535.397,4541.250,-3981.250,-1916.250,23.887,14154,1950,8777,519,-455,-219,-285,0,0
8071114197,857.843,115.778,541.375,4856.250,-3325.000,-1828.750,23.887,14063,1898,8875,555,-380,-209,-285,0,0
8071123605,856.501,116.266,542.046,5197.500,-3701.250,-2248.750,23.910,14041,1906,8886,594,-423,-257,-279,0,0
8071133017,861.808,117.791,537.044,5486.250,-4182.500,-2310.000,23.910,14128,1931,8804,627,-478,-264,-279,0,0
8071142425,863.638,120.231,534.177,5407.500,-4138.750,-2380.000,23.875,14158,1971,8757,618,-473,-272,-288,0,0
8071151832,864.187,123.159,536.495,5127.500,-3631.250,-2283.750,23.875,14167,2019,8795,586,-415,-261,-288,0,0
8071161240,863.272,120.170,541.680,4961.250,-2975.000,-2073.750,23.852,14152,1970,8880,567,-340,-237,-294,0,0
8071170654,862.174,113.948,546.621,4760.000,-2800.000,-2135.000,23.852,14134,1868,8961,544,-320,-244,-294,0,0
8071180060,858.514,108.214,546.743,4707.500,-3088.750,-2511.250,23.914,14074,1774,8963,538,-353,-287,-278,0,0
8071189468,855.403,109.983,542.168,4978.750,-3456.250,-2992.500,23.914,14023,1803,8888,569,-395,-342,-278,0,0
8071198882,854.244,117.730,542.656,5215.000,-3622.500,-3491.250,23.941,14004,1930,8896,596,-414,-399,-271,0,0
8071208290,860.466,126.758,535.580,5477.500,-3570.000,-3491.250,23.941,14106,2078,8780,626,-408,-399,-271,0,0
8071217697,861.137,126.575,537.288,5180.000,-3088.750,-3062.500,23.887,14117,2075,8808,592,-353,-350,-285,0,0
8071227110,858.148,121.207,538.874,5040.000,-3053.750,-3001.250,23.887,14068,1987,8834,576,-349,-343,-285,0,0
8071236518,856.623,120.170,536.190,5285.000,-3307.500,-3071.250,23.922,14043,1970,8790,604,-378,-351,-276,0,0
8071245925,862.723,120.780,537.959,5530.000,-3351.250,-3325.000,23.922,14143,1980,8819,632,-383,-380,-276,0,0
8071255333,864.370,122.488,537.654,5775.000,-2992.500,-3596.250,23.879,14170,2008,8814,660,-342,-411,-287,0,0
8071264747,864.065,123.037,538.203,5766.250,-2301.250,-3675.000,23.879,14165,2017,8823,659,-263,-420,-287,0,0
8071274153,858.453,122.061,543.571,5626.250,-1916.250,-3902.500,23.910,14073,2001,8911,643,-219,-446,-279,0,0
8071283561,855.464,120.292,548.329,5293.750,-2205.000,-4191.250,23.910,14024,1972,8989,605,-252,-479,-279,0,0
8071292974,852.536,120.902,543.083,5390.000,-2747.500,-4313.750,23.922,13976,1982,8903,616,-314,-493,-276,0,0
8071302383,851.133,119.804,534.116,5468.750,-2878.750,-4366.250,23.922,13953,1964,8756,625,-329,-499,-276,0,0
8071311790,853.024,123.525,542.107,5538.750,-2581.250,-4313.750,23.895,13984,2025,8887,633,-295,-493,-283,0,0
8071321204,850.279,125.599,551.196,5477.500,-2677.500,-3753.750,23.895,13939,2059,9036,626,-306,-429,-283,0,0
8071330612,849.120,122.915,556.137,5031.250,-3202.500,-3421.250,23.891,13920,2015,9117,575,-366,-391,-284,0,0
8071340017,847.900,118.462,555.832,4768.750,-3771.250,-3193.750,23.891,13900,1942,9112,545,-431,-365,-284,0,0
8071349432,849.486,119.865,551.257,5048.750,-4156.250,-2975.000,23.898,13926,1965,9037,577,-475,-340,-282,0,0
8071358839,851.194,123.159,546.743,5783.750,-4401.250,-2677.500,23.898,13954,2019,8963,661,-503,-306,-282,0,0
8071368247,854.793,125.233,538.325,6317.500,-4506.250,-2266.250,23.906,14013,2053,8825,722,-515,-259,-280,0,0
8071377654,859.978,128.893,534.787,6002.500,-4340.000,-2056.250,23.906,14098,2113,8767,686,-496,-235,-280,0,0
8071387067,864.980,129.320,534.116,5363.750,-4095.000,-2030.000,23.902,14180,2120,8756,613,-468,-232,-281,0,0
8071396475,865.041,126.087,534.116,4803.750,-3631.250,-1872.500,23.902,14181,2067,8756,549,-415,-214,-281,0,0
8071405882,857.111,121.451,536.373,4550.000,-2957.500,-1907.500,23.848,14051,1991,8793,520,-338,-218,-295,0,0
8071415298,849.425,123.525,545.340,4576.250,-2756.250,-1968.750,23.848,13925,2025,8940,523,-315,-225,-295,0,0
8071424705,856.501,126.453,549.671,4838.750,-3018.750,-1916.250,23.898,14041,2073,9011,553,-345,-219,-282,0,0
8071434110,854.671,127.429,542.168,5013.750,-3027.500,-1592.500,23.898,14011,2089,8888,573,-346,-182,-282,0,0
8071443525,861.747,122.854,543.632,5013.750,-2940.000,-1408.750,23.879,14127,2014,8912,573,-336,-161,-287,0,0
8071452932,858.941,119.682,543.144,4847.500,-3150.000,-1951.250,23.879,14081,1962,8904,554,-360,-223,-287,0,0
8071462340,860.832,117.364,541.131,4663.750,-3421.250,-2590.000,23.867,14112,1924,8871,533,-391,-296,-290,0,0
8071471754,856.989,127.551,538.630,4707.500,-3316.250,-3001.250,23.867,14049,2091,8830,538,-379,-343,-290,0,0
8071481161,851.621,130.601,541.619,4751.250,-2966.250,-2983.750,23.887,13961,2141,8879,543,-339,-341,-285,0,0
8071490568,850.889,135.176,543.815,4891.250,-2563.750,-2651.250,23.887,13949,2216,8915,559,-293,-303,-285,0,0
8071499982,846.985,133.041,552.538,4322.500,-2520.000,-2108.750,23.867,13885,2181,9058,494,-288,-241,-290,0,0
8071509390,846.741,123.891,554.307,4217.500,-3228.750,-2047.500,23.867,13881,2031,9087,482,-369,-234,-290,0,0
8071518797,849.608,119.011,550.464,4366.250,-3990.000,-2213.750,23.910,13928,1951,9024,499,-456,-253,-279,0,0
8071528204,854.061,121.268,550.342,4620.000,-4383.750,-2563.750,23.910,14001,1988,9022,528,-501,-293,-279,0,0
8071537619,860.771,123.159,546.987,4926.250,-4567.500,-2703.750,23.895,14111,2019,8967,563,-522,-309,-283,0,0
8071547026,864.736,120.475,536.739,4856.250,-4471.250,-2826.250,23.895,14176,1975,8799,555,-511,-323,-283,0,0
8071556433,860.832,116.815,532.042,4725.000,-4086.250,-3255.000,23.902,14112,1915,8722,540,-467,-372,-281,0,0
8071565846,859.429,121.939,537.105,4243.750,-3605.000,-3465.000,23.902,14089,1999,8805,485,-412,-396,-281,0,0
8071575254,860.466,122.061,548.573,4103.750,-3377.500,-3465.000,23.891,14106,2001,8993,469,-386,-396,-284,0,0
8071584661,852.414,120.780,551.440,4103.750,-3377.500,-3255.000,23.891,13974,1980,9040,469,-386,-372,-284,0,0
8071594074,846.802,121.268,548.695,4550.000,-3395.000,-2817.500,23.906,13882,1988,8995,520,-388,-322,-280,0,0
8071603482,847.412,122.793,548.512,5092.500,-3561.250,-2537.500,23.906,13892,2013,8992,582,-407,-290,-280,0,0
8071612889,849.669,124.562,545.523,5565.000,-3955.000,-2415.000,23.934,13929,2042,8943,636,-452,-276,-273,0,0
8071622297,856.379,127.551,541.375,5512.500,-4095.000,-2380.000,23.934,14039,2091,8875,630,-468,-272,-273,0,0
8071631711,852.475,129.747,541.680,4698.750,-3701.250,-2301.250,23.879,13975,2127,8880,537,-423,-263,-287,0,0
8071641117,855.708,129.808,552.355,4576.250,-3535.000,-2222.500,23.879,14028,2128,9055,523,-404,-254,-287,0,0
8071650525,852.963,124.257,550.525,4908.750,-3920.000,-2143.750,23.859,13983,2037,9025,561,-448,-245,-292,0,0
8071659939,854.366,121.817,542.534,5302.500,-4305.000,-2126.250,23.859,14006,1997,8894,606,-492,-243,-292,0,0
8071669347,853.695,122.366,538.935,5040.000,-4235.000,-2467.500,23.922,13995,2006,8835,576,-484,-282,-276,0,0
8071678754,854.854,126.819,545.523,4681.250,-4051.250,-2441.250,23.922,14014,2079,8943,535,-463,-279,-276,0,0
8071688168,854.976,127.246,546.865,4506.250,-4025.000,-2318.750,23.922,14016,2086,8965,515,-460,-265,-276,0,0
8071697574,852.597,122.610,546.316,4112.500,-4086.250,-2266.250,23.922,13977,2010,8956,470,-467,-259,-276,0,0
8071706981,852.475,120.780,546.560,4077.500,-4287.500,-2318.750,23.871,13975,1980,8960,466,-490,-265,-289,0,0
8071716390,857.111,120.658,546.133,4278.750,-4620.000,-2432.500,23.871,14051,1978,8953,489,-528,-278,-289,0,0
8071725804,856.501,123.159,537.349,4663.750,-4690.000,-2441.250,23.883,14041,2019,8809,533,-536,-279,-286,0,0
8071735211,856.684,124.989,536.129,4882.500,-4453.750,-2362.500,23.883,14044,2049,8789,558,-509,-270,-286,0,0
8071744618,859.856,124.501,539.240,4655.000,-4016.250,-2380.000,23.859,14096,2041,8840,532,-459,-272,-292,0,0
8071754032,858.636,124.623,546.865,4698.750,-3552.500,-2266.250,23.859,14076,2043,8965,537,-406,-259,-292,0,0
8071763440,855.098,121.024,548.695,4628.750,-3570.000,-2135.000,23.891,14018,1984,8995,529,-408,-244,-284,0,0
8071772846,849.425,120.048,547.719,4698.750,-3841.250,-2205.000,23.891,13925,1968,8979,537,-439,-252,-284,0,0
8071782261,850.706,122.915,547.658,4751.250,-4130.000,-2327.500,23.883,13946,2015,8978,543,-472,-266,-286,0,0
8071791669,852.231,125.050,547.292,4908.750,-4322.500,-2213.750,23.883,13971,2050,8972,561,-494,-253,-286,0,0
8071801076,853.085,123.952,542.961,4917.500,-4515.000,-2248.750,23.910,13985,2032,8901,562,-516,-257,-279,0,0
8071810484,854.366,127.795,543.937,4970.000,-4497.500,-2283.750,23.910,14006,2095,8917,568,-514,-261,-279,0,0
8071819896,857.599,129.137,544.303,4882.500,-4401.250,-2248.750,23.902,14059,2117,8923,558,-503,-257,-281,0,0
8071829304,857.477,128.344,542.839,5110.000,-4217.500,-1968.750,23.902,14057,2104,8899,584,-482,-225,-281,0,0
8071838712,858.575,124.196,536.007,5040.000,-4147.500,-1820.000,23.887,14075,2036,8787,576,-474,-208,-285,0,0
8071848124,861.747,119.194,532.835,4585.000,-4060.000,-2073.750,23.887,14127,1954,8735,524,-464,-237,-285,0,0
8071857532,864.980,117.425,537.288,4270.000,-3666.250,-2397.500,23.852,14180,1925,8808,488,-419,-274,-294,0,0
8071866946,863.394,116.571,542.351,4060.000,-3325.000,-2852.500,23.852,14154,1911,8891,464,-380,-326,-294,0,0
8071876354,855.464,118.523,546.255,4077.500,-3176.250,-3115.000,23.887,14024,1943,8955,466,-363,-356,-285,0,0
8071885761,846.497,122.000,551.989,4086.250,-3220.000,-3158.750,23.887,13877,2000,9049,467,-368,-361,-285,0,0
8071895175,841.800,128.588,555.527,4445.000,-3552.500,-2800.000,23.875,13800,2108,9107,508,-406,-320,-288,0,0
8071904583,843.813,130.540,554.551,4908.750,-3963.750,-1942.500,23.875,13833,2140,9091,561,-453,-222,-288,0,0
8071913989,847.900,127.490,549.366,5320.000,-4471.250,-1242.500,23.852,13900,2090,9006,608,-511,-142,-294,0,0
8071923397,857.477,124.074,542.900,5442.500,-4812.500,-1093.750,23.852,14057,2034,8900,622,-550,-125,-294,0,0
8071932811,865.407,119.804,539.484,5040.000,-4803.750,-1470.000,23.898,14187,1964,8844,576,-549,-168,-282,0,0
8071942218,867.115,117.303,537.044,4628.750,-4532.500,-1907.500,23.898,14215,1923,8804,529,-518,-218,-282,0,0
8071951626,865.773,116.815,537.227,4471.250,-3928.750,-2301.250,23.891,14193,1915,8807,511,-449,-263,-284,0,0
8071961040,863.699,116.144,540.155,4637.500,-3482.500,-2642.500,23.891,14159,1904,8855,530,-398,-302,-284,0,0
8071970447,859.307,117.608,538.386,4620.000,-3115.000,-2905.000,23.918,14087,1928,8826,528,-356,-332,-277,0,0
8071979853,852.170,119.194,543.327,4182.500,-2852.500,-3132.500,23.918,13970,1954,8907,478,-326,-358,-277,0,0
8071989268,848.754,120.902,554.002,3955.000,-3045.000,-3342.500,23.926,13914,1982,9082,452,-348,-382,-275,0,0
8071998675,848.022,121.512,556.442,4016.250,-3692.500,-3386.250,23.926,13902,1992,9122,459,-422,-387,-275,0,0
8072008081,848.632,122.122,555.710,4401.250,-4147.500,-3298.750,23.867,13912,2002,9110,503,-474,-377,-290,0,0
8072017495,849.486,122.305,553.453,4725.000,-4401.250,-3246.250,23.867,13926,2005,9073,540,-503,-371,-290,0,0
8072026903,850.401,124.684,550.342,5153.750,-4637.500,-3045.000,23.895,13941,2044,9022,589,-530,-348,-283,0,0
8072036311,851.682,127.368,547.292,5136.250,-4611.250,-3018.750,23.895,13962,2088,8972,587,-527,-345,-283,0,0
8072045719,852.658,130.052,543.449,5302.500,-4690.000,-2791.250,23.887,13978,2132,8909,606,-536,-319,-285,0,0
8072055134,856.867,127.429,538.630,5267.500,-4935.000,-2563.750,23.887,14047,2089,8830,602,-564,-293,-285,0,0
8072064541,862.418,124.806,533.201,4838.750,-4803.750,-2563.750,23.910,14138,2046,8741,553,-549,-293,-279,0,0
8072073946,863.394,125.172,534.665,4392.500,-4243.750,-2625.000,23.910,14154,2052,8765,502,-485,-300,-279,0,0
8072083361,858.819,124.196,537.044,4200.000,-3535.000,-2485.000,23.879,14079,2036,8804,480,-404,-284,-287,0,0
8072092768,853.512,124.379,542.900,4576.250,-3167.500,-2187.500,23.879,13992,2039,8900,523,-362,-250,-287,0,0
8072102176,850.950,124.379,547.475,4856.250,-3377.500,-2065.000,23.895,13950,2039,8975,555,-386,-236,-283,0,0
8072111584,852.292,125.477,546.926,5118.750,-3762.500,-1846.250,23.895,13972,2057,8966,585,-430,-211,-283,0,0
8072120996,855.769,125.416,543.632,5022.500,-3771.250,-1610.000,23.875,14029,2056,8912,574,-431,-184,-288,0,0
8072130404,860.283,124.501,543.998,5153.750,-3552.500,-1557.500,23.875,14103,2041,8918,589,-406,-178,-288,0,0
8072139811,859.368,121.329,543.693,5250.000,-3307.500,-1627.500,23.883,14088,1989,8913,600,-378,-186,-286,0,0
8072149225,857.416,118.645,543.449,5118.750,-3290.000,-1951.250,23.883,14056,1945,8909,585,-376,-223,-286,0,0
8072158633,856.196,119.011,546.255,4795.000,-3307.500,-2353.750,23.898,14036,1951,8955,548,-378,-269,-282,0,0
8072168040,857.416,119.255,547.841,4786.250,-3447.500,-2616.250,23.898,14056,1955,8981,547,-394,-299,-282,0,0
8072177455,858.514,119.255,544.913,4970.000,-3666.250,-2782.500,23.891,14074,1955,8933,568,-419,-318,-284,0,0
8072186861,859.246,119.438,542.046,4943.750,-3710.000,-2992.500,23.891,14086,1958,8886,565,-424,-342,-284,0,0
8072196268,856.745,122.183,539.606,4655.000,-3666.250,-3325.000,23.891,14045,2003,8846,532,-419,-380,-284,0,0
8072205682,854.854,125.172,542.900,4383.750,-3465.000,-3430.000,23.891,14014,2052,8900,501,-396,-392,-284,0,0
8072215088,852.109,125.904,546.011,4235.000,-3150.000,-3403.750,23.914,13969,2064,8951,484,-360,-389,-278,0,0
8072224496,848.449,125.843,549.671,4208.750,-3036.250,-3255.000,23.914,13909,2063,9011,481,-347,-372,-278,0,0
8072233910,846.619,126.514,553.758,4541.250,-3368.750,-3027.500,23.910,13879,2074,9078,519,-385,-346,-279,0,0
8072243318,848.449,125.904,554.063,4795.000,-3797.500,-2765.000,23.910,13909,2064,9083,548,-434,-316,-279,0,0
8072252726,852.841,125.172,548.085,4882.500,-4051.250,-2581.250,23.910,13981,2052,8985,558,-463,-295,-279,0,0
8072262134,854.305,125.965,542.473,5022.500,-4060.000,-2318.750,23.910,14005,2065,8893,574,-464,-265,-279,0,0
8072271548,854.915,125.538,542.839,5232.500,-3762.500,-2082.500,23.883,14015,2058,8899,598,-430,-238,-286,0,0
8072280955,858.514,122.793,541.497,5197.500,-3631.250,-1960.000,23.883,14074,2013,8877,594,-415,-224,-286,0,0
8072290363,859.978,119.743,538.020,4943.750,-3500.000,-2065.000,23.879,14098,1963,8820,565,-400,-236,-287,0,0
8072299776,858.941,119.133,538.020,4742.500,-3290.000,-2485.000,23.879,14081,1953,8820,542,-376,-284,-287,0,0
8072309184,856.135,119.926,547.902,4462.500,-3071.250,-2861.250,23.906,14035,1966,8982,510,-351,-327,-280,0,0
8072318591,854.915,122.305,553.880,4436.250,-3158.750,-3115.000,23.906,14015,2005,9080,507,-361,-356,-280,0,0
8072327998,853.329,124.257,548.451,4480.000,-3421.250,-3307.500,23.891,13989,2037,8991,512,-391,-378,-284,0,0
8072337414,848.876,125.538,547.048,4305.000,-3535.000,-3036.250,23.891,13916,2058,8968,492,-404,-347,-284,0,0
8072346821,848.937,128.405,545.706,4462.500,-3780.000,-2826.250,23.883,13917,2105,8946,510,-432,-323,-286,0,0
8072356229,850.218,126.819,545.584,4541.250,-3771.250,-2590.000,23.883,13938,2079,8944,519,-431,-296,-286,0,0
8072365642,852.292,126.087,548.146,4725.000,-3727.500,-2467.500,23.875,13972,2067,8986,540,-426,-282,-288,0,0
8072375049,855.891,126.087,547.170,4742.500,-3683.750,-2380.000,23.875,14031,2067,8970,542,-421,-272,-288,0,0
8072384456,859.063,123.098,545.828,4707.500,-3535.000,-2283.750,23.906,14083,2018,8948,538,-404,-261,-280,0,0
8072393864,857.050,120.475,543.083,4628.750,-3368.750,-2406.250,23.906,14050,1975,8903,529,-385,-275,-280,0,0
8072403278,853.024,120.048,543.205,4515.000,-3185.000,-2721.250,23.902,13984,1968,8905,516,-364,-311,-281,0,0
8072412686,850.889,121.817,550.403,4471.250,-3176.250,-3045.000,23.902,13949,1997,9023,511,-363,-348,-281,0,0
8072422093,849.425,122.427,555.527,4488.750,-3438.750,-3088.750,23.895,13925,2007,9107,513,-393,-353,-283,0,0
8072431507,848.876,123.220,557.845,4725.000,-3780.000,-2957.500,23.895,13916,2020,9145,540,-432,-338,-283,0,0
8072440915,847.961,122.366,556.625,4970.000,-4217.500,-2878.750,23.891,13901,2006,9125,568,-482,-329,-284,0,0
8072450321,848.144,126.392,550.708,5311.250,-4558.750,-2607.500,23.891,13904,2072,9028,607,-521,-298,-284,0,0
8072459735,847.229,129.442,543.449,5652.500,-4760.000,-2257.500,23.887,13889,2122,8909,646,-544,-258,-285,0,0
8072469143,851.133,130.174,540.887,5451.250,-4830.000,-1925.000,23.887,13953,2134,8867,623,-552,-220,-285,0,0
8072478549,856.928,129.259,539.545,5145.000,-4690.000,-1583.750,23.867,14048,2119,8845,588,-536,-181,-290,0,0
8072487957,859.612,125.294,540.765,4672.500,-4375.000,-1391.250,23.867,14092,2054,8865,534,-500,-159,-290,0,0
8072497370,859.368,121.146,543.205,4296.250,-3963.750,-1531.250,23.871,14088,1986,8905,491,-453,-175,-289,0,0
8072506778,857.965,119.987,545.645,4270.000,-3648.750,-1575.000,23.871,14065,1967,8945,488,-417,-180,-289,0,0
8072516186,856.562,119.011,548.939,4593.750,-3473.750,-1680.000,23.895,14042,1951,8999,525,-397,-192,-283,0,0
8072525598,853.573,117.242,549.488,4690.000,-3526.250,-1898.750,23.895,13993,1922,9008,536,-403,-217,-283,0,0
8072535006,850.096,118.645,550.586,4777.500,-3823.750,-2283.750,23.879,13936,1945,9026,546,-437,-261,-287,0,0
8072544414,849.486,123.891,548.878,4786.250,-4200.000,-2607.500,23.879,13926,2031,8998,547,-480,-298,-287,0,0
8072553828,851.072,127.795,546.987,4987.500,-4453.750,-2686.250,23.895,13952,2095,8967,570,-509,-307,-283,0,0
8072563236,856.013,132.492,543.815,5250.000,-4401.250,-2458.750,23.895,14033,2172,8915,600,-503,-281,-283,0,0
8072572642,856.806,131.516,542.595,5048.750,-4060.000,-2205.000,23.883,14046,2156,8895,577,-464,-252,-286,0,0
8072582050,854.305,127.002,544.669,4672.500,-3771.250,-2161.250,23.883,14005,2082,8929,534,-431,-247,-286,0,0
8072591464,852.231,121.939,547.231,4331.250,-3911.250,-2336.250,23.887,13971,1999,8971,495,-447,-267,-285,0,0
8072600871,852.231,121.085,545.828,4357.500,-4252.500,-2450.000,23.887,13971,1985,8948,498,-486,-280,-285,0,0
8072610279,853.817,121.268,546.377,4331.250,-4261.250,-2423.750,23.883,13997,1988,8957,495,-487,-277,-286,0,0
8072619693,851.865,120.292,553.392,4340.000,-3963.750,-2327.500,23.883,13965,1972,9072,496,-453,-266,-286,0,0
8072629101,850.645,118.340,557.174,4497.500,-4068.750,-2187.500,23.906,13945,1940,9134,514,-465,-250,-280,0,0
8072638507,847.595,116.815,553.941,4751.250,-4698.750,-2152.500,23.906,13895,1915,9081,543,-537,-246,-280,0,0
8072647922,851.804,118.889,546.438,5101.250,-5293.750,-2248.750,23.879,13964,1949,8958,583,-605,-257,-287,0,0
8072657329,857.660,123.769,539.789,5215.000,-5355.000,-2257.500,23.879,14060,2029,8849,596,-612,-258,-287,0,0
8072666736,863.699,125.538,536.068,5145.000,-4882.500,-2266.250,23.859,14159,2058,8788,588,-558,-259,-292,0,0
8072676150,865.041,125.965,536.678,4821.250,-4252.500,-2283.750,23.859,14181,2065,8798,551,-486,-261,-292,0,0
8072685556,862.479,122.854,537.593,4357.500,-3675.000,-2476.250,23.875,14139,2014,8813,498,-420,-283,-288,0,0
8072694964,857.416,119.133,541.070,4016.250,-3412.500,-2721.250,23.875,14056,1953,8870,459,-390,-311,-288,0,0
8072704378,853.024,119.499,550.220,3990.000,-3246.250,-3018.750,23.898,13984,1959,9020,456,-371,-345,-282,0,0
8072713785,850.218,119.316,555.771,4147.500,-3421.250,-3141.250,23.898,13938,1956,9111,474,-391,-359,-282,0,0
8072723193,848.937,119.987,556.442,4646.250,-3692.500,-3106.250,23.879,13917,1967,9122,531,-422,-355,-287,0,0
8072732600,848.022,118.096,552.416,4698.750,-4025.000,-3228.750,23.879,13902,1936,9056,537,-460,-369,-287,0,0
8072742015,848.510,124.379,551.623,4978.750,-4270.000,-3325.000,23.867,13910,2039,9043,569,-488,-380,-290,0,0
8072751421,848.144,129.625,548.390,5215.000,-4480.000,-3088.750,23.867,13904,2125,8990,596,-512,-353,-290,0,0
8072760828,850.096,132.065,542.168,5416.250,-4567.500,-2598.750,23.887,13936,2165,8888,619,-522,-297,-285,0,0
8072770243,853.085,129.930,543.022,5180.000,-4392.500,-2283.750,23.887,13985,2130,8902,592,-502,-261,-285,0,0
8072779650,855.647,127.978,545.096,4576.250,-4261.250,-2205.000,23.883,14027,2098,8936,523,-487,-252,-286,0,0
8072789058,854.366,126.392,549.549,4156.250,-4156.250,-2161.250,23.883,14006,2072,9009,475,-475,-247,-286,0,0
8072798471,851.560,123.525,550.952,4296.250,-4392.500,-2196.250,23.887,13960,2025,9032,491,-502,-251,-285,0,0
8072807879,852.414,122.854,546.255,4427.500,-4795.000,-2222.500,23.887,13974,2014,8955,506,-548,-254,-285,0,0
8072817286,857.538,120.841,542.656,4698.750,-4873.750,-2292.500,23.871,14058,1981,8896,537,-557,-262,-289,0,0
8072826693,859.917,120.475,539.423,4943.750,-4672.500,-2380.000,23.871,14097,1975,8843,565,-534,-272,-289,0,0
8072836108,858.636,121.512,537.227,5075.000,-4445.000,-2485.000,23.883,14076,1992,8807,580,-508,-284,-286,0,0
8072845514,858.331,122.671,537.044,5075.000,-4217.500,-2633.750,23.883,14071,2011,8804,580,-482,-301,-286,0,0
8072854921,858.209,127.612,539.362,5031.250,-3876.250,-2572.500,23.871,14069,2092,8842,575,-443,-294,-289,0,0
8072864336,856.745,128.161,541.924,4751.250,-3552.500,-2388.750,23.871,14045,2101,8884,543,-406,-273,-289,0,0
8072873744,854.854,125.050,544.303,4523.750,-3246.250,-2143.750,23.883,14014,2050,8923,517,-371,-245,-286,0,0
8072883151,853.268,121.024,547.475,4480.000,-3088.750,-2030.000,23.883,13988,1984,8975,512,-353,-232,-286,0,0
8072892565,848.388,121.207,551.745,4558.750,-3193.750,-2038.750,23.898,13908,1987,9045,521,-365,-233,-282,0,0
8072901972,847.534,123.952,554.246,4786.250,-3386.250,-1960.000,23.898,13894,2032,9086,547,-387,-224,-282,0,0
8072911378,850.645,123.220,557.784,5031.250,-3657.500,-1776.250,23.863,13945,2020,9144,575,-418,-203,-291,0,0
8072920792,851.804,118.645,556.564,4978.750,-4103.750,-1723.750,23.863,13964,1945,9124,569,-469,-197,-291,0,0
8072930200,851.926,115.229,549.976,4996.250,-4567.500,-1898.750,23.871,13966,1889,9016,571,-522,-217,-289,0,0
8072939607,852.597,117.669,541.741,5092.500,-4812.500,-2187.500,23.871,13977,1929,8881,582,-550,-250,-289,0,0
8072949015,857.965,123.708,540.521,5267.500,-4873.750,-2310.000,23.871,14065,2028,8861,602,-557,-264,-289,0,0
8072958428,861.442,126.697,536.190,5258.750,-4707.500,-2292.500,23.871,14122,2077,8790,601,-538,-262,-289,0,0
8072967835,860.649,126.453,533.750,4926.250,-4138.750,-2248.750,23.906,14109,2073,8750,563,-473,-257,-280,0,0
8072977243,859.490,127.978,535.702,4620.000,-3622.500,-2327.500,23.906,14090,2098,8782,528,-414,-266,-280,0,0
8072986656,858.026,130.296,539.362,4392.500,-3333.750,-2283.750,23.871,14066,2136,8842,502,-381,-261,-289,0,0
8072996065,855.952,128.588,542.351,4436.250,-3080.000,-2135.000,23.871,14032,2108,8891,507,-352,-244,-289,0,0
8073005471,850.096,127.246,545.523,4366.250,-2808.750,-1968.750,23.875,13936,2086,8943,499,-321,-225,-288,0,0
8073014885,848.571,124.806,553.758,4156.250,-2878.750,-2047.500,23.875,13911,2046,9078,475,-329,-234,-288,0,0
8073024293,852.109,121.512,557.540,4322.500,-3342.500,-2012.500,23.848,13969,1992,9140,494,-382,-230,-295,0,0
8073033700,853.512,117.059,551.989,4348.750,-3780.000,-2065.000,23.848,13992,1919,9049,497,-432,-236,-295,0,0
8073043114,850.950,114.375,548.695,4436.250,-3832.500,-2345.000,23.918,13950,1875,8995,507,-438,-268,-277,0,0
8073052520,851.255,117.852,552.477,4760.000,-3885.000,-2476.250,23.918,13955,1932,9057,544,-444,-283,-277,0,0
8073061928,853.512,119.499,553.209,5127.500,-4147.500,-2345.000,23.902,13992,1959,9069,586,-474,-268,-281,0,0
8073071343,854.488,118.706,547.597,5206.250,-4418.750,-2178.750,23.902,14008,1946,8977,595,-505,-249,-281,0,0
8073080750,854.061,117.913,543.937,4847.500,-4331.250,-2170.000,23.914,14001,1933,8917,554,-495,-248,-278,0,0
8073090157,857.599,119.194,547.658,4795.000,-4252.500,-2257.500,23.914,14059,1954,8978,548,-486,-258,-278,0,0
8073099571,861.930,118.645,546.804,4865.000,-4217.500,-2310.000,23.938,14130,1945,8964,556,-482,-264,-272,0,0
8073108978,859.612,116.327,541.741,5048.750,-3946.250,-2581.250,23.938,14092,1907,8881,577,-451,-295,-272,0,0
8073118385,854.366,118.706,542.900,4943.750,-3832.500,-3053.750,23.910,14006,1946,8900,565,-438,-349,-279,0,0
8073127792,854.183,124.501,547.170,4856.250,-3937.500,-3325.000,23.910,14003,2041,8970,555,-450,-380,-279,0,0
8073137207,855.830,125.416,543.632,4865.000,-3911.250,-3176.250,23.910,14030,2056,8912,556,-447,-363,-279,0,0
8073146614,853.207,123.952,542.107,4795.000,-3657.500,-3010.000,23.910,13987,2032,8887,548,-418,-344,-279,0,0
8073156022,848.571,122.183,551.501,4453.750,-3465.000,-3097.500,23.906,13911,2003,9041,509,-396,-354,-280,0,0
8073165435,845.460,123.708,560.468,4103.750,-3850.000,-3176.250,23.906,13860,2028,9188,469,-440,-363,-280,0,0
8073174842,843.752,124.867,561.505,4165.000,-4480.000,-2861.250,23.910,13832,2047,9205,476,-512,-327,-279,0,0
8073184250,845.399,124.379,558.333,4506.250,-5040.000,-2537.500,23.910,13859,2039,9153,515,-576,-290,-279,0,0
8073193664,849.547,122.122,553.148,5241.250,-5442.500,-2187.500,23.902,13927,2002,9068,599,-622,-250,-281,0,0
8073203072,855.281,123.586,542.656,5643.750,-5678.750,-2038.750,23.902,14021,2026,8896,645,-649,-233,-281,0,0
8073212478,858.941,125.233,533.201,5600.000,-5547.500,-2091.250,23.871,14081,2053,8741,640,-634,-239,-289,0,0
8073221892,863.455,127.002,529.968,5372.500,-5101.250,-2082.500,23.871,14155,2082,8688,614,-583,-238,-289,0,0
8073231300,869.311,124.440,530.578,5057.500,-4488.750,-2082.500,23.887,14251,2040,8698,578,-513,-238,-285,0,0
8073240707,868.762,120.780,529.724,4725.000,-3771.250,-2205.000,23.887,14242,1980,8684,540,-431,-252,-285,0,0
8073250114,861.869,117.364,529.602,4305.000,-3062.500,-2598.750,23.898,14129,1924,8682,492,-350,-297,-282,0,0
8073259528,854.183,121.390,544.242,3736.250,-2476.250,-3158.750,23.898,14003,1990,8922,427,-283,-361,-282,0,0
8073268935,849.303,125.965,557.723,3745.000,-2485.000,-3281.250,23.891,13923,2065,9143,428,-284,-375,-284,0,0
8073278342,845.521,127.734,561.200,4313.750,-2948.750,-2843.750,23.891,13861,2094,9200,493,-337,-325,-284,0,0
8073287757,843.447,124.684,558.943,4725.000,-3447.500,-2336.250,23.926,13827,2044,9163,540,-394,-267,-275,0,0
8073297164,842.837,122.671,557.967,4996.250,-3981.250,-2196.250,23.926,13817,2011,9147,571,-455,-251,-275,0,0
8073306570,844.118,125.782,554.856,5215.000,-4681.250,-2231.250,23.879,13838,2062,9096,596,-535,-255,-287,0,0
8073315983,849.730,129.564,545.584,5433.750,-5258.750,-2213.750,23.879,13930,2124,8944,621,-601,-253,-287,0,0
8073325390,856.135,132.370,538.142,5442.500,-5355.000,-2065.000,23.910,14035,2170,8822,622,-612,-236,-279,0,0
8073334804,861.564,129.930,535.702,5127.500,-5048.750,-1723.750,23.910,14124,2130,8782,586,-577,-197,-279,0,0
8073344211,864.187,125.050,533.750,4681.250,-4445.000,-1382.500,23.910,14167,2050,8750,535,-508,-158,-279,0,0
8073353618,862.357,118.584,533.140,4261.250,-3710.000,-1321.250,23.910,14137,1944,8740,487,-424,-151,-279,0,0
8073363032,861.076,114.985,540.277,4156.250,-3097.500,-1522.500,23.922,14116,1885,8857,475,-354,-174,-276,0,0
8073372439,859.063,113.887,551.928,4112.500,-2826.250,-1872.500,23.922,14083,1867,9048,470,-323,-214,-276,0,0
8073381846,853.756,115.778,556.076,4252.500,-3018.750,-2082.500,23.930,13996,1898,9116,486,-345,-238,-274,0,0
8073391261,849.852,118.523,554.734,4620.000,-3360.000,-2047.500,23.930,13932,1943,9094,528,-384,-234,-274,0,0
8073400668,848.754,121.634,550.342,4935.000,-3508.750,-2003.750,23.949,13914,1994,9022,564,-401,-229,-269,0,0
8073410076,849.913,122.183,546.987,5267.500,-3911.250,-1960.000,23.949,13933,2003,8967,602,-447,-224,-269,0,0
8073419484,854.122,124.440,541.741,5101.250,-4182.500,-2082.500,23.895,14002,2040,8881,583,-478,-238,-283,0,0
8073428896,855.830,124.623,538.752,4602.500,-4156.250,-2170.000,23.895,14030,2043,8832,526,-475,-248,-283,0,0
8073438303,858.575,122.671,542.839,4322.500,-3823.750,-2178.750,23.918,14075,2011,8899,494,-437,-249,-277,0,0
8073447711,858.209,120.780,546.743,4208.750,-3631.250,-2248.750,23.918,14069,1980,8963,481,-415,-257,-277,0,0
8073457125,856.318,116.937,549.061,4270.000,-3535.000,-2283.750,23.891,14038,1917,9001,488,-404,-261,-284,0,0
8073466532,854.244,115.656,550.037,4340.000,-3430.000,-2380.000,23.891,14004,1896,9017,496,-392,-272,-284,0,0
8073475939,851.072,115.229,554.124,4611.250,-3438.750,-2598.750,23.930,13952,1889,9084,527,-393,-297,-274,0,0
8073485354,849.852,116.388,552.965,4856.250,-3946.250,-2712.500,23.930,13932,1908,9065,555,-451,-310,-274,0,0
8073494761,854.488,118.218,547.841,5153.750,-4261.250,-2572.500,23.930,14008,1938,8981,589,-487,-294,-274,0,0
8073504167,856.501,122.854,542.839,5250.000,-4287.500,-2546.250,23.930,14041,2014,8899,600,-490,-291,-274,0,0
8073513582,857.355,123.830,539.118,5311.250,-4025.000,-2555.000,23.922,14055,2030,8838,607,-460,-292,-276,0,0
8073522988,859.063,124.379,539.362,4908.750,-3876.250,-2756.250,23.922,14083,2039,8842,561,-443,-315,-276,0,0
8073532397,856.440,125.111,541.741,4436.250,-3876.250,-2940.000,23.906,14040,2051,8881,507,-443,-336,-280,0,0
8073541803,853.695,125.172,543.388,3937.500,-3692.500,-3053.750,23.906,13995,2052,8908,450,-422,-349,-280,0,0
8073551218,852.048,126.331,548.756,3998.750,-3500.000,-2957.500,23.848,13968,2071,8996,457,-400,-338,-295,0,0
8073560626,851.987,123.220,555.039,4348.750,-3438.750,-2703.750,23.848,13967,2020,9099,497,-393,-309,-295,0,0
8073570032,850.218,119.560,554.978,4786.250,-3648.750,-2581.250,23.898,13938,1960,9098,547,-417,-295,-282,0,0
8073579448,848.632,119.438,551.806,5092.500,-4042.500,-2686.250,23.898,13912,1958,9046,582,-462,-307,-282,0,0
8073588854,848.632,122.427,547.109,5180.000,-4488.750,-2712.500,23.891,13912,2007,8969,592,-513,-310,-284,0,0
8073598261,851.560,126.392,541.009,5381.250,-4523.750,-2415.000,23.891,13960,2072,8869,615,-517,-276,-284,0,0
8073607675,856.806,127.368,536.922,5372.500,-4322.500,-1960.000,23.852,14046,2088,8802,614,-494,-224,-294,0,0
8073617082,859.551,123.586,538.752,5197.500,-3858.750,-1575.000,23.852,14091,2026,8832,594,-441,-180,-294,0,0
8073626490,860.161,117.730,540.094,4821.250,-3430.000,-1478.750,23.871,14101,1930,8854,551,-392,-169,-289,0,0
8073635903,858.697,115.290,543.144,4515.000,-3211.250,-1697.500,23.871,14077,1890,8904,516,-367,-194,-289,0,0
8073645310,855.037,116.205,549.549,4348.750,-3167.500,-2108.750,23.871,14017,1905,9009,497,-362,-241,-289,0,0
8073654717,855.525,118.889,556.198,4471.250,-3062.500,-2301.250,23.871,14025,1949,9118,511,-350,-263,-289,0,0
8073664130,848.571,121.085,561.200,5005.000,-2870.000,-2240.000,23.891,13911,1985,9200,572,-328,-256,-284,0,0
8073673538,844.972,121.146,558.699,5530.000,-3281.250,-2143.750,23.891,13852,1986,9159,632,-375,-245,-284,0,0
8073682944,837.530,124.867,550.403,5897.500,-3902.500,-2196.250,23.852,13730,2047,9023,674,-446,-251,-294,0,0
8073692357,848.632,129.076,543.266,6011.250,-4873.750,-1960.000,23.852,13912,2116,8906,687,-557,-224,-294,0,0
8073701765,859.063,128.771,533.567,5503.750,-5302.500,-1968.750,23.879,14083,2111,8747,629,-606,-225,-287,0,0
8073711172,867.115,126.331,529.236,5118.750,-4567.500,-1785.000,23.879,14215,2071,8676,585,-522,-204,-287,0,0
8073720585,868.945,123.647,530.822,4777.500,-3456.250,-1750.000,23.859,14245,2027,8702,546,-395,-200,-292,0,0
8073729992,864.187,120.353,536.312,4593.750,-2528.750,-1916.250,23.859,14167,1973,8792,525,-289,-219,-292,0,0
8073739400,859.002,118.462,544.120,4322.500,-2152.500,-2310.000,23.875,14082,1942,8920,494,-246,-264,-288,0,0
8073748814,852.414,118.584,549.854,4007.500,-2222.500,-2712.500,23.875,13974,1944,9014,458,-254,-310,-288,0,0
8073758222,844.057,120.292,554.490,3981.250,-2450.000,-3036.250,23.895,13837,1972,9090,455,-280,-347,-283,0,0
8073767634,841.312,124.013,560.041,4243.750,-2896.250,-3018.750,23.895,13792,2033,9181,485,-331,-345,-283,0,0
8073777041,841.434,125.782,558.333,4768.750,-3447.500,-2572.500,23.883,13794,2062,9153,545,-394,-294,-286,0,0
8073786449,844.667,125.538,553.392,5075.000,-3876.250,-2135.000,23.883,13847,2058,9072,580,-443,-244,-286,0,0
8073795856,850.279,123.403,547.658,4952.500,-3972.500,-1811.250,23.910,13939,2023,8978,566,-454,-207,-279,0,0
8073805271,855.098,122.183,546.865,4821.250,-3806.250,-1776.250,23.910,14018,2003,8965,551,-435,-203,-279,0,0
8073814677,852.902,120.109,549.854,4655.000,-3193.750,-1890.000,23.883,13982,1969,9014,532,-365,-216,-286,0,0
8073824090,855.037,120.475,558.638,4637.500,-2878.750,-1662.500,23.883,14017,1975,9158,530,-329,-190,-286,0,0
8073833497,855.952,117.974,556.747,4777.500,-3377.500,-1601.250,23.852,14032,1934,9127,546,-386,-183,-294,0,0
8073842903,862.418,118.035,544.791,4812.500,-3797.500,-2117.500,23.852,14138,1935,8931,550,-434,-242,-294,0,0
8073852317,863.211,119.743,534.604,4970.000,-3027.500,-2563.750,23.855,14151,1963,8764,568,-346,-293,-293,0,0
8073861725,864.980,124.379,534.055,5372.500,-1557.500,-2703.750,23.855,14180,2039,8755,614,-178,-309,-293,0,0
8073871132,861.564,129.564,539.118,5635.000,-245.000,-2896.250,23.863,14124,2124,8838,644,-28,-331,-291,0,0
8073880540,893.955,136.091,515.023,5696.250,1461.250,-2800.000,23.863,14655,2231,8443,651,167,-320,-291,0,0
8073889953,946.293,124.379,464.515,5547.500,7437.500,-2870.000,23.879,15513,2039,7615,634,850,-328,-287,0,0
8073899361,987.468,127.246,465.918,4051.250,18182.500,-4340.000,23.879,16188,2086,7638,463,2078,-496,-287,0,0
8073908775,1002.291,129.320,478.545,2240.000,32716.250,-6090.000,23.875,16431,2120,7845,256,3739,-696,-288,0,0
8073918182,991.006,143.289,461.587,2782.500,51896.250,-7113.750,23.875,16246,2349,7567,318,5931,-813,-288,0,0
8073927590,1015.589,192.272,422.425,7087.500,77262.500,-5897.500,23.867,16649,3152,6925,810,8830,-674,-290,0,0
8073936997,1032.425,233.020,426.329,9948.750,107353.750,-3158.750,23.867,16925,3820,6989,1137,12269,-361,-290,0,0
8073946411,1034.987,221.735,480.985,10123.750,137698.750,-1391.250,23.871,16967,3635,7885,1157,15737,-159,-289,0,0
8073955818,937.570,211.670,604.998,4016.250,163117.500,-2213.750,23.871,15370,3470,9918,459,18642,-253,-289,0,0
8073965225,845.826,152.073,688.019,-6282.500,179016.250,-6763.750,23.848,13866,2493,11279,-718,20459,-773,-295,0,0
8073974633,757.254,95.099,611.464,-13308.750,196743.750,-11340.000,23.848,12414,1559,10024,-1521,22485,-1296,-295,0,0
8073984046,581.574,128.039,819.047,-17211.250,222302.500,-13265.000,23.895,9534,2099,13427,-1967,25406,-1516,-283,0,0
8073993453,341.539,158.173,1303.265,-20580.000,232925.000,-15855.000,23.895,5599,2593,21365,-2352,26620,-1812,-283,0,0
8074002868,174.704,96.075,1670.119,-17867.500,207366.250,-17858.750,23.883,2864,1575,27379,-2042,23699,-2041,-286,0,0
8074012275,190.564,-9.455,1695.922,-6930.000,156870.000,-20510.000,23.883,3124,-155,27802,-792,17928,-2344,-286,0,0
8074021682,245.769,-71.431,1489.742,9415.000,107161.250,-29680.000,23.867,4029,-1171,24422,1076,12247,-3392,-290,0,0
8074031095,315.126,-54.961,1237.629,26967.500,70735.000,-40871.250,23.867,5166,-901,20289,3082,8084,-4671,-290,0,0
8074040503,412.848,9.028,1002.474,43513.750,50820.000,-49717.500,23.859,6768,148,16434,4973,5808,-5682,-292,0,0
8074049910,543.388,81.557,733.586,55440.000,48256.250,-55965.000,23.859,8908,1337,12026,6336,5515,-6396,-292,0,0
8074059324,654.713,133.102,450.973,62011.250,68328.750,-60007.500,23.891,10733,2182,7393,7087,7809,-6858,-284,0,0
8074068732,640.439,150.975,220.820,66823.750,112052.500,-60873.750,23.891,10499,2475,3620,7637,12806,-6957,-284,0,0
8074078140,585.539,205.326,116.815,65808.750,169793.750,-58957.500,23.879,9599,3366,1915,7521,19405,-6738,-287,0,0
8074087547,450.912,265.350,231.617,62641.250,228278.750,-51353.750,23.879,7392,4350,3797,7159,26089,-5869,-287,0,0
8074096960,263.215,366.671,354.654,58248.750,265973.750,-45736.250,23.891,4315,6011,5814,6657,30397,-5227,-284,0,0
8074106367,-12.505,497.455,352.031,44415.000,286020.000,-31657.500,23.891,-205,8155,5771,5076,32688,-3618,-284,0,0
8074115774,-104.981,541.741,387.289,27090.000,286685.000,-3955.000,23.859,-1721,8881,6349,3096,32764,-452,-292,0,0
8074125188,-111.203,540.399,423.767,988.750,286685.000,16511.250,23.859,-1823,8859,6947,113,32764,1887,-292,0,0
8074134594,-185.013,447.496,512.217,-35630.000,286685.000,34728.750,23.906,-3033,7336,8397,-4072,32764,3969,-280,0,0
8074144008,-204.716,350.445,630.191,-68232.500,286685.000,49910.000,23.906,-3356,5745,10331,-7798,32764,5704,-280,0,0
8074153414,-213.744,249.368,771.772,-93826.250,286685.000,60602.500,23.871,-3504,4088,12652,-10723,32764,6926,-289,0,0
8074162821,-255.163,142.679,898.286,-109698.750,286685.000,66780.000,23.871,-4183,2339,14726,-12537,32764,7632,-289,0,0
8074172236,-239.730,109.678,968.375,-110731.250,286685.000,72800.000,23.898,-3930,1798,15875,-12655,32764,8320,-282,0,0
8074181642,-253.150,46.909,940.010,-96180.000,286685.000,82932.500,23.898,-4150,769,15410,-10992,32764,9478,-282,0,0
8074191049,-223.504,13.725,863.577,-72975.000,282992.500,92251.250,23.883,-3664,225,14157,-8340,32342,10543,-286,0,0
8074200463,-187.941,-2.013,767.685,-55921.250,271722.500,94447.500,23.883,-3081,-33,12585,-6391,31054,10794,-286,0,0
8074209870,-172.081,-9.699,680.821,-49551.250,269211.250,90028.750,23.859,-2821,-159,11161,-5663,30767,10289,-292,0,0
8074219283,-161.345,-16.714,642.208,-49140.000,277375.000,82600.000,23.859,-2645,-274,10528,-5616,31700,9440,-292,0,0
8074228690,-195.871,-26.901,655.079,-53287.500,285853.750,72467.500,23.871,-3211,-441,10739,-6090,32669,8282,-289,0,0
8074238096,-285.541,-38.125,697.352,-58817.500,286685.000,62947.500,23.871,-4681,-625,11432,-6722,32764,7194,-289,0,0
8074247510,-408.578,-50.691,749.202,-64093.750,286685.000,54888.750,23.910,-6698,-831,12282,-7325,32764,6273,-279,0,0
8074256917,-518.256,-65.392,793.244,-68285.000,286685.000,48431.250,23.910,-8496,-1072,13004,-7804,32764,5535,-279,0,0
8074266324,-623.603,-61.000,832.467,-70752.500,285985.000,40932.500,23.855,-10223,-1000,13647,-8086,32684,4678,-293,0,0
8074275739,-709.369,-42.883,877.607,-76133.750,274863.750,32147.500,23.855,-11629,-703,14387,-8701,31413,3674,-293,0,0
8074285145,-738.954,-38.064,924.089,-82888.750,254686.250,25698.750,23.844,-12114,-624,15149,-9473,29107,2937,-296,0,0
8074294553,-693.631,-66.002,980.575,-91175.000,234710.000,19923.750,23.844,-11371,-1082,16075,-10420,26824,2277,-296,0,0
8074303967,-601.826,-125.843,1035.658,-97273.750,218251.250,11331.250,23.914,-9866,-2063,16978,-11117,24943,1295,-278,0,0
8074313375,-568.581,-167.323,1092.266,-96617.500,208066.250,822.500,23.914,-9321,-2743,17906,-11042,23779,94,-278,0,0
8074322782,-602.192,-182.451,1130.696,-87062.500,199080.000,-6177.500,23.859,-9872,-2991,18536,-9950,22752,-706,-292,0,0
8074332190,-633.851,-177.327,1142.957,-71531.250,187836.250,-10377.500,23.859,-10391,-2907,18737,-8175,21467,-1186,-292,0,0
8074341603,-684.176,-157.502,1134.173,-53200.000,173477.500,-11480.000,23.891,-11216,-2582,18593,-6080,19826,-1312,-284,0,0
8074351010,-742.370,-111.752,1108.553,-35358.750,156170.000,-9966.250,23.891,-12170,-1832,18173,-4041,17848,-1139,-284,0,0
8074360418,-793.183,-67.893,1066.585,-21901.250,136867.500,-6588.750,23.879,-13003,-1113,17485,-2503,15642,-753,-287,0,0
8074369832,-827.221,-15.433,1016.870,-13422.500,116523.750,-2301.250,23.879,-13561,-253,16670,-1534,13317,-263,-287,0,0
8074379239,-816.546,27.206,957.822,-9747.500,96328.750,3193.750,23.863,-13386,446,15702,-1114,11009,365,-291,0,0
8074388647,-720.471,42.090,897.005,-11025.000,80508.750,8732.500,23.863,-11811,690,14705,-1260,9201,998,-291,0,0
8074398059,-648.735,-504.104,1190.842,-12731.250,-30047.500,-3272.500,23.867,-10635,-8264,19522,-1455,-3434,-374,-290,0,0
8074407467,-18.788,-19.642,377.529,69685.000,-141461.250,5766.250,23.867,-308,-322,6189,7964,-16167,659,-290,0,0
8074416874,-29.036,118.096,318.298,90597.500,-100983.750,5626.250,23.867,-476,1936,5218,10354,-11541,643,-290,0,0
8074426288,-693.021,-650.748,1046.150,33871.250,-112910.000,-24832.500,23.867,-11361,-10668,17150,3871,-12904,-2838,-290,0,0
8074435696,-306.769,-172.874,607.621,57365.000,-134592.500,-33915.000,23.891,-5029,-2834,9961,6556,-15382,-3876,-284,0,0
8074445102,-517.280,-28.670,654.774,67208.750,-120198.750,-37388.750,23.891,-8480,-470,10734,7681,-13737,-4273,-284,0,0
8074454517,-916.830,-29.219,697.230,54477.500,-129858.750,-33320.000,23.875,-15030,-479,11430,6226,-14841,-3808,-288,0,0
8074463924,-683.139,-32.574,792.878,59885.000,-125265.000,-15268.750,23.875,-11199,-534,12998,6844,-14316,-1745,-288,0,0
8074473331,-526.857,131.577,773.602,51485.000,-108193.750,-18077.500,23.867,-8637,2157,12682,5884,-12365,-2066,-290,0,0
8074482739,-589.748,50.691,774.395,50373.750,-101543.750,-11208.750,23.867,-9668,831,12695,5757,-11605,-1281,-290,0,0
8074492154,-563.457,16.836,789.035,43443.750,-97615.000,-15417.500,23.898,-9237,276,12935,4965,-11156,-1762,-282,0,0
8074501560,-566.690,57.950,772.077,46173.750,-87237.500,-17062.500,23.898,-9290,950,12657,5277,-9970,-1950,-282,0,0
8074510967,-489.586,-68.381,915.793,46366.250,-87438.750,-20833.750,23.879,-8026,-1121,15013,5299,-9993,-2381,-287,0,0
8074520382,-453.047,-3.660,846.314,53340.000,-68565.000,-38701.250,23.879,-7427,-60,13874,6096,-7836,-4423,-287,0,0
8074529789,-507.947,-72.163,848.632,59867.500,-66158.750,-45718.750,23.871,-8327,-1183,13912,6842,-7561,-5225,-289,0,0
8074539197,-525.454,-70.943,854.183,56656.250,-66631.250,-52683.750,23.871,-8614,-1163,14003,6475,-7615,-6021,-289,0,0
8074548604,-514.840,-8.601,845.277,47040.000,-63822.500,-59806.250,23.906,-8440,-141,13857,5376,-7294,-6835,-280,0,0
8074558017,-515.084,82.899,849.242,40993.750,-59202.500,-59753.750,23.906,-8444,1359,13922,4685,-6766,-6829,-280,0,0
8074567425,-532.591,101.077,830.210,28385.000,-56778.750,-56831.250,23.887,-8731,1657,13610,3244,-6489,-6495,-285,0,0
8074576838,-568.154,65.331,790.011,11348.750,-59745.000,-52150.000,23.887,-9314,1071,12951,1297,-6828,-5960,-285,0,0
8074586245,-558.638,33.306,799.588,-883.750,-68101.250,-47355.000,23.848,-9158,546,13108,-101,-7783,-5412,-295,0,0
8074595651,-542.656,-2.684,810.385,-8102.500,-77376.250,-42971.250,23.848,-8896,-44,13285,-926,-8843,-4911,-295,0,0
8074605065,-536.983,-31.781,801.540,-9738.750,-86485.000,-39331.250,23.867,-8803,-521,13140,-1113,-9884,-4495,-290,0,0
8074614471,-528.626,-38.552,791.719,-6702.500,-96967.500,-35516.250,23.867,-8666,-632,12979,-766,-11082,-4059,-290,0,0
8074623878,-524.173,-51.301,820.023,-1881.250,-109690.000,-31990.000,23.848,-8593,-841,13443,-215,-12536,-3656,-295,0,0
8074633293,-519.903,-20.923,791.109,1478.750,-122657.500,-29417.500,23.848,-8523,-343,12969,169,-14018,-3362,-295,0,0
8074642699,-470.615,-51.362,832.101,1435.000,-139588.750,-21980.000,23.871,-7715,-842,13641,164,-15953,-2512,-289,0,0
8074652107,-382.165,-43.920,896.212,3360.000,-145538.750,-20580.000,23.871,-6265,-720,14692,384,-16633,-2352,-289,0,0
8074661521,-400.221,-5.795,842.105,3543.750,-149003.750,-15872.500,23.867,-6561,-95,13805,405,-17029,-1814,-290,0,0
8074670928,-315.248,-73.810,970.022,-1207.500,-155172.500,-7428.750,23.867,-5168,-1210,15902,-138,-17734,-849,-290,0,0
8074680335,-235.643,-39.223,1139.724,3045.000,-137235.000,-4821.250,23.879,-3863,-643,18684,348,-15684,-551,-287,0,0
8074689749,-398.757,103.456,1036.878,23336.250,-83483.750,7183.750,23.879,-6537,1696,16998,2667,-9541,821,-287,0,0
8074699157,-313.845,46.543,972.645,26390.000,-50968.750,27090.000,23.867,-5145,763,15945,3016,-5825,3096,-290,0,0
8074708563,-344.589,56.059,1126.060,30922.500,-23056.250,20851.250,23.867,-5649,919,18460,3534,-2635,2383,-290,0,0
8074717977,-332.633,217.221,905.911,38377.500,14857.500,21411.250,23.848,-5453,3561,14851,4386,1698,2447,-295,0,0
8074727385,-265.228,96.502,849.974,24876.250,10596.250,46121.250,23.848,-4348,1582,13934,2843,1211,5271,-295,0,0
8074736792,-228.872,-12.017,929.030,11130.000,-15531.250,47293.750,23.906,-3752,-197,15230,1272,-1775,5405,-280,0,0
8074746200,-216.428,-48.922,938.607,9695.000,-34098.750,33468.750,23.906,-3548,-802,15387,1108,-3897,3825,-280,0,0
8074755614,-215.818,-122.671,966.789,10412.500,-47538.750,19573.750,23.910,-3538,-2011,15849,1190,-5433,2237,-279,0,0
8074765022,-197.213,-73.993,986.675,9222.500,-54687.500,7367.500,23.910,-3233,-1213,16175,1054,-6250,842,-279,0,0
8074774428,-184.830,-55.571,1004.365,7997.500,-50986.250,7288.750,23.836,-3030,-911,16465,914,-5827,833,-298,0,0
8074783842,-168.360,-92.903,1004.975,2187.500,-47486.250,8111.250,23.836,-2760,-1523,16475,250,-5427,927,-298,0,0
8074793250,-221.857,-107.299,988.200,-1312.500,-46305.000,6142.500,23.863,-3637,-1759,16200,-150,-5292,702,-291,0,0
8074802657,-221.430,-52.155,991.921,2581.250,-43960.000,7665.000,23.863,-3630,-855,16261,295,-5024,876,-291,0,0
8074812065,-183.427,-25.986,1038.586,12477.500,-36295.000,9651.250,23.891,-3007,-426,17026,1426,-4148,1103,-284,0,0
8074821478,-212.036,9.272,1007.903,23126.250,-24535.000,6037.500,23.891,-3476,152,16523,2643,-2804,690,-284,0,0
8074830885,-253.821,31.293,961.360,27160.000,-18585.000,3710.000,23.891,-4161,513,15760,3104,-2124,424,-284,0,0
8074840300,-263.886,60.451,953.125,27343.750,-19031.250,1890.000,23.891,-4326,991,15625,3125,-2175,216,-284,0,0
8074849706,-281.332,82.167,937.082,23773.750,-22531.250,-297.500,23.875,-4612,1347,15362,2717,-2575,-34,-288,0,0
8074859114,-257.237,78.263,956.541,17158.750,-27720.000,-1977.500,23.875,-4217,1283,15681,1961,-3168,-226,-288,0,0
8074868528,-215.696,66.368,987.956,11593.750,-29172.500,-3666.250,23.867,-3536,1088,16196,1325,-3334,-419,-290,0,0
8074877935,-198.006,49.837,1006.012,6641.250,-25147.500,-3587.500,23.867,-3246,817,16492,759,-2874,-410,-290,0,0
8074887343,-216.306,30.744,1002.779,2765.000,-18567.500,-1373.750,23.871,-3546,504,16439,316,-2122,-157,-289,0,0
8074896755,-229.665,29.097,983.686,2861.250,-12792.500,-306.250,23.871,-3765,477,16126,327,-1462,-35,-289,0,0
8074906162,-222.162,25.864,980.880,4935.000,-9773.750,-918.750,23.863,-3642,424,16080,564,-1117,-105,-291,0,0
8074915569,-201.117,31.110,994.727,8277.500,-7175.000,-2975.000,23.863,-3297,510,16307,946,-820,-340,-291,0,0
8074924982,-188.795,36.722,1004.914,10500.000,-3762.500,-4856.250,23.871,-3095,602,16474,1200,-430,-555,-289,0,0
8074934390,-192.638,43.188,994.849,10902.500,227.500,-5486.250,23.871,-3158,708,16309,1246,26,-627,-289,0,0
8074943796,-222.040,41.724,976.061,9520.000,3106.250,-4445.000,23.859,-3640,684,16001,1088,355,-508,-292,0,0
8074953210,-240.096,39.955,965.020,8190.000,3858.750,-3176.250,23.859,-3936,655,15820,936,441,-363,-292,0,0
8074962618,-239.425,29.707,967.033,7227.500,2791.250,-1767.500,23.914,-3925,487,15853,826,319,-202,-278,0,0
8074972025,-228.872,26.108,978.684,7927.500,2240.000,-481.250,23.914,-3752,428,16044,906,256,-55,-278,0,0
8074981440,-226.249,22.509,983.869,9345.000,3605.000,1023.750,23.906,-3709,369,16129,1068,412,117,-280,0,0
8074990846,-248.392,22.265,959.225,10395.000,4366.250,3403.750,23.906,-4072,365,15725,1188,499,389,-280,0,0
8075000253,-262.056,27.450,951.600,11795.000,2677.500,5713.750,23.875,-4296,450,15600,1348,306,653,-288,0,0
8075009667,-303.719,30.439,900.238,11235.000,-3998.750,9318.750,23.875,-4979,499,14758,1284,-457,1065,-288,0,0
8075019074,-349.408,40.077,864.797,10893.750,-19346.250,11838.750,23.887,-5728,657,14177,1245,-2211,1353,-285,0,0
8075028481,-419.131,117.669,768.234,10377.500,-45001.250,13650.000,23.887,-6871,1929,12594,1186,-5143,1560,-285,0,0
8075037889,-324.886,240.645,481.168,1758.750,-106636.250,37721.250,23.902,-5326,3945,7888,201,-12187,4311,-281,0,0
8075047303,-398.757,93.391,555.588,-7157.500,-196192.500,84122.500,23.902,-6537,1531,9108,-818,-22422,9614,-281,0,0
8075056710,-378.078,5.124,490.501,-3543.750,-274793.750,112665.000,23.852,-6198,84,8041,-405,-31405,12876,-294,0,0
8075066123,-374.174,-16.653,436.577,8671.250,-286685.000,124468.750,23.852,-6134,-273,7157,991,-32764,14225,-294,0,0
8075075531,-418.582,17.202,844.179,-16012.500,-243136.250,92881.250,23.871,-6862,282,13839,-1830,-27787,10615,-289,0,0
8075084938,-58.926,345.443,312.381,46830.000,-21315.000,-37616.250,23.871,-966,5663,5121,5352,-2436,-4299,-289,0,0
8075094346,-52.765,295.179,25.620,46821.250,-34501.250,-28490.000,23.797,-865,4839,420,5351,-3943,-3256,-308,0,0
8075103760,69.784,121.573,-5.612,-9257.500,-58607.500,1837.500,23.797,1144,1993,-92,-1058,-6698,210,-308,0,0
8075113167,-388.448,-52.338,723.216,-41746.250,30432.500,-5503.750,23.813,-6368,-858,11856,-4771,3478,-629,-304,0,0
8075122574,-62.281,177.144,631.838,4401.250,-1295.000,-1680.000,23.813,-1021,2904,10358,503,-148,-192,-304,0,0
8075131988,2.013,36.905,974.231,4602.500,-4970.000,6991.250,23.867,33,605,15971,526,-568,799,-290,0,0
8075141396,11.346,49.593,1027.179,3403.750,-3132.500,-2021.250,23.867,186,813,16839,389,-358,-231,-290,0,0
8075150803,3.660,70.272,994.544,6361.250,-3911.250,-2345.000,23.859,60,1152,16304,727,-447,-268,-292,0,0
8075160211,11.590,59.170,1042.185,4130.000,-3893.750,-2493.750,23.859,190,970,17085,472,-445,-285,-292,0,0
8075169626,15.433,67.161,970.998,5381.250,-3990.000,-2441.250,23.855,253,1101,15918,615,-456,-279,-293,0,0
8075179032,7.137,48.495,1028.338,4760.000,-3885.000,-2493.750,23.855,117,795,16858,544,-444,-285,-293,0,0
8075188440,11.712,66.612,984.723,6781.250,-3928.750,-2388.750,23.844,192,1092,16143,775,-449,-273,-296,0,0
8075197853,9.699,65.209,1030.473,5696.250,-3893.750,-2493.750,23.844,159,1069,16893,651,-445,-285,-296,0,0
8075207261,11.285,61.244,988.871,5932.500,-3885.000,-2441.250,23.832,185,1004,16211,678,-444,-279,-299,0,0
8075216668,11.041,63.867,1008.147,6098.750,-3902.500,-2502.500,23.832,181,1047,16527,697,-446,-286,-299,0,0
8075226082,9.821,65.026,1009.550,6335.000,-3780.000,-2502.500,23.832,161,1066,16550,724,-432,-286,-299,0,0
8075235490,12.078,61.976,1004.792,6037.500,-3946.250,-2476.250,23.832,198,1016,16472,690,-451,-283,-299,0,0
8075244896,9.516,64.782,1005.646,6291.250,-3815.000,-2493.750,23.859,156,1062,16486,719,-436,-285,-292,0,0
8075254310,12.200,65.880,1001.193,6203.750,-3920.000,-2476.250,23.859,200,1080,16413,709,-448,-283,-292,0,0
8075263717,9.272,64.477,1014.247,6116.250,-3885.000,-2511.250,23.844,152,1057,16627,699,-444,-287,-296,0,0
8075273123,11.102,65.087,998.997,5792.500,-4016.250,-2423.750,23.844,182,1067,16377,662,-459,-277,-296,0,0
8075282538,9.516,62.525,1009.916,5573.750,-3911.250,-2502.500,23.855,156,1025,16556,637,-447,-286,-293,0,0
8075291946,12.139,68.991,1001.437,5880.000,-3893.750,-2476.250,23.855,199,1131,16417,672,-445,-283,-293,0,0
8075301353,9.333,66.856,1014.796,5678.750,-3885.000,-2493.750,23.871,153,1096,16636,649,-444,-285,-289,0,0
8075310761,10.736,67.344,998.936,5591.250,-3937.500,-2406.250,23.871,176,1104,16376,639,-450,-275,-289,0,0
8075320175,10.370,64.050,1007.903,5346.250,-4016.250,-2485.000,23.828,170,1050,16523,611,-459,-284,-300,0,0
8075329581,11.041,68.625,1004.182,5538.750,-3963.750,-2493.750,23.828,181,1125,16462,633,-453,-285,-300,0,0
8075338988,9.699,67.649,1012.173,5188.750,-3928.750,-2476.250,23.824,159,1109,16593,593,-449,-283,-301,0,0
8075348403,10.370,65.636,1000.949,4970.000,-3990.000,-2485.000,23.824,170,1076,16409,568,-456,-284,-301,0,0
8075357810,11.041,64.721,1005.402,4760.000,-3990.000,-2520.000,23.848,181,1061,16482,544,-456,-288,-295,0,0
8075367217,11.712,64.416,1003.328,4917.500,-3998.750,-2520.000,23.848,192,1056,16448,562,-457,-288,-295,0,0
8075376625,10.492,63.928,1006.500,5013.750,-3963.750,-2502.500,23.859,172,1048,16500,573,-453,-286,-292,0,0
8075386039,10.248,61.793,1003.999,5407.500,-3928.750,-2502.500,23.859,168,1013,16459,618,-449,-286,-292,0,0
8075395447,10.187,65.209,1002.962,5967.500,-3885.000,-2520.000,23.902,167,1069,16442,682,-444,-288,-281,0,0
8075404853,10.126,71.248,1006.317,5818.750,-3867.500,-2537.500,23.902,166,1168,16497,665,-442,-290,-281,0,0
8075414267,11.407,65.758,1004.731,5320.000,-3946.250,-2511.250,23.895,187,1078,16471,608,-451,-287,-283,0,0
8075423674,10.004,66.978,1003.511,5565.000,-3955.000,-2485.000,23.895,164,1098,16451,636,-452,-284,-283,0,0
8075433081,10.675,68.442,1003.511,5608.750,-3937.500,-2502.500,23.832,175,1122,16451,641,-450,-286,-299,0,0
8075442496,11.041,65.331,1007.720,5363.750,-3893.750,-2493.750,23.832,181,1071,16520,613,-445,-285,-299,0,0
8075451903,11.773,66.002,1005.219,5556.250,-3893.750,-2520.000,23.852,193,1082,16479,635,-445,-288,-294,0,0
8075461310,10.431,68.259,1003.694,5556.250,-3972.500,-2485.000,23.852,171,1119,16454,635,-454,-284,-294,0,0
8075470724,9.333,66.185,1003.206,5258.750,-3972.500,-2485.000,23.859,153,1085,16446,601,-454,-284,-292,0,0
8075480130,9.150,67.283,1002.413,5285.000,-3963.750,-2467.500,23.859,150,1103,16433,604,-453,-282,-292,0,0
8075489538,10.309,67.222,1004.731,5363.750,-3937.500,-2476.250,23.848,169,1102,16471,613,-450,-283,-295,0,0
8075498952,10.370,68.686,1007.598,5241.250,-3955.000,-2467.500,23.848,170,1126,16518,599,-452,-282,-295,0,0
8075508360,9.699,67.649,1005.280,5127.500,-3998.750,-2450.000,23.855,159,1109,16480,586,-457,-280,-293,0,0
8075517767,11.163,67.893,1001.620,5110.000,-4025.000,-2476.250,23.855,183,1113,16420,584,-460,-283,-293,0,0
8075527175,11.285,68.625,1005.951,5013.750,-3990.000,-2450.000,23.844,185,1125,16491,573,-456,-280,-296,0,0
8075536589,11.224,68.076,1007.659,4882.500,-4033.750,-2476.250,23.844,184,1116,16519,558,-461,-283,-296,0,0
8075545995,10.553,69.235,1006.561,4812.500,-3990.000,-2476.250,23.824,173,1135,16501,550,-456,-283,-301,0,0
8075555403,9.882,68.503,1003.145,4751.250,-3972.500,-2485.000,23.824,162,1123,16445,543,-454,-284,-301,0,0
8075564817,9.333,66.734,1004.914,4812.500,-3998.750,-2458.750,23.844,153,1094,16474,550,-457,-281,-296,0,0
8075574223,10.370,68.015,1007.415,4803.750,-3998.750,-2450.000,23.844,170,1115,16515,549,-457,-280,-296,0,0
8075583631,9.760,67.222,1004.853,4908.750,-3990.000,-2450.000,23.820,160,1102,16473,561,-456,-280,-302,0,0
8075593045,9.638,66.002,1004.670,4900.000,-3998.750,-2441.250,23.820,158,1082,16470,560,-457,-279,-302,0,0
8075602453,9.760,68.320,1007.964,4970.000,-4051.250,-2493.750,23.848,160,1120,16524,568,-463,-285,-295,0,0
8075611860,9.882,68.259,1005.890,4847.500,-3990.000,-2476.250,23.848,162,1119,16490,554,-456,-283,-295,0,0
8075621274,10.248,69.540,1005.219,4970.000,-3981.250,-2441.250,23.863,168,1140,16479,568,-455,-279,-291,0,0
8075630682,10.309,68.015,1005.280,4882.500,-3946.250,-2493.750,23.863,169,1115,16480,558,-451,-285,-291,0,0
8075640088,10.980,68.015,1006.683,4908.750,-4007.500,-2502.500,23.887,180,1115,16503,561,-458,-286,-285,0,0
8075649502,10.065,68.686,1005.707,4943.750,-3990.000,-2476.250,23.887,165,1126,16487,565,-456,-283,-285,0,0
8075658908,10.614,69.601,1006.012,4830.000,-4007.500,-2450.000,23.867,174,1141,16492,552,-458,-280,-290,0,0
8075668315,9.516,67.283,1005.951,4777.500,-3972.500,-2441.250,23.867,156,1103,16491,546,-454,-279,-290,0,0
8075677728,10.614,67.283,1003.938,4751.250,-3990.000,-2485.000,23.867,174,1103,16458,543,-456,-284,-290,0,0
8075687136,9.760,67.161,1003.572,4786.250,-3990.000,-2467.500,23.867,160,1101,16452,547,-456,-282,-290,0,0
8075696549,10.187,67.954,1006.622,4830.000,-4025.000,-2441.250,23.867,167,1114,16502,552,-460,-279,-290,0,0
8075705956,11.163,70.699,1008.147,4725.000,-3981.250,-2423.750,23.867,183,1159,16527,540,-455,-277,-290,0,0
8075715364,11.895,66.612,1006.256,4313.750,-4033.750,-2450.000,23.852,195,1092,16496,493,-461,-280,-294,0,0
8075724771,10.675,67.283,1004.243,4550.000,-4051.250,-2450.000,23.852,175,1103,16463,520,-463,-280,-294,0,0
8075734186,10.370,69.418,1005.280,4585.000,-3998.750,-2432.500,23.887,170,1138,16480,524,-457,-278,-285,0,0
8075743591,11.041,68.747,1007.659,4550.000,-3972.500,-2467.500,23.887,181,1127,16519,520,-454,-282,-285,0,0
8075752999,9.882,67.344,1003.755,4786.250,-4051.250,-2476.250,23.855,162,1104,16455,547,-463,-283,-293,0,0
8075762414,9.455,65.026,1003.572,4865.000,-4016.250,-2458.750,23.855,155,1066,16452,556,-459,-281,-293,0,0
8075771821,10.309,68.320,1004.792,4935.000,-4016.250,-2450.000,23.836,169,1120,16472,564,-459,-280,-298,0,0
8075781228,10.980,68.015,1004.060,4900.000,-4007.500,-2441.250,23.836,180,1115,16460,560,-458,-279,-298,0,0
8075790641,9.943,67.649,1002.657,4935.000,-4033.750,-2450.000,23.855,163,1109,16437,564,-461,-280,-293,0,0
8075800049,10.187,68.015,1003.755,4865.000,-4007.500,-2458.750,23.855,167,1115,16455,556,-458,-281,-293,0,0
8075809456,9.638,69.052,1004.182,4812.500,-4060.000,-2458.750,23.875,158,1132,16462,550,-464,-281,-288,0,0
8075818870,8.784,68.442,1005.524,4812.500,-4016.250,-2458.750,23.875,144,1122,16484,550,-459,-281,-288,0,0
8075828278,10.736,67.283,1004.975,4847.500,-3998.750,-2485.000,23.859,176,1103,16475,554,-457,-284,-292,0,0
8075837684,9.089,70.760,1005.646,4838.750,-3937.500,-2511.250,23.859,149,1160,16486,553,-450,-287,-292,0,0
8075847097,10.248,69.723,1004.792,4812.500,-4016.250,-2502.500,23.848,168,1143,16472,550,-459,-286,-295,0,0
8075856504,10.309,70.089,1004.670,4768.750,-3972.500,-2458.750,23.848,169,1149,16470,545,-454,-281,-295,0,0
8075865917,10.065,68.320,1005.829,4707.500,-3946.250,-2485.000,23.855,165,1120,16489,538,-451,-284,-293,0,0
8075875324,9.272,67.283,1002.962,4663.750,-3981.250,-2476.250,23.855,152,1103,16442,533,-455,-283,-293,0,0
8075884731,9.333,65.453,1002.169,4847.500,-3972.500,-2476.250,23.840,153,1073,16429,554,-454,-283,-297,0,0
8075894145,11.712,66.551,1004.243,5320.000,-3998.750,-2493.750,23.840,192,1091,16463,608,-457,-285,-297,0,0
8075903553,10.553,71.614,1005.585,5171.250,-3990.000,-2493.750,23.820,173,1174,16485,591,-456,-285,-302,0,0
8075912960,10.126,68.991,1004.853,4760.000,-4025.000,-2476.250,23.820,166,1131,16473,544,-460,-283,-302,0,0
8075922367,9.882,69.296,1004.121,4803.750,-4042.500,-2458.750,23.813,162,1136,16461,549,-462,-281,-304,0,0
8075931782,10.187,69.052,1005.402,4707.500,-4016.250,-2467.500,23.813,167,1132,16482,538,-459,-282,-304,0,0
8075941190,9.150,68.991,1006.073,4760.000,-4042.500,-2458.750,23.871,150,1131,16493,544,-462,-281,-289,0,0
8075950597,10.004,69.052,1004.426,4725.000,-4025.000,-2467.500,23.871,164,1132,16466,540,-460,-282,-289,0,0
8075960010,10.187,68.320,1004.548,4795.000,-4042.500,-2493.750,23.852,167,1120,16468,548,-462,-285,-294,0,0
8075969418,9.943,65.697,1007.049,5022.500,-4060.000,-2476.250,23.852,163,1077,16509,574,-464,-283,-294,0,0
8075978825,10.004,71.004,1003.999,5127.500,-4033.750,-2485.000,23.832,164,1164,16459,586,-461,-284,-299,0,0
8075988232,10.614,68.442,1003.084,4856.250,-4016.250,-2458.750,23.832,174,1122,16444,555,-459,-281,-299,0,0
8075997647,10.980,68.015,1003.389,4803.750,-3972.500,-2423.750,23.848,180,1115,16449,549,-454,-277,-295,0,0
8076007053,10.370,68.625,1005.036,4821.250,-3998.750,-2441.250,23.848,170,1125,16476,551,-457,-279,-295,0,0
8076016461,9.455,68.442,1005.158,4698.750,-3998.750,-2423.750,23.828,155,1122,16478,537,-457,-277,-300,0,0
8076025875,10.187,68.381,1003.328,4812.500,-4051.250,-2423.750,23.828,167,1121,16448,550,-463,-277,-300,0,0
8076035282,9.638,68.686,1004.792,4751.250,-3998.750,-2467.500,23.797,158,1126,16472,543,-457,-282,-308,0,0
8076044689,10.492,69.113,1004.975,4795.000,-4025.000,-2441.250,23.797,172,1133,16475,548,-460,-279,-308,0,0
8076054102,10.980,68.076,1004.975,4900.000,-4042.500,-2450.000,23.867,180,1116,16475,560,-462,-280,-290,0,0
8076063510,10.675,68.991,1004.670,4970.000,-4095.000,-2458.750,23.867,175,1131,16470,568,-468,-281,-290,0,0
8076072917,10.919,69.113,1004.365,4943.750,-4033.750,-2467.500,23.844,179,1133,16465,565,-461,-282,-296,0,0
8076082332,10.858,67.710,1006.195,5005.000,-4033.750,-2467.500,23.844,178,1110,16495,572,-461,-282,-296,0,0
8076091740,11.224,68.930,1003.206,5040.000,-4007.500,-2423.750,23.816,184,1130,16446,576,-458,-277,-303,0,0
8076101146,10.492,70.150,1003.755,4943.750,-4068.750,-2432.500,23.816,172,1150,16455,565,-465,-278,-303,0,0
8076110553,9.638,69.052,1004.609,4821.250,-3972.500,-2450.000,23.797,158,1132,16469,551,-454,-280,-308,0,0
8076119967,10.614,69.418,1004.914,4830.000,-4033.750,-2458.750,23.797,174,1138,16474,552,-461,-281,-308,0,0
8076129373,10.553,68.991,1003.877,4830.000,-4025.000,-2476.250,23.855,173,1131,16457,552,-460,-283,-293,0,0
8076138788,10.431,68.747,1004.365,4751.250,-3998.750,-2467.500,23.855,171,1127,16465,543,-457,-282,-293,0,0
8076148194,10.248,69.235,1004.853,4725.000,-4051.250,-2476.250,23.844,168,1135,16473,540,-463,-283,-296,0,0
8076157601,10.553,68.076,1003.145,4751.250,-4051.250,-2467.500,23.844,173,1116,16445,543,-463,-282,-296,0,0
8076167015,10.004,68.503,1005.097,4786.250,-3990.000,-2450.000,23.820,164,1123,16477,547,-456,-280,-302,0,0
8076176421,10.309,69.296,1005.829,4707.500,-4051.250,-2476.250,23.820,169,1136,16489,538,-463,-283,-302,0,0
8076185835,8.479,69.601,1005.463,4716.250,-4051.250,-2458.750,23.824,139,1141,16483,539,-463,-281,-301,0,0
8076195243,9.272,69.906,1005.768,4725.000,-4025.000,-2458.750,23.824,152,1146,16488,540,-460,-281,-301,0,0
8076204649,9.699,69.540,1004.487,4725.000,-4025.000,-2450.000,23.816,159,1140,16467,540,-460,-280,-303,0,0
8076214057,9.699,69.052,1004.487,4672.500,-4007.500,-2441.250,23.816,159,1132,16467,534,-458,-279,-303,0,0
8076223471,10.187,69.113,1002.962,4768.750,-4068.750,-2476.250,23.801,167,1133,16442,545,-465,-283,-307,0,0
8076232878,11.407,68.686,1003.328,4681.250,-4016.250,-2485.000,23.801,187,1126,16448,535,-459,-284,-307,0,0
8076242286,10.370,68.747,1005.219,4681.250,-4042.500,-2493.750,23.828,170,1127,16479,535,-462,-285,-300,0,0
8076251699,11.041,68.625,1003.572,4707.500,-4060.000,-2467.500,23.828,181,1125,16452,538,-464,-282,-300,0,0
8076261107,8.906,68.808,1002.657,4698.750,-4060.000,-2441.250,23.824,146,1128,16437,537,-464,-279,-301,0,0
8076270514,10.187,69.540,1002.779,4725.000,-4025.000,-2458.750,23.824,167,1140,16439,540,-460,-281,-301,0,0
8076279928,10.370,69.113,1004.670,4777.500,-4025.000,-2467.500,23.828,170,1133,16470,546,-460,-282,-300,0,0
8076289335,10.919,69.296,1005.158,4830.000,-4033.750,-2458.750,23.828,179,1136,16478,552,-461,-281,-300,0,0
8076298742,8.845,70.150,1004.365,4786.250,-4025.000,-2423.750,23.797,145,1150,16465,547,-460,-277,-308,0,0
8076308150,11.590,69.967,1004.243,4795.000,-4007.500,-2415.000,23.797,190,1147,16463,548,-458,-276,-308,0,0
8076317565,10.492,70.028,1004.060,4698.750,-4025.000,-2458.750,23.879,172,1148,16460,537,-460,-281,-287,0,0
8076326971,10.370,69.479,1005.036,4655.000,-3981.250,-2450.000,23.879,170,1139,16476,532,-455,-280,-287,0,0
8076336378,9.638,68.930,1004.792,4742.500,-3972.500,-2458.750,23.805,158,1130,16472,542,-454,-281,-306,0,0
8076345792,10.126,67.649,1002.718,4777.500,-4007.500,-2467.500,23.805,166,1109,16438,546,-458,-282,-306,0,0
8076355200,9.821,68.259,1001.254,4760.000,-4016.250,-2441.250,23.797,161,1119,16414,544,-459,-279,-308,0,0
8076364606,10.309,67.222,1003.633,4777.500,-3998.750,-2441.250,23.797,169,1102,16453,546,-457,-279,-308,0,0
8076374021,9.760,68.137,1004.304,4795.000,-3981.250,-2441.250,23.852,160,1117,16464,548,-455,-279,-294,0,0
8076383428,10.431,68.747,1003.633,4672.500,-4007.500,-2441.250,23.852,171,1127,16453,534,-458,-279,-294,0,0
8076392835,10.614,69.052,1004.121,4698.750,-3998.750,-2485.000,23.797,174,1132,16461,537,-457,-284,-308,0,0
8076402243,9.638,69.784,1006.500,4768.750,-4042.500,-2476.250,23.797,158,1144,16500,545,-462,-283,-308,0,0
8076411657,10.126,70.028,1006.073,4742.500,-3990.000,-2476.250,23.820,166,1148,16493,542,-456,-283,-302,0,0
8076421065,10.919,69.784,1002.718,4725.000,-4016.250,-2450.000,23.820,179,1144,16438,540,-459,-280,-302,0,0
8076430471,10.065,68.747,1002.413,4838.750,-4033.750,-2458.750,23.805,165,1127,16433,553,-461,-281,-306,0,0
8076439885,10.065,69.113,1004.548,4830.000,-4042.500,-2458.750,23.805,165,1133,16468,552,-462,-281,-306,0,0
8076449292,9.333,67.771,1005.219,4698.750,-4025.000,-2485.000,23.836,153,1111,16479,537,-460,-284,-298,0,0
8076458699,10.675,68.442,1002.901,4672.500,-3998.750,-2450.000,23.836,175,1122,16441,534,-457,-280,-298,0,0
8076468114,9.821,68.015,1003.938,4690.000,-4016.250,-2441.250,23.832,161,1115,16458,536,-459,-279,-299,0,0
8076477520,9.882,68.564,1005.768,4716.250,-4016.250,-2458.750,23.832,162,1124,16488,539,-459,-281,-299,0,0
8076486934,9.760,68.686,1004.426,4821.250,-4007.500,-2441.250,23.816,160,1126,16466,551,-458,-279,-303,0,0
8076496339,11.163,68.747,1003.694,4786.250,-4025.000,-2441.250,23.816,183,1127,16454,547,-460,-279,-303,0,0
8076505747,10.553,69.113,1005.463,4742.500,-4033.750,-2432.500,23.824,173,1133,16483,542,-461,-278,-301,0,0
8076515161,11.285,69.662,1004.609,4707.500,-4007.500,-2441.250,23.824,185,1142,16469,538,-458,-279,-301,0,0
8076524569,12.017,69.723,1004.182,4830.000,-4007.500,-2458.750,23.813,197,1143,16462,552,-458,-281,-304,0,0
8076533975,10.675,69.418,1003.450,4838.750,-4025.000,-2485.000,23.813,175,1138,16450,553,-460,-284,-304,0,0
8076543383,10.187,69.418,1005.890,4751.250,-4025.000,-2485.000,23.797,167,1138,16490,543,-460,-284,-308,0,0
8076552797,9.577,68.808,1004.548,4795.000,-3990.000,-2450.000,23.797,157,1128,16468,548,-456,-280,-308,0,0
8076562204,9.455,69.296,1003.328,4803.750,-3998.750,-2520.000,23.859,155,1136,16448,549,-457,-288,-292,0,0
8076571612,10.736,69.113,1004.792,4795.000,-4016.250,-2476.250,23.859,176,1133,16472,548,-459,-283,-292,0,0
8076581026,9.943,68.564,1003.328,4760.000,-3972.500,-2476.250,23.844,163,1124,16448,544,-454,-283,-296,0,0
8076590434,10.248,68.869,1004.121,4760.000,-4025.000,-2450.000,23.844,168,1129,16461,544,-460,-280,-296,0,0
8076599839,10.187,68.869,1005.219,4821.250,-4025.000,-2458.750,23.789,167,1129,16479,551,-460,-281,-310,0,0
8076609253,9.089,69.296,1007.049,4768.750,-3981.250,-2458.750,23.789,149,1136,16509,545,-455,-281,-310,0,0
8076618660,9.577,69.357,1006.683,4803.750,-4033.750,-2485.000,23.809,157,1137,16503,549,-461,-284,-305,0,0
8076628067,10.187,69.784,1005.951,4751.250,-4016.250,-2467.500,23.809,167,1144,16491,543,-459,-282,-305,0,0
8076637480,10.492,68.930,1004.975,4821.250,-4016.250,-2502.500,23.832,172,1130,16475,551,-459,-286,-299,0,0
8076646888,10.736,67.710,1005.951,5013.750,-3981.250,-2493.750,23.832,176,1110,16491,573,-455,-285,-299,0,0
8076656301,8.723,70.943,1005.768,5013.750,-3955.000,-2493.750,23.813,143,1163,16488,573,-452,-285,-304,0,0
8076665707,10.492,68.686,1003.938,4812.500,-3990.000,-2485.000,23.813,172,1126,16458,550,-456,-284,-304,0,0
8076675113,10.126,68.564,1004.731,4795.000,-3981.250,-2476.250,23.828,166,1124,16471,548,-455,-283,-300,0,0
8076684528,10.248,69.418,1004.304,4795.000,-4016.250,-2458.750,23.828,168,1138,16464,548,-459,-281,-300,0,0
8076693934,10.614,68.381,1005.097,4733.750,-4025.000,-2493.750,23.820,174,1121,16477,541,-460,-285,-302,0,0
8076703342,9.821,68.991,1005.219,4716.250,-3990.000,-2467.500,23.820,161,1131,16479,539,-456,-282,-302,0,0
8076712756,10.309,69.479,1005.341,4751.250,-4007.500,-2476.250,23.844,169,1139,16481,543,-458,-283,-296,0,0
8076722164,10.492,70.516,1006.195,4812.500,-4007.500,-2493.750,23.844,172,1156,16495,550,-458,-285,-296,0,0
8076731570,10.431,70.028,1005.585,4707.500,-3972.500,-2476.250,23.793,171,1148,16485,538,-454,-283,-309,0,0
8076740983,11.041,69.662,1003.633,4655.000,-4016.250,-2458.750,23.793,181,1142,16453,532,-459,-281,-309,0,0
8076750392,10.797,70.089,1003.389,4795.000,-3998.750,-2458.750,23.820,177,1149,16449,548,-457,-281,-302,0,0
8076759799,10.431,70.272,1005.158,4663.750,-3990.000,-2476.250,23.820,171,1152,16478,533,-456,-283,-302,0,0
8076769213,10.736,67.954,1006.378,4698.750,-3955.000,-2450.000,23.816,176,1114,16498,537,-452,-280,-303,0,0
8076778620,10.431,67.954,1005.036,4716.250,-4016.250,-2458.750,23.816,171,1114,16476,539,-459,-281,-303,0,0
8076788026,9.699,68.503,1003.572,4795.000,-4060.000,-2415.000,23.805,159,1123,16452,548,-464,-276,-306,0,0
8076797441,10.065,68.747,1004.792,4707.500,-4042.500,-2458.750,23.805,165,1127,16472,538,-462,-281,-306,0,0
8076806847,10.309,69.845,1004.975,4707.500,-4025.000,-2441.250,23.809,169,1145,16475,538,-460,-279,-305,0,0
8076816253,10.309,70.028,1006.927,4620.000,-4033.750,-2467.500,23.809,169,1148,16507,528,-461,-282,-305,0,0
8076825667,9.516,70.028,1005.585,4611.250,-3998.750,-2467.500,23.840,156,1148,16485,527,-457,-282,-297,0,0
8076835074,10.797,70.577,1005.951,4628.750,-3981.250,-2467.500,23.840,177,1157,16491,529,-455,-282,-297,0,0
8076844481,11.285,69.601,1004.548,4725.000,-4042.500,-2476.250,23.836,185,1141,16468,540,-462,-283,-298,0,0
8076853896,11.163,69.113,1002.657,4812.500,-4033.750,-2485.000,23.836,183,1133,16437,550,-461,-284,-298,0,0
8076863301,11.346,70.028,1005.707,4742.500,-3972.500,-2432.500,23.809,186,1148,16487,542,-454,-278,-305,0,0
8076872713,10.492,68.747,1005.890,4716.250,-3998.750,-2450.000,23.809,172,1127,16490,539,-457,-280,-305,0,0
8076882122,9.394,68.259,1004.182,4768.750,-3998.750,-2485.000,23.875,154,1119,16462,545,-457,-284,-288,0,0
8076891535,10.187,69.479,1003.145,4812.500,-4016.250,-2458.750,23.875,167,1139,16445,550,-459,-281,-288,0,0
8076900942,10.126,69.540,1004.914,4707.500,-4016.250,-2441.250,23.863,166,1140,16474,538,-459,-279,-291,0,0
8076910350,10.004,69.540,1006.683,4751.250,-3972.500,-2467.500,23.863,164,1140,16503,543,-454,-282,-291,0,0
8076919762,10.370,70.028,1007.354,4725.000,-3981.250,-2485.000,23.820,170,1148,16514,540,-455,-284,-302,0,0
8076929169,9.516,69.601,1004.121,4760.000,-4042.500,-2485.000,23.820,156,1141,16461,544,-462,-284,-302,0,0
8076938577,10.553,69.906,1003.938,4803.750,-4007.500,-2493.750,23.793,173,1146,16458,549,-458,-285,-309,0,0
8076947989,11.651,70.150,1004.731,4733.750,-4042.500,-2502.500,23.793,191,1150,16471,541,-462,-286,-309,0,0
8076957397,10.248,68.564,1004.975,4725.000,-4068.750,-2493.750,23.848,168,1124,16475,540,-465,-285,-295,0,0
8076966804,10.553,69.296,1004.792,4768.750,-3963.750,-2493.750,23.848,173,1136,16472,545,-453,-285,-295,0,0
8076976218,10.614,69.540,1004.487,4628.750,-3963.750,-2511.250,23.832,174,1140,16467,529,-453,-287,-299,0,0
8076985626,9.638,68.625,1005.585,4655.000,-3990.000,-2458.750,23.832,158,1125,16485,532,-456,-281,-299,0,0
8076995033,9.211,69.052,1006.012,4742.500,-4042.500,-2476.250,23.855,151,1132,16492,542,-462,-283,-293,0,0
8077004441,9.638,69.845,1004.304,4760.000,-4042.500,-2458.750,23.855,158,1145,16464,544,-462,-281,-293,0,0
8077013854,10.736,69.967,1005.829,4812.500,-3990.000,-2441.250,23.848,176,1147,16489,550,-456,-279,-295,0,0
8077023261,9.150,69.906,1005.463,4795.000,-3963.750,-2467.500,23.848,150,1146,16483,548,-453,-282,-295,0,0
8077032674,9.882,70.150,1005.280,4742.500,-3990.000,-2493.750,23.832,162,1150,16480,542,-456,-285,-299,0,0
8077042081,10.431,69.418,1005.219,4716.250,-3972.500,-2502.500,23.832,171,1138,16479,539,-454,-286,-299,0,0
8077051487,11.224,68.808,1004.243,4742.500,-3998.750,-2485.000,23.816,184,1128,16463,542,-457,-284,-303,0,0
8077060902,11.956,68.198,1003.511,4795.000,-3990.000,-2476.250,23.816,196,1118,16451,548,-456,-283,-303,0,0
8077070308,10.492,68.015,1004.914,4838.750,-3981.250,-2485.000,23.863,172,1115,16474,553,-455,-284,-291,0,0
8077079720,10.370,68.198,1005.707,4900.000,-3998.750,-2485.000,23.863,170,1118,16487,560,-457,-284,-291,0,0
8077089129,9.516,69.296,1004.487,5083.750,-3955.000,-2476.250,23.820,156,1136,16467,581,-452,-283,-302,0,0
8077098535,9.211,71.797,1003.206,5013.750,-3990.000,-2467.500,23.820,151,1177,16446,573,-456,-282,-302,0,0
8077107949,9.516,70.394,1004.792,4821.250,-4025.000,-2493.750,23.828,156,1154,16472,551,-460,-285,-300,0,0
8077117356,10.004,69.906,1005.463,4882.500,-3998.750,-2476.250,23.828,164,1146,16483,558,-457,-283,-300,0,0
8077126762,10.431,70.760,1004.609,4777.500,-4033.750,-2467.500,23.797,171,1160,16469,546,-461,-282,-308,0,0
8077136177,9.821,69.967,1005.707,4760.000,-4007.500,-2458.750,23.797,161,1147,16487,544,-458,-281,-308,0,0
8077145584,11.163,68.747,1005.402,4725.000,-3990.000,-2450.000,23.844,183,1127,16482,540,-456,-280,-296,0,0
8077154991,10.797,68.991,1005.036,4742.500,-3990.000,-2467.500,23.844,177,1131,16476,542,-456,-282,-296,0,0
8077164399,10.980,68.747,1002.962,4803.750,-4025.000,-2485.000,23.809,180,1127,16442,549,-460,-284,-305,0,0
8077173812,10.553,69.174,1004.609,4777.500,-4016.250,-2502.500,23.809,173,1134,16469,546,-459,-286,-305,0,0
8077183221,9.455,68.503,1004.731,4742.500,-3990.000,-2467.500,23.820,155,1123,16471,542,-456,-282,-302,0,0
8077192627,9.638,69.174,1004.243,4733.750,-4042.500,-2476.250,23.820,158,1134,16463,541,-462,-283,-302,0,0
8077202040,8.479,69.906,1005.585,4751.250,-4007.500,-2476.250,23.848,139,1146,16485,543,-458,-283,-295,0,0
8077211448,10.248,69.601,1003.938,4768.750,-3998.750,-2432.500,23.848,168,1141,16458,545,-457,-278,-295,0,0
8077220855,11.224,68.381,1006.134,4742.500,-3998.750,-2458.750,23.824,184,1121,16494,542,-457,-281,-301,0,0
8077230270,11.224,69.357,1007.232,4733.750,-4033.750,-2476.250,23.824,184,1137,16512,541,-461,-283,-301,0,0
8077239676,10.675,70.333,1004.975,4795.000,-4007.500,-2476.250,23.820,175,1153,16475,548,-458,-283,-302,0,0
8077249083,9.943,69.357,1004.670,4768.750,-3981.250,-2467.500,23.820,163,1137,16470,545,-455,-282,-302,0,0
8077258498,10.492,69.784,1003.938,4812.500,-3998.750,-2432.500,23.832,172,1144,16458,550,-457,-278,-299,0,0
8077267904,9.150,69.113,1004.853,4751.250,-4016.250,-2450.000,23.832,150,1133,16473,543,-459,-280,-299,0,0
8077277312,9.699,68.869,1004.609,4716.250,-4007.500,-2441.250,23.863,159,1129,16469,539,-458,-279,-291,0,0
8077286725,10.248,69.418,1005.585,4768.750,-4016.250,-2441.250,23.863,168,1138,16485,545,-459,-279,-291,0,0
8077296132,10.065,70.455,1005.341,4751.250,-4025.000,-2432.500,23.836,165,1155,16481,543,-460,-278,-298,0,0
8077305540,9.699,70.760,1006.134,4733.750,-3972.500,-2432.500,23.836,159,1160,16494,541,-454,-278,-298,0,0
8077314948,10.614,69.601,1004.975,4733.750,-4016.250,-2485.000,23.797,174,1141,16475,541,-459,-284,-308,0,0
8077324363,10.370,69.052,1005.341,4742.500,-4007.500,-2485.000,23.797,170,1132,16481,542,-458,-284,-308,0,0
8077333769,10.675,68.686,1005.341,4760.000,-4033.750,-2485.000,23.848,175,1126,16481,544,-461,-284,-295,0,0
8077343176,9.821,69.357,1004.731,4830.000,-4077.500,-2467.500,23.848,161,1137,16471,552,-466,-282,-295,0,0
8077352591,9.272,70.577,1004.670,4681.250,-4007.500,-2476.250,23.836,152,1157,16470,535,-458,-283,-298,0,0
8077361996,10.004,69.601,1004.426,4672.500,-3972.500,-2476.250,23.836,164,1141,16466,534,-454,-283,-298,0,0
8077371404,10.797,69.052,1005.829,4795.000,-4016.250,-2467.500,23.801,177,1132,16489,548,-459,-282,-307,0,0
8077380818,11.224,69.418,1005.890,4725.000,-4051.250,-2450.000,23.801,184,1138,16490,540,-463,-280,-307,0,0
8077390223,9.943,70.028,1003.877,4742.500,-4007.500,-2441.250,23.828,163,1148,16457,542,-458,-279,-300,0,0
8077399638,10.553,69.235,1004.365,4655.000,-3998.750,-2450.000,23.828,173,1135,16465,532,-457,-280,-300,0,0
8077409045,10.980,69.357,1005.219,4760.000,-4016.250,-2511.250,23.793,180,1137,16479,544,-459,-287,-309,0,0
8077418451,11.041,68.076,1006.439,4900.000,-4086.250,-2476.250,23.793,181,1116,16499,560,-467,-283,-309,0,0
8077427866,10.492,67.649,1005.341,4961.250,-3990.000,-2502.500,23.824,172,1109,16481,567,-456,-286,-301,0,0
8077437272,10.309,71.248,1004.914,5136.250,-4025.000,-2476.250,23.824,169,1168,16474,587,-460,-283,-301,0,0
8077446685,10.797,70.699,1006.256,4830.000,-4042.500,-2476.250,23.777,177,1159,16496,552,-462,-283,-313,0,0
8077456091,9.882,69.662,1006.500,4672.500,-4025.000,-2485.000,23.777,162,1142,16500,534,-460,-284,-313,0,0
8077465498,10.065,70.150,1005.280,4742.500,-4051.250,-2476.250,23.844,165,1150,16480,542,-463,-283,-296,0,0
8077474912,10.309,69.723,1005.280,4725.000,-4042.500,-2485.000,23.844,169,1143,16480,540,-462,-284,-296,0,0
8077484321,9.272,69.784,1005.829,4672.500,-3963.750,-2493.750,23.816,152,1144,16489,534,-453,-285,-303,0,0
8077493728,11.163,68.991,1004.304,4725.000,-3990.000,-2511.250,23.816,183,1131,16464,540,-456,-287,-303,0,0
8077503141,11.529,69.601,1005.524,4707.500,-4025.000,-2485.000,23.813,189,1141,16484,538,-460,-284,-304,0,0
8077512548,10.675,69.967,1005.646,4707.500,-3998.750,-2467.500,23.813,175,1147,16486,538,-457,-282,-304,0,0
8077521955,10.065,69.662,1005.524,4751.250,-4033.750,-2476.250,23.824,165,1142,16484,543,-461,-283,-301,0,0
8077531363,10.492,69.967,1004.548,4812.500,-4042.500,-2485.000,23.824,172,1147,16468,550,-462,-284,-301,0,0
8077540776,10.675,69.845,1004.792,4690.000,-3972.500,-2441.250,23.813,175,1145,16472,536,-454,-279,-304,0,0
8077550183,10.553,69.723,1006.256,4725.000,-4042.500,-2458.750,23.813,173,1143,16496,540,-462,-281,-304,0,0
8077559591,9.516,70.760,1007.232,4733.750,-4007.500,-2450.000,23.816,156,1160,16512,541,-458,-280,-303,0,0
8077569003,10.919,69.174,1005.219,4733.750,-4025.000,-2458.750,23.816,179,1134,16479,541,-460,-281,-303,0,0
8077578411,10.004,69.845,1003.633,4707.500,-3998.750,-2458.750,23.793,164,1145,16453,538,-457,-281,-309,0,0
8077587825,10.797,69.479,1005.585,4751.250,-4042.500,-2476.250,23.793,177,1139,16485,543,-462,-283,-309,0,0
8077597230,10.614,70.272,1004.365,4768.750,-4016.250,-2493.750,23.848,174,1152,16465,545,-459,-285,-295,0,0
8077606637,9.394,70.272,1005.280,4751.250,-4025.000,-2467.500,23.848,154,1152,16480,543,-460,-282,-295,0,0
8077616052,9.577,69.784,1005.463,4690.000,-3981.250,-2432.500,23.832,157,1144,16483,536,-455,-278,-299,0,0
8077625458,9.943,69.967,1004.853,4655.000,-3990.000,-2450.000,23.832,163,1147,16473,532,-456,-280,-299,0,0
8077634866,9.699,69.357,1003.755,4742.500,-3998.750,-2485.000,23.809,159,1137,16455,542,-457,-284,-305,0,0
8077644279,11.041,70.211,1004.426,4742.500,-4007.500,-2450.000,23.809,181,1151,16466,542,-458,-280,-305,0,0
8077653685,9.943,69.052,1006.317,4821.250,-4025.000,-2502.500,23.797,163,1132,16497,551,-460,-286,-308,0,0
8077663093,10.553,69.906,1005.707,4786.250,-4042.500,-2502.500,23.797,173,1146,16487,547,-462,-286,-308,0,0
8077672506,10.370,69.174,1003.450,4795.000,-4016.250,-2485.000,23.867,170,1134,16450,548,-459,-284,-290,0,0
8077681913,9.821,70.028,1004.548,4777.500,-3990.000,-2476.250,23.867,161,1148,16468,546,-456,-283,-290,0,0
8077691328,9.699,69.418,1004.914,4856.250,-4051.250,-2485.000,23.871,159,1138,16474,555,-463,-284,-289,0,0
8077700735,9.943,69.601,1006.683,4838.750,-3998.750,-2476.250,23.871,163,1141,16503,553,-457,-283,-289,0,0
8077710141,10.370,69.723,1005.097,4768.750,-4016.250,-2467.500,23.785,170,1143,16477,545,-459,-282,-311,0,0
8077719555,10.248,69.845,1005.097,4786.250,-3972.500,-2476.250,23.785,168,1145,16477,547,-454,-283,-311,0,0
8077728961,10.126,70.089,1006.256,4707.500,-4025.000,-2511.250,23.820,166,1149,16496,538,-460,-287,-302,0,0
8077738369,10.248,70.760,1005.463,4681.250,-3990.000,-2467.500,23.820,168,1160,16483,535,-456,-282,-302,0,0
8077747783,10.187,69.479,1004.304,4707.500,-3963.750,-2467.500,23.855,167,1139,16464,538,-453,-282,-293,0,0
8077757190,10.858,68.991,1004.548,4716.250,-3998.750,-2450.000,23.855,178,1131,16468,539,-457,-280,-293,0,0
8077766598,10.553,70.455,1005.646,4838.750,-4007.500,-2485.000,23.820,173,1155,16486,553,-458,-284,-302,0,0
8077776012,9.211,68.747,1004.243,4830.000,-4033.750,-2476.250,23.820,151,1127,16463,552,-461,-283,-302,0,0
8077785421,10.736,69.296,1005.097,4733.750,-4007.500,-2450.000,23.848,176,1136,16477,541,-458,-280,-295,0,0
8077794825,11.346,69.967,1003.938,4707.500,-3990.000,-2458.750,23.848,186,1147,16458,538,-456,-281,-295,0,0
8077804233,10.797,69.113,1004.731,4803.750,-4042.500,-2441.250,23.836,177,1133,16471,549,-462,-279,-298,0,0
8077813648,10.553,71.126,1006.927,4803.750,-4051.250,-2450.000,23.836,173,1166,16507,549,-463,-280,-298,0,0
8077823055,9.333,70.028,1006.866,4751.250,-4025.000,-2423.750,23.809,153,1148,16506,543,-460,-277,-305,0,0
8077832463,10.065,70.821,1004.365,4786.250,-3998.750,-2450.000,23.809,165,1161,16465,547,-457,-280,-305,0,0
8077841870,10.248,70.943,1004.304,4882.500,-3990.000,-2485.000,23.820,168,1163,16464,558,-456,-284,-302,0,0
8077851284,10.431,70.150,1005.463,4891.250,-3972.500,-2458.750,23.820,171,1150,16483,559,-454,-281,-302,0,0
8077860690,10.492,70.821,1004.487,4882.500,-3998.750,-2467.500,23.855,172,1161,16467,558,-457,-282,-293,0,0
8077870104,9.699,69.357,1006.683,4786.250,-3981.250,-2458.750,23.855,159,1137,16503,547,-455,-281,-293,0,0
8077879512,9.760,69.845,1006.073,4856.250,-3990.000,-2476.250,23.855,160,1145,16493,555,-456,-283,-293,0,0
8077888918,10.614,70.455,1005.463,4821.250,-3963.750,-2467.500,23.855,174,1155,16483,551,-453,-282,-293,0,0
8077898331,10.248,70.455,1005.524,4786.250,-4025.000,-2450.000,23.832,168,1155,16484,547,-460,-280,-299,0,0
8077907739,10.126,70.333,1005.768,4742.500,-4025.000,-2476.250,23.832,166,1153,16488,542,-460,-283,-299,0,0
8077917151,10.736,69.662,1004.426,4751.250,-3990.000,-2476.250,23.855,176,1142,16466,543,-456,-283,-293,0,0
8077926558,10.126,70.028,1005.951,4830.000,-4007.500,-2493.750,23.855,166,1148,16491,552,-458,-285,-293,0,0
8077935966,9.577,70.638,1006.195,5048.750,-4007.500,-2493.750,23.828,157,1158,16495,577,-458,-285,-300,0,0
8077945379,9.943,71.614,1004.853,4908.750,-4016.250,-2467.500,23.828,163,1174,16473,561,-459,-282,-300,0,0
8077954787,10.126,69.601,1004.731,4786.250,-4033.750,-2502.500,23.871,166,1141,16471,547,-461,-286,-289,0,0
8077964194,10.187,70.699,1005.463,4716.250,-4025.000,-2511.250,23.871,167,1159,16483,539,-460,-287,-289,0,0
8077973601,10.187,69.845,1006.134,4690.000,-4016.250,-2493.750,23.840,167,1145,16494,536,-459,-285,-297,0,0
8077983015,10.553,70.577,1004.548,4725.000,-4068.750,-2502.500,23.840,173,1157,16468,540,-465,-286,-297,0,0
8077992422,10.004,70.272,1004.487,4716.250,-3998.750,-2485.000,23.832,164,1152,16467,539,-457,-284,-299,0,0
8078001835,10.553,70.089,1004.731,4786.250,-3990.000,-2450.000,23.832,173,1149,16471,547,-456,-280,-299,0,0
8078011243,10.004,71.309,1006.500,4812.500,-4025.000,-2467.500,23.801,164,1169,16500,550,-460,-282,-307,0,0
8078020650,10.553,70.516,1005.707,4751.250,-4033.750,-2476.250,23.801,173,1156,16487,543,-461,-283,-307,0,0
8078030063,9.455,70.272,1006.195,4725.000,-4025.000,-2458.750,23.852,155,1152,16495,540,-460,-281,-294,0,0
8078039470,8.662,71.248,1006.134,4733.750,-4016.250,-2467.500,23.852,142,1168,16494,541,-459,-282,-294,0,0
8078048875,10.065,69.723,1004.975,4821.250,-4042.500,-2450.000,23.824,165,1143,16475,551,-462,-280,-301,0,0
8078058290,10.004,69.479,1004.609,4847.500,-4042.500,-2467.500,23.824,164,1139,16469,554,-462,-282,-301,0,0
8078067696,10.126,69.906,1003.999,4646.250,-3990.000,-2450.000,23.871,166,1146,16459,531,-456,-280,-289,0,0
8078077110,10.431,70.211,1004.670,4733.750,-4016.250,-2458.750,23.871,171,1151,16470,541,-459,-281,-289,0,0
8078086518,10.248,70.577,1006.317,4725.000,-4025.000,-2467.500,23.793,168,1157,16497,540,-460,-282,-309,0,0
8078095924,10.614,69.662,1005.585,4672.500,-4007.500,-2450.000,23.793,174,1142,16485,534,-458,-280,-309,0,0
8078105339,10.004,71.126,1006.256,4672.500,-4025.000,-2441.250,23.828,164,1166,16496,534,-460,-279,-300,0,0
8078114745,9.638,71.248,1004.853,4725.000,-3998.750,-2432.500,23.828,158,1168,16473,540,-457,-278,-300,0,0
8078124151,9.882,70.699,1005.707,4707.500,-3972.500,-2476.250,23.828,162,1159,16487,538,-454,-283,-300,0,0
8078133565,9.638,71.126,1006.012,4698.750,-3972.500,-2467.500,23.828,158,1166,16492,537,-454,-282,-300,0,0
8078142973,9.333,70.089,1003.389,4733.750,-3981.250,-2485.000,23.820,153,1149,16449,541,-455,-284,-302,0,0
8078152381,10.004,70.028,1006.134,4663.750,-3946.250,-2476.250,23.820,164,1148,16494,533,-451,-283,-302,0,0
8078161789,10.858,70.516,1004.670,4742.500,-4016.250,-2493.750,23.809,178,1156,16470,542,-459,-285,-305,0,0
8078171202,10.553,69.662,1004.853,4733.750,-4016.250,-2502.500,23.809,173,1142,16473,541,-459,-286,-305,0,0
8078180609,9.333,69.174,1005.829,4637.500,-3963.750,-2493.750,23.805,153,1134,16489,530,-453,-285,-306,0,0
8078190015,9.882,70.211,1006.256,4672.500,-3998.750,-2476.250,23.805,162,1151,16496,534,-457,-283,-306,0,0
8078199429,9.882,70.821,1006.988,4725.000,-3998.750,-2441.250,23.813,162,1161,16508,540,-457,-279,-304,0,0
8078208835,9.577,71.004,1004.121,4637.500,-3963.750,-2458.750,23.813,157,1164,16461,530,-453,-281,-304,0,0
8078218250,9.516,70.455,1005.524,4707.500,-3990.000,-2467.500,23.801,156,1155,16484,538,-456,-282,-307,0,0
8078227657,10.492,70.577,1005.646,4786.250,-4042.500,-2511.250,23.801,172,1157,16486,547,-462,-287,-307,0,0
8078237063,10.065,70.760,1004.914,4716.250,-3990.000,-2485.000,23.813,165,1160,16474,539,-456,-284,-304,0,0
8078246477,10.126,70.089,1005.280,4786.250,-3990.000,-2458.750,23.813,166,1149,16480,547,-456,-281,-304,0,0
8078255882,10.736,70.028,1005.585,4795.000,-3981.250,-2450.000,23.840,176,1148,16485,548,-455,-280,-297,0,0
8078265295,9.943,69.479,1006.439,4733.750,-4033.750,-2450.000,23.840,163,1139,16499,541,-461,-280,-297,0,0
8078274703,9.516,70.699,1003.877,4751.250,-3990.000,-2476.250,23.898,156,1159,16457,543,-456,-283,-282,0,0
8078284109,10.492,70.760,1003.938,4716.250,-3990.000,-2450.000,23.898,172,1160,16458,539,-456,-280,-282,0,0
8078293523,10.004,70.089,1006.073,4742.500,-4016.250,-2485.000,23.836,164,1149,16493,542,-459,-284,-298,0,0
8078302930,10.553,70.028,1005.524,4803.750,-3972.500,-2476.250,23.836,173,1148,16484,549,-454,-283,-298,0,0
8078312338,10.736,69.906,1005.646,4768.750,-3990.000,-2476.250,23.844,176,1146,16486,545,-456,-283,-296,0,0
8078321752,10.553,69.357,1004.731,4952.500,-3990.000,-2493.750,23.844,173,1137,16471,566,-456,-285,-296,0,0
8078331158,10.370,71.004,1005.585,5066.250,-3981.250,-2476.250,23.840,170,1164,16485,579,-455,-283,-297,0,0
8078340565,10.248,72.041,1006.195,5013.750,-3946.250,-2485.000,23.840,168,1181,16495,573,-451,-284,-297,0,0
8078349980,10.431,70.638,1006.134,4768.750,-3990.000,-2467.500,23.852,171,1158,16494,545,-456,-282,-294,0,0
8078359387,11.651,69.601,1004.426,4690.000,-4007.500,-2467.500,23.852,191,1141,16466,536,-458,-282,-294,0,0
8078368794,10.187,70.394,1005.036,4742.500,-3990.000,-2450.000,23.867,167,1154,16476,542,-456,-280,-290,0,0
8078378208,10.004,69.906,1005.219,4760.000,-4016.250,-2441.250,23.867,164,1146,16479,544,-459,-279,-290,0,0
8078387616,10.492,71.492,1005.463,4760.000,-4033.750,-2485.000,23.867,172,1172,16483,544,-461,-284,-290,0,0
8078397023,10.248,70.577,1006.012,4751.250,-4016.250,-2476.250,23.867,168,1157,16492,543,-459,-283,-290,0,0
8078406437,10.126,70.211,1006.317,4742.500,-4033.750,-2476.250,23.859,166,1151,16497,542,-461,-283,-292,0,0
8078415844,10.370,71.126,1005.768,4760.000,-4042.500,-2458.750,23.859,170,1166,16488,544,-462,-281,-292,0,0
8078425251,10.614,70.699,1004.365,4795.000,-3998.750,-2441.250,23.867,174,1159,16465,548,-457,-279,-290,0,0
8078434664,10.980,70.821,1005.829,4847.500,-3990.000,-2450.000,23.867,180,1161,16489,554,-456,-280,-290,0,0
8078444071,10.614,70.394,1006.012,4716.250,-4025.000,-2476.250,23.867,174,1154,16492,539,-460,-283,-290,0,0
8078453477,9.638,70.211,1004.853,4716.250,-3981.250,-2450.000,23.867,158,1151,16473,539,-455,-280,-290,0,0
8078462889,9.882,69.601,1006.134,4698.750,-3963.750,-2450.000,23.871,162,1141,16494,537,-453,-280,-289,0,0
8078472297,10.980,69.845,1006.195,4751.250,-3990.000,-2493.750,23.871,180,1145,16495,543,-456,-285,-289,0,0
8078481711,10.614,70.455,1005.463,4751.250,-3998.750,-2485.000,23.867,174,1155,16483,543,-457,-284,-290,0,0
8078491118,11.346,70.455,1004.243,4760.000,-3972.500,-2458.750,23.867,186,1155,16463,544,-454,-281,-290,0,0
8078500526,10.248,70.760,1006.256,4716.250,-3937.500,-2485.000,23.832,168,1160,16496,539,-450,-284,-299,0,0
8078509939,10.553,70.333,1006.134,4751.250,-3990.000,-2450.000,23.832,173,1153,16494,543,-456,-280,-299,0,0
8078519347,9.943,70.394,1004.792,4803.750,-3955.000,-2458.750,23.852,163,1154,16472,549,-452,-281,-294,0,0
8078528754,10.797,70.577,1003.633,4891.250,-3955.000,-2450.000,23.852,177,1157,16453,559,-452,-280,-294,0,0
8078538161,11.041,71.370,1006.744,5066.250,-4016.250,-2450.000,23.844,181,1170,16504,579,-459,-280,-296,0,0
8078547577,11.407,71.614,1004.792,4873.750,-4007.500,-2441.250,23.844,187,1174,16472,557,-458,-279,-296,0,0
8078556983,10.919,70.028,1006.012,4786.250,-3998.750,-2432.500,23.879,179,1148,16492,547,-457,-278,-287,0,0
8078566391,10.370,70.211,1006.073,4742.500,-4033.750,-2467.500,23.879,170,1151,16493,542,-461,-282,-287,0,0
8078575804,10.065,70.333,1006.073,4795.000,-4007.500,-2476.250,23.871,165,1153,16493,548,-458,-283,-289,0,0
8078585211,9.272,70.211,1005.036,4751.250,-4007.500,-2458.750,23.871,152,1151,16476,543,-458,-281,-289,0,0
8078594618,9.394,70.394,1005.158,4768.750,-4025.000,-2458.750,23.902,154,1154,16478,545,-460,-281,-281,0,0
8078604032,10.065,71.004,1004.731,4716.250,-3981.250,-2450.000,23.902,165,1164,16471,539,-455,-280,-281,0,0
8078613440,10.248,70.638,1005.951,4821.250,-3972.500,-2397.500,23.844,168,1158,16491,551,-454,-274,-296,0,0
8078622847,10.187,70.882,1007.598,4891.250,-4016.250,-2458.750,23.844,167,1162,16518,559,-459,-281,-296,0,0
8078632254,10.858,70.943,1004.914,4952.500,-3963.750,-2450.000,23.887,178,1163,16474,566,-453,-280,-285,0,0
8078641668,11.651,71.126,1004.121,4803.750,-3990.000,-2485.000,23.887,191,1166,16461,549,-456,-284,-285,0,0
8078651073,10.736,70.272,1005.768,4751.250,-3990.000,-2450.000,23.867,176,1152,16488,543,-456,-280,-290,0,0
8078660488,10.126,70.882,1006.134,4760.000,-3990.000,-2493.750,23.867,166,1162,16494,544,-456,-285,-290,0,0
8078669896,9.638,71.370,1004.670,4742.500,-4016.250,-2458.750,23.918,158,1170,16470,542,-459,-281,-277,0,0
8078679308,10.126,70.577,1005.280,4725.000,-3998.750,-2458.750,23.918,166,1157,16480,540,-457,-281,-277,0,0
8078688714,8.662,70.638,1005.463,4821.250,-3998.750,-2476.250,23.871,142,1158,16483,551,-457,-283,-289,0,0
8078698121,9.516,71.248,1005.768,4830.000,-4016.250,-2476.250,23.871,156,1168,16488,552,-459,-283,-289,0,0
8078707535,9.394,71.370,1004.731,4716.250,-3998.750,-2476.250,23.895,154,1170,16471,539,-457,-283,-283,0,0
8078716940,10.370,71.919,1005.768,4690.000,-3981.250,-2467.500,23.895,170,1179,16488,536,-455,-282,-283,0,0
8078726349,9.760,70.211,1006.927,4716.250,-4016.250,-2441.250,23.832,160,1151,16507,539,-459,-279,-299,0,0
8078735763,10.187,71.187,1004.731,4716.250,-3981.250,-2450.000,23.832,167,1167,16471,539,-455,-280,-299,0,0
8078745171,9.394,70.333,1005.951,4751.250,-4016.250,-2432.500,23.836,154,1153,16491,543,-459,-278,-298,0,0
8078754577,9.821,70.272,1005.707,4707.500,-4042.500,-2450.000,23.836,161,1152,16487,538,-462,-280,-298,0,0
8078763990,10.065,69.845,1005.951,4821.250,-4051.250,-2476.250,23.848,165,1145,16491,551,-463,-283,-295,0,0
8078773399,9.882,70.272,1005.463,4751.250,-4051.250,-2467.500,23.848,162,1152,16483,543,-463,-282,-295,0,0
8078782806,10.004,70.638,1005.829,4698.750,-3946.250,-2450.000,23.852,164,1158,16489,537,-451,-280,-294,0,0
8078792214,9.577,70.699,1006.866,4760.000,-3998.750,-2476.250,23.852,157,1159,16506,544,-457,-283,-294,0,0
8078801627,9.821,70.394,1005.097,4795.000,-4060.000,-2476.250,23.801,161,1154,16477,548,-464,-283,-307,0,0
8078811033,10.431,70.516,1005.097,4742.500,-4042.500,-2441.250,23.801,171,1156,16477,542,-462,-279,-307,0,0
8078820441,10.309,71.492,1006.073,4760.000,-4007.500,-2458.750,23.797,169,1172,16493,544,-458,-281,-308,0,0
8078829853,9.821,70.333,1006.561,4760.000,-4007.500,-2450.000,23.797,161,1153,16501,544,-458,-280,-308,0,0
8078839260,9.211,70.760,1006.134,4690.000,-3981.250,-2476.250,23.855,151,1160,16494,536,-455,-283,-293,0,0
8078848674,10.675,70.821,1004.975,4698.750,-4033.750,-2485.000,23.855,175,1161,16475,537,-461,-284,-293,0,0
8078858081,9.333,70.516,1004.609,4733.750,-4033.750,-2485.000,23.816,153,1156,16469,541,-461,-284,-303,0,0
8078867493,10.187,69.845,1006.073,4742.500,-4025.000,-2476.250,23.816,167,1145,16493,542,-460,-283,-303,0,0
8078876901,10.309,69.723,1005.036,4768.750,-4007.500,-2485.000,23.832,169,1143,16476,545,-458,-284,-299,0,0
8078886308,10.431,70.821,1005.402,4760.000,-3998.750,-2458.750,23.832,171,1161,16482,544,-457,-281,-299,0,0
8078895721,10.858,69.967,1006.378,4803.750,-3998.750,-2467.500,23.867,178,1147,16498,549,-457,-282,-290,0,0
8078905129,10.553,69.418,1004.487,4900.000,-3990.000,-2450.000,23.867,173,1138,16467,560,-456,-280,-290,0,0
8078914535,9.455,70.211,1004.670,5118.750,-3998.750,-2467.500,23.820,155,1151,16470,585,-457,-282,-302,0,0
8078923948,10.675,73.078,1006.012,4978.750,-4042.500,-2476.250,23.820,175,1198,16492,569,-462,-283,-302,0,0
8078933356,10.553,70.882,1006.805,4768.750,-3998.750,-2467.500,23.844,173,1162,16505,545,-457,-282,-296,0,0
8078942769,9.333,70.272,1004.426,4830.000,-3981.250,-2441.250,23.844,153,1152,16466,552,-455,-279,-296,0,0
8078952176,10.553,71.126,1003.145,4777.500,-3990.000,-2485.000,23.789,173,1166,16445,546,-456,-284,-310,0,0
8078961583,9.943,70.882,1006.195,4690.000,-4025.000,-2493.750,23.789,163,1162,16495,536,-460,-285,-310,0,0
8078970990,10.980,70.211,1004.914,4716.250,-4016.250,-2476.250,23.816,180,1151,16474,539,-459,-283,-303,0,0
8078980406,10.187,70.455,1005.524,4725.000,-4016.250,-2476.250,23.816,167,1155,16484,540,-459,-283,-303,0,0
8078989813,9.699,70.455,1005.890,4742.500,-4016.250,-2493.750,23.813,159,1155,16490,542,-459,-285,-304,0,0
8078999221,10.736,70.272,1007.232,4742.500,-3981.250,-2467.500,23.813,176,1152,16512,542,-455,-282,-304,0,0
8079008634,10.248,71.431,1006.500,4742.500,-4016.250,-2485.000,23.816,168,1171,16500,542,-459,-284,-303,0,0
8079018040,10.797,70.760,1006.988,4681.250,-4016.250,-2476.250,23.816,177,1160,16508,535,-459,-283,-303,0,0
8079027448,10.065,70.577,1003.999,4742.500,-4016.250,-2450.000,23.859,165,1157,16459,542,-459,-280,-292,0,0
8079036861,9.577,70.516,1005.585,4742.500,-3990.000,-2467.500,23.859,157,1156,16485,542,-456,-282,-292,0,0
8079046269,10.065,71.492,1005.707,4681.250,-3946.250,-2485.000,23.844,165,1172,16487,535,-451,-284,-296,0,0
8079055676,9.211,71.065,1004.609,4725.000,-3998.750,-2476.250,23.844,151,1165,16469,540,-457,-283,-296,0,0
8079065090,10.370,69.845,1004.609,4751.250,-3998.750,-2458.750,23.832,170,1145,16469,543,-457,-281,-299,0,0
8079074498,10.431,70.089,1003.938,4707.500,-3998.750,-2458.750,23.832,171,1149,16458,538,-457,-281,-299,0,0
8079083905,10.370,71.187,1005.036,4681.250,-4007.500,-2493.750,23.852,170,1167,16476,535,-458,-285,-294,0,0
8079093313,9.760,71.126,1005.951,4760.000,-3972.500,-2476.250,23.852,160,1166,16491,544,-454,-283,-294,0,0
8079102727,10.980,70.882,1004.975,4742.500,-4007.500,-2502.500,23.813,180,1162,16475,542,-458,-286,-304,0,0
8079112133,10.187,71.126,1004.548,4760.000,-4016.250,-2511.250,23.813,167,1166,16468,544,-459,-287,-304,0,0
8079121541,10.065,71.431,1006.134,4760.000,-4016.250,-2467.500,23.820,165,1171,16494,544,-459,-282,-302,0,0
8079130955,10.309,71.187,1007.232,4742.500,-4016.250,-2467.500,23.820,169,1167,16512,542,-459,-282,-302,0,0
8079140363,10.553,70.211,1004.792,4733.750,-3972.500,-2493.750,23.855,173,1151,16472,541,-454,-285,-293,0,0
8079149769,10.370,70.272,1004.426,4751.250,-3981.250,-2458.750,23.855,170,1152,16466,543,-455,-281,-293,0,0
8079159183,10.553,70.638,1004.914,4777.500,-4060.000,-2450.000,23.848,173,1158,16474,546,-464,-280,-295,0,0
8079168591,10.004,70.577,1005.280,4733.750,-4025.000,-2458.750,23.848,164,1157,16480,541,-460,-281,-295,0,0
8079177998,9.638,70.821,1006.073,4768.750,-4016.250,-2502.500,23.852,158,1161,16493,545,-459,-286,-294,0,0
8079187406,10.431,70.394,1004.487,4821.250,-4025.000,-2493.750,23.852,171,1154,16467,551,-460,-285,-294,0,0
8079196820,10.065,71.004,1005.951,4733.750,-4007.500,-2432.500,23.883,165,1164,16491,541,-458,-278,-286,0,0
8079206227,9.516,71.370,1006.622,4655.000,-3990.000,-2458.750,23.883,156,1170,16502,532,-456,-281,-286,0,0
8079215633,10.309,70.821,1005.097,4742.500,-3972.500,-2485.000,23.840,169,1161,16477,542,-454,-284,-297,0,0
8079225047,10.309,70.272,1005.158,4716.250,-3972.500,-2458.750,23.840,169,1152,16478,539,-454,-281,-297,0,0
8079234454,10.126,71.309,1003.084,4681.250,-3937.500,-2450.000,23.832,166,1169,16444,535,-450,-280,-299,0,0
8079243861,10.675,70.516,1006.073,4742.500,-3981.250,-2458.750,23.832,175,1156,16493,542,-455,-281,-299,0,0
8079253275,9.150,70.089,1006.134,4768.750,-3981.250,-2485.000,23.855,150,1149,16494,545,-455,-284,-293,0,0
8079262682,9.943,69.601,1005.463,4882.500,-4007.500,-2476.250,23.855,163,1141,16483,558,-458,-283,-293,0,0
8079272095,10.919,70.638,1005.097,4917.500,-3937.500,-2450.000,23.801,179,1158,16477,562,-450,-280,-307,0,0
8079281500,10.248,73.261,1004.243,5031.250,-3946.250,-2450.000,23.801,168,1201,16463,575,-451,-280,-307,0,0
8079290908,9.394,72.102,1003.877,4865.000,-3963.750,-2467.500,23.832,154,1182,16457,556,-453,-282,-299,0,0
8079300322,9.211,71.492,1005.707,4768.750,-4051.250,-2458.750,23.832,151,1172,16487,545,-463,-281,-299,0,0
8079309727,9.333,70.882,1003.816,4672.500,-3990.000,-2458.750,23.836,153,1162,16456,534,-456,-281,-298,0,0
8079319141,10.431,71.004,1005.219,4690.000,-3981.250,-2485.000,23.836,171,1164,16479,536,-455,-284,-298,0,0
8079328548,10.126,70.211,1005.707,4777.500,-4025.000,-2441.250,23.852,166,1151,16487,546,-460,-279,-294,0,0
8079337955,10.126,70.150,1004.792,4768.750,-3963.750,-2476.250,23.852,166,1150,16472,545,-453,-283,-294,0,0
8079347364,10.797,70.211,1004.426,4786.250,-4016.250,-2485.000,23.855,177,1151,16466,547,-459,-284,-293,0,0
8079356776,10.553,71.248,1005.890,4733.750,-3946.250,-2467.500,23.855,173,1168,16490,541,-451,-282,-293,0,0
8079366183,10.187,71.614,1005.768,4681.250,-3990.000,-2511.250,23.816,167,1174,16488,535,-456,-287,-303,0,0
8079375598,9.150,70.821,1004.426,4707.500,-4016.250,-2502.500,23.816,150,1161,16466,538,-459,-286,-303,0,0
8079385005,10.614,71.126,1004.121,4681.250,-3998.750,-2485.000,23.852,174,1166,16461,535,-457,-284,-294,0,0
8079394413,9.638,72.285,1005.219,4663.750,-3920.000,-2467.500,23.852,158,1185,16479,533,-448,-282,-294,0,0
8079403821,9.821,70.211,1006.134,4663.750,-3990.000,-2467.500,23.840,161,1151,16494,533,-456,-282,-297,0,0
8079413236,9.760,70.333,1004.914,4620.000,-3963.750,-2467.500,23.840,160,1153,16474,528,-453,-282,-297,0,0
8079422643,11.041,71.309,1002.962,4707.500,-3981.250,-2467.500,23.824,181,1169,16442,538,-455,-282,-301,0,0
8079432051,10.004,70.760,1004.365,4716.250,-4007.500,-2476.250,23.824,164,1160,16465,539,-458,-283,-301,0,0
8079441457,10.492,71.492,1005.158,4742.500,-4007.500,-2485.000,23.852,172,1172,16478,542,-458,-284,-294,0,0
8079450870,9.394,71.492,1004.487,4637.500,-3972.500,-2450.000,23.852,154,1172,16467,530,-454,-280,-294,0,0
8079460277,10.187,72.224,1003.389,4698.750,-4007.500,-2467.500,23.844,167,1184,16449,537,-458,-282,-296,0,0
8079469690,9.394,71.309,1004.914,4725.000,-4033.750,-2441.250,23.844,154,1169,16474,540,-461,-279,-296,0,0
8079479098,9.455,70.150,1007.476,4672.500,-3990.000,-2441.250,23.789,155,1150,16516,534,-456,-279,-310,0,0
8079488506,10.370,70.882,1004.670,4628.750,-4025.000,-2458.750,23.789,170,1162,16470,529,-460,-281,-310,0,0
8079497913,11.712,70.760,1003.755,4760.000,-3998.750,-2450.000,23.875,192,1160,16455,544,-457,-280,-288,0,0
8079507328,9.699,70.638,1004.304,4707.500,-3990.000,-2476.250,23.875,159,1158,16464,538,-456,-283,-288,0,0
8079516735,10.187,70.455,1005.768,4751.250,-3963.750,-2476.250,23.828,167,1155,16488,543,-453,-283,-300,0,0
8079526143,10.553,72.041,1004.975,4856.250,-3998.750,-2467.500,23.828,173,1181,16475,555,-457,-282,-300,0,0
8079535556,9.577,71.309,1003.816,4760.000,-4025.000,-2450.000,23.797,157,1169,16456,544,-460,-280,-308,0,0
8079544963,10.858,71.919,1005.097,4803.750,-4060.000,-2493.750,23.797,178,1179,16477,549,-464,-285,-308,0,0
8079554370,10.675,71.919,1005.463,4760.000,-4007.500,-2476.250,23.781,175,1179,16483,544,-458,-283,-312,0,0
8079563783,9.760,71.675,1003.633,4733.750,-3990.000,-2467.500,23.781,160,1175,16453,541,-456,-282,-312,0,0
8079573189,10.187,71.126,1005.463,4847.500,-3998.750,-2476.250,23.820,167,1166,16483,554,-457,-283,-302,0,0
8079582602,10.614,70.943,1004.853,4891.250,-4007.500,-2467.500,23.820,174,1163,16473,559,-458,-282,-302,0,0
8079592008,9.882,71.858,1002.352,4952.500,-4025.000,-2450.000,23.840,162,1178,16432,566,-460,-280,-297,0,0
8079601422,9.699,70.455,1003.084,4926.250,-4042.500,-2458.750,23.840,159,1155,16444,563,-462,-281,-297,0,0
8079610829,11.224,70.272,1006.500,4768.750,-4051.250,-2485.000,23.828,184,1152,16500,545,-463,-284,-300,0,0
8079620236,10.309,70.760,1005.158,4742.500,-4007.500,-2458.750,23.828,169,1160,16478,542,-458,-281,-300,0,0
8079629644,10.004,71.370,1006.561,4742.500,-3990.000,-2467.500,23.789,164,1170,16501,542,-456,-282,-310,0,0
8079639058,11.224,71.126,1005.097,4733.750,-4016.250,-2458.750,23.789,184,1166,16477,541,-459,-281,-310,0,0
8079648464,9.821,71.675,1005.280,4672.500,-3972.500,-2485.000,23.852,161,1175,16480,534,-454,-284,-294,0,0
8079657877,10.187,71.187,1003.877,4628.750,-3972.500,-2450.000,23.852,167,1167,16457,529,-454,-280,-294,0,0
8079667284,10.248,71.492,1005.402,4663.750,-3981.250,-2458.750,23.824,168,1172,16482,533,-455,-281,-301,0,0
8079676691,10.431,71.492,1004.975,4707.500,-3981.250,-2502.500,23.824,171,1172,16475,538,-455,-286,-301,0,0
8079686105,11.346,70.882,1005.036,4707.500,-3998.750,-2450.000,23.871,186,1162,16476,538,-457,-280,-289,0,0
8079695513,10.980,71.126,1003.694,4716.250,-4025.000,-2450.000,23.871,180,1166,16454,539,-460,-280,-289,0,0
8079704920,11.041,70.577,1003.328,4725.000,-3972.500,-2441.250,23.805,181,1157,16448,540,-454,-279,-306,0,0
8079714334,9.516,70.150,1005.219,4812.500,-4016.250,-2441.250,23.805,156,1150,16479,550,-459,-279,-306,0,0
8079723740,9.638,71.919,1005.524,4795.000,-3990.000,-2458.750,23.813,158,1179,16484,548,-456,-281,-304,0,0
8079733148,8.967,70.821,1004.060,4760.000,-4016.250,-2476.250,23.813,147,1161,16460,544,-459,-283,-304,0,0
8079742555,10.248,72.224,1005.097,4821.250,-4060.000,-2485.000,23.844,168,1184,16477,551,-464,-284,-296,0,0
8079751970,10.431,71.919,1005.524,4847.500,-4042.500,-2485.000,23.844,171,1179,16484,554,-462,-284,-296,0,0
8079761377,10.675,72.163,1003.938,4760.000,-3990.000,-2493.750,23.852,175,1183,16458,544,-456,-285,-294,0,0
8079770790,9.333,70.455,1005.524,4777.500,-3990.000,-2458.750,23.852,153,1155,16484,546,-456,-281,-294,0,0
8079780197,9.333,69.967,1005.219,4847.500,-3972.500,-2441.250,23.855,153,1147,16479,554,-454,-279,-293,0,0
8079789604,10.004,70.089,1003.938,5057.500,-3998.750,-2458.750,23.855,164,1149,16458,578,-457,-281,-293,0,0
8079799017,10.370,72.041,1005.341,5197.500,-3998.750,-2476.250,23.867,170,1181,16481,594,-457,-283,-290,0,0
8079808423,10.309,71.431,1005.219,4900.000,-4016.250,-2441.250,23.867,169,1171,16479,560,-459,-279,-290,0,0
8079817831,10.004,71.858,1005.158,4733.750,-4042.500,-2467.500,23.789,164,1178,16478,541,-462,-282,-310,0,0
8079827245,9.760,71.614,1004.670,4698.750,-3990.000,-2476.250,23.789,160,1174,16470,537,-456,-283,-310,0,0
8079836650,10.126,71.919,1008.269,4786.250,-3963.750,-2458.750,23.828,166,1179,16529,547,-453,-281,-300,0,0
8079846064,10.309,71.858,1004.975,4742.500,-3946.250,-2458.750,23.828,169,1178,16475,542,-451,-281,-300,0,0
8079855470,9.882,70.760,1002.962,4690.000,-3955.000,-2520.000,23.813,162,1160,16442,536,-452,-288,-304,0,0
8079864882,9.089,72.163,1005.097,4655.000,-4007.500,-2485.000,23.813,149,1183,16477,532,-458,-284,-304,0,0
8079874288,10.553,71.492,1006.439,4751.250,-4007.500,-2467.500,23.820,173,1172,16499,543,-458,-282,-302,0,0
8079883696,8.540,70.638,1004.609,4803.750,-4068.750,-2458.750,23.820,140,1158,16469,549,-465,-281,-302,0,0
8079893109,10.553,71.614,1004.670,4795.000,-4007.500,-2458.750,23.828,173,1174,16470,548,-458,-281,-300,0,0
8079902517,11.224,71.553,1003.999,4777.500,-4016.250,-2467.500,23.828,184,1173,16459,546,-459,-282,-300,0,0
8079911924,10.858,70.882,1004.792,4716.250,-4016.250,-2450.000,23.816,178,1162,16472,539,-459,-280,-303,0,0
8079921336,10.004,70.211,1005.524,4733.750,-4007.500,-2458.750,23.816,164,1151,16484,541,-458,-281,-303,0,0
8079930744,10.004,70.821,1005.158,4803.750,-3990.000,-2450.000,23.820,164,1161,16478,549,-456,-280,-302,0,0
8079940151,9.455,71.980,1004.060,4830.000,-3981.250,-2467.500,23.820,155,1180,16460,552,-455,-282,-302,0,0
8079949566,9.272,71.614,1004.609,4768.750,-4007.500,-2450.000,23.809,152,1174,16469,545,-458,-280,-305,0,0
8079958972,10.065,71.675,1004.304,4795.000,-4007.500,-2467.500,23.809,165,1175,16464,548,-458,-282,-305,0,0
8079968379,9.760,72.041,1006.134,4768.750,-3955.000,-2458.750,23.793,160,1181,16494,545,-452,-281,-309,0,0
8079977793,9.455,72.163,1005.463,4698.750,-4033.750,-2467.500,23.793,155,1183,16483,537,-461,-282,-309,0,0
8079987200,10.919,70.943,1005.280,4768.750,-3998.750,-2450.000,23.820,179,1163,16480,545,-457,-280,-302,0,0
8079996613,9.760,70.394,1003.450,4760.000,-4025.000,-2476.250,23.820,160,1154,16450,544,-460,-283,-302,0,0
8080006020,10.370,71.126,1004.609,4812.500,-4007.500,-2450.000,23.867,170,1166,16469,550,-458,-280,-290,0,0
8080015427,10.065,71.126,1004.609,4742.500,-3990.000,-2467.500,23.867,165,1166,16469,542,-456,-282,-290,0,0
8080024840,9.821,72.285,1004.365,4777.500,-3990.000,-2476.250,23.805,161,1185,16465,546,-456,-283,-306,0,0
8080034247,9.028,71.126,1005.463,4777.500,-4042.500,-2502.500,23.805,148,1166,16483,546,-462,-286,-306,0,0
8080043654,10.553,72.346,1003.755,4768.750,-4007.500,-2493.750,23.809,173,1186,16455,545,-458,-285,-305,0,0
8080053068,10.248,71.370,1004.243,4803.750,-4033.750,-2441.250,23.809,168,1170,16463,549,-461,-279,-305,0,0
8080062474,11.529,71.187,1004.365,4865.000,-3990.000,-2476.250,23.797,189,1167,16465,556,-456,-283,-308,0,0
8080071888,10.553,72.346,1004.609,4943.750,-3946.250,-2493.750,23.797,173,1186,16469,565,-451,-285,-308,0,0
8080081296,9.821,71.004,1004.487,4865.000,-4007.500,-2467.500,23.836,161,1164,16467,556,-458,-282,-298,0,0
8080090703,10.187,72.102,1004.182,4803.750,-4007.500,-2458.750,23.836,167,1182,16462,549,-458,-281,-298,0,0
8080100116,9.638,72.224,1005.768,4830.000,-3981.250,-2467.500,23.836,158,1184,16488,552,-455,-282,-298,0,0
8080109523,10.187,71.370,1004.548,4716.250,-3990.000,-2450.000,23.836,167,1170,16468,539,-456,-280,-298,0,0
8080118930,10.065,71.492,1004.731,4786.250,-3998.750,-2458.750,23.785,165,1172,16471,547,-457,-281,-311,0,0
8080128344,10.492,71.187,1005.158,4838.750,-4060.000,-2485.000,23.785,172,1167,16478,553,-464,-284,-311,0,0
8080137752,10.248,72.102,1004.914,4725.000,-3990.000,-2485.000,23.785,168,1182,16474,540,-456,-284,-311,0,0
8080147158,9.150,71.431,1005.646,4672.500,-3990.000,-2467.500,23.785,150,1171,16486,534,-456,-282,-311,0,0
8080156571,9.516,71.126,1005.951,4698.750,-4007.500,-2458.750,23.785,156,1166,16491,537,-458,-281,-311,0,0
8080165977,9.638,71.736,1005.280,4777.500,-4051.250,-2432.500,23.785,158,1176,16480,546,-463,-278,-311,0,0
8080175384,9.821,71.736,1003.572,4760.000,-3972.500,-2467.500,23.820,161,1176,16452,544,-454,-282,-302,0,0
8080184797,10.309,71.553,1006.012,4768.750,-3998.750,-2458.750,23.820,169,1173,16492,545,-457,-281,-302,0,0
8080194203,10.126,70.943,1005.524,4742.500,-3981.250,-2450.000,23.789,166,1163,16484,542,-455,-280,-310,0,0
8080203618,10.614,71.004,1005.341,4716.250,-4025.000,-2467.500,23.789,174,1164,16481,539,-460,-282,-310,0,0
8080213025,8.845,70.577,1004.731,4760.000,-4016.250,-2458.750,23.793,145,1157,16471,544,-459,-281,-309,0,0
8080222433,10.126,71.858,1006.134,4760.000,-3998.750,-2476.250,23.793,166,1178,16494,544,-457,-283,-309,0,0
8080231846,10.126,71.858,1005.280,4786.250,-3990.000,-2458.750,23.801,166,1178,16480,547,-456,-281,-307,0,0
8080241253,9.333,71.919,1005.402,4707.500,-4016.250,-2476.250,23.801,153,1179,16482,538,-459,-283,-307,0,0
8080250661,9.272,72.102,1005.402,4760.000,-4033.750,-2476.250,23.785,152,1182,16482,544,-461,-283,-311,0,0
8080260074,9.943,72.102,1006.256,4742.500,-3998.750,-2485.000,23.785,163,1182,16496,542,-457,-284,-311,0,0
8080269482,10.675,71.309,1004.426,4777.500,-4042.500,-2502.500,23.844,175,1169,16466,546,-462,-286,-296,0,0
8080278889,10.736,71.431,1003.877,4777.500,-3981.250,-2476.250,23.844,176,1171,16457,546,-455,-283,-296,0,0
8080288302,10.370,71.675,1005.463,4707.500,-3981.250,-2493.750,23.785,170,1175,16483,538,-455,-285,-311,0,0
8080297710,9.821,72.285,1005.280,4707.500,-3990.000,-2467.500,23.785,161,1185,16480,538,-456,-282,-311,0,0
8080307116,9.577,70.821,1005.097,4821.250,-3998.750,-2432.500,23.797,157,1161,16477,551,-457,-278,-308,0,0
8080316530,10.065,70.394,1005.890,4830.000,-4016.250,-2458.750,23.797,165,1154,16490,552,-459,-281,-308,0,0
8080325937,10.187,71.126,1005.890,4873.750,-4007.500,-2485.000,23.836,167,1166,16490,557,-458,-284,-298,0,0
8080335345,10.492,71.553,1005.219,4873.750,-4007.500,-2458.750,23.836,172,1173,16479,557,-458,-281,-298,0,0
8080344757,10.858,71.614,1003.877,4917.500,-3998.750,-2467.500,23.809,178,1174,16457,562,-457,-282,-305,0,0
8080354164,9.516,72.224,1003.877,4856.250,-3963.750,-2450.000,23.809,156,1184,16457,555,-453,-280,-305,0,0
8080363577,9.455,72.102,1004.243,4865.000,-3990.000,-2432.500,23.824,155,1182,16463,556,-456,-278,-301,0,0
8080372983,9.943,72.041,1005.341,4873.750,-3972.500,-2441.250,23.824,163,1181,16481,557,-454,-279,-301,0,0
8080382392,9.699,71.553,1005.524,4882.500,-3955.000,-2476.250,23.828,159,1173,16484,558,-452,-283,-300,0,0
8080391804,10.553,72.712,1006.256,4821.250,-4033.750,-2467.500,23.828,173,1192,16496,551,-461,-282,-300,0,0
8080401211,10.004,71.980,1005.951,4733.750,-3972.500,-2441.250,23.801,164,1180,16491,541,-454,-279,-307,0,0
8080410619,9.577,72.346,1005.341,4760.000,-4016.250,-2441.250,23.801,157,1186,16481,544,-459,-279,-307,0,0
8080420033,10.492,71.309,1004.304,4803.750,-4007.500,-2493.750,23.770,172,1169,16464,549,-458,-285,-315,0,0
8080429441,9.760,71.675,1004.792,4882.500,-3990.000,-2467.500,23.770,160,1175,16472,558,-456,-282,-315,0,0
8080438847,10.431,71.736,1006.866,4882.500,-4007.500,-2467.500,23.836,171,1176,16506,558,-458,-282,-298,0,0
8080448261,10.431,71.858,1006.744,4908.750,-4016.250,-2485.000,23.836,171,1178,16504,561,-459,-284,-298,0,0
8080457668,9.882,72.285,1004.670,4865.000,-4016.250,-2467.500,23.805,162,1185,16470,556,-459,-282,-306,0,0
8080467073,9.638,72.224,1003.938,4751.250,-3981.250,-2467.500,23.805,158,1184,16458,543,-455,-282,-306,0,0
8080476488,10.187,72.163,1006.561,4768.750,-3990.000,-2450.000,23.840,167,1183,16501,545,-456,-280,-297,0,0
8080485896,10.492,72.102,1005.829,4760.000,-3990.000,-2458.750,23.840,172,1182,16489,544,-456,-281,-297,0,0
8080495303,10.553,71.553,1003.877,4716.250,-3990.000,-2467.500,23.840,173,1173,16457,539,-456,-282,-297,0,0
8080504717,10.187,71.431,1007.232,4681.250,-4016.250,-2467.500,23.840,167,1171,16512,535,-459,-282,-297,0,0
8080514123,10.065,71.065,1005.829,4698.750,-4016.250,-2485.000,23.805,165,1165,16489,537,-459,-284,-306,0,0
8080523531,10.248,71.614,1003.389,4707.500,-4016.250,-2458.750,23.805,168,1174,16449,538,-459,-281,-306,0,0
8080532944,9.333,72.041,1003.694,4777.500,-4025.000,-2450.000,23.801,153,1181,16454,546,-460,-280,-307,0,0
8080542351,10.248,72.163,1005.463,4821.250,-4042.500,-2467.500,23.801,168,1183,16483,551,-462,-282,-307,0,0
8080551758,10.980,72.346,1008.513,4725.000,-4025.000,-2485.000,23.809,180,1186,16533,540,-460,-284,-305,0,0
8080561172,10.492,72.895,1005.951,4812.500,-4042.500,-2476.250,23.809,172,1195,16491,550,-462,-283,-305,0,0
8080570578,10.187,72.224,1005.890,4777.500,-4016.250,-2493.750,23.832,167,1184,16490,546,-459,-285,-299,0,0
8080579986,9.821,72.773,1005.341,4812.500,-4033.750,-2493.750,23.832,161,1193,16481,550,-461,-285,-299,0,0
8080589400,10.187,72.102,1006.561,4733.750,-3998.750,-2476.250,23.828,167,1182,16501,541,-457,-283,-300,0,0
8080598806,10.736,72.285,1004.792,4751.250,-3972.500,-2467.500,23.828,176,1185,16472,543,-454,-282,-300,0,0
8080608214,9.821,71.980,1006.012,4742.500,-3990.000,-2450.000,23.805,161,1180,16492,542,-456,-280,-306,0,0
8080617627,10.004,71.614,1006.012,4803.750,-4033.750,-2502.500,23.805,164,1174,16492,549,-461,-286,-306,0,0
8080627033,9.882,71.858,1004.792,4768.750,-3981.250,-2476.250,23.805,162,1178,16472,545,-455,-283,-306,0,0
8080636448,10.614,70.455,1005.341,4768.750,-4033.750,-2485.000,23.805,174,1155,16481,545,-461,-284,-306,0,0
8080645856,10.187,71.614,1005.829,4760.000,-4016.250,-2476.250,23.828,167,1174,16489,544,-459,-283,-300,0,0
8080655263,10.187,72.712,1005.402,4760.000,-3963.750,-2458.750,23.828,167,1192,16482,544,-453,-281,-300,0,0
8080664670,10.248,71.309,1006.683,4830.000,-4033.750,-2458.750,23.793,168,1169,16503,552,-461,-281,-309,0,0
8080674083,10.309,72.285,1005.951,4838.750,-3981.250,-2467.500,23.793,169,1185,16491,553,-455,-282,-309,0,0
8080683491,9.394,72.407,1004.731,4935.000,-4007.500,-2467.500,23.820,154,1187,16471,564,-458,-282,-302,0,0
8080692904,9.821,72.590,1004.731,4908.750,-4025.000,-2467.500,23.820,161,1190,16471,561,-460,-282,-302,0,0
8080702311,9.638,72.285,1005.768,4865.000,-4007.500,-2467.500,23.816,158,1185,16488,556,-458,-282,-303,0,0
8080711718,9.516,71.736,1005.280,4733.750,-3998.750,-2441.250,23.816,156,1176,16480,541,-457,-279,-303,0,0
8080721126,10.187,71.614,1006.439,4681.250,-4007.500,-2450.000,23.797,167,1174,16499,535,-458,-280,-308,0,0
8080730540,9.333,72.224,1004.914,4698.750,-4025.000,-2450.000,23.797,153,1184,16474,537,-460,-280,-308,0,0
8080739947,10.065,70.821,1006.744,4812.500,-3990.000,-2485.000,23.809,165,1161,16504,550,-456,-284,-305,0,0
8080749355,10.675,71.431,1006.256,4882.500,-3981.250,-2476.250,23.809,175,1171,16496,558,-455,-283,-305,0,0
8080758769,10.736,72.407,1004.548,5127.500,-4016.250,-2476.250,23.801,176,1187,16468,586,-459,-283,-307,0,0
8080768176,10.980,73.932,1004.731,5031.250,-4016.250,-2432.500,23.801,180,1212,16471,575,-459,-278,-307,0,0
8080777584,9.577,72.834,1004.792,4847.500,-3990.000,-2476.250,23.836,157,1194,16472,554,-456,-283,-298,0,0
8080786991,10.126,71.614,1006.439,4821.250,-4016.250,-2432.500,23.836,166,1174,16499,551,-459,-278,-298,0,0
8080796406,9.394,72.712,1002.535,4830.000,-4007.500,-2458.750,23.820,154,1192,16435,552,-458,-281,-302,0,0
8080805812,9.638,72.407,1007.781,4847.500,-4033.750,-2485.000,23.820,158,1187,16521,554,-461,-284,-302,0,0
8080815221,10.187,73.078,1008.818,4891.250,-4007.500,-2467.500,23.828,167,1198,16538,559,-458,-282,-300,0,0
8080824634,10.248,71.553,1005.158,4865.000,-3981.250,-2476.250,23.828,168,1173,16478,556,-455,-283,-300,0,0
8080834040,10.431,73.078,1002.840,4786.250,-3955.000,-2476.250,23.801,171,1198,16440,547,-452,-283,-307,0,0
8080843448,9.394,72.590,1005.524,4786.250,-3998.750,-2476.250,23.801,154,1190,16484,547,-457,-283,-307,0,0
8080852863,9.699,73.261,1007.537,4786.250,-4007.500,-2467.500,23.773,159,1201,16517,547,-458,-282,-314,0,0
8080862270,9.943,72.102,1002.962,4786.250,-3972.500,-2476.250,23.773,163,1182,16442,547,-454,-283,-314,0,0
8080871676,9.943,71.919,1005.341,4856.250,-4033.750,-2502.500,23.797,163,1179,16481,555,-461,-286,-308,0,0
8080881089,9.821,71.431,1003.999,4856.250,-4025.000,-2467.500,23.797,161,1171,16459,555,-460,-282,-308,0,0
8080890496,10.065,72.407,1008.513,4725.000,-3990.000,-2502.500,23.836,165,1187,16533,540,-456,-286,-298,0,0
8080899903,9.760,72.102,1006.988,4742.500,-4025.000,-2493.750,23.836,160,1182,16508,542,-460,-285,-298,0,0
8080909317,10.370,72.651,1004.182,4760.000,-3998.750,-2485.000,23.813,170,1191,16462,544,-457,-284,-304,0,0
8080918724,9.577,72.773,1005.646,4821.250,-3990.000,-2476.250,23.813,157,1193,16486,551,-456,-283,-304,0,0
8080928137,9.638,72.895,1005.768,4838.750,-4025.000,-2485.000,23.801,158,1195,16488,553,-460,-284,-307,0,0
8080937545,8.967,73.993,1006.439,4847.500,-3990.000,-2485.000,23.801,147,1213,16499,554,-456,-284,-307,0,0
8080946951,9.028,73.566,1007.903,4882.500,-4007.500,-2467.500,23.797,148,1206,16523,558,-458,-282,-308,0,0
8080956364,10.065,72.468,1006.500,4777.500,-4007.500,-2441.250,23.797,165,1188,16500,546,-458,-279,-308,0,0
8080965772,9.882,72.163,1004.060,4760.000,-3998.750,-2450.000,23.855,162,1183,16460,544,-457,-280,-293,0,0
8080975179,10.431,72.773,1006.439,4751.250,-3998.750,-2458.750,23.855,171,1193,16499,543,-457,-281,-293,0,0
8080984594,9.943,72.712,1006.500,4716.250,-4016.250,-2485.000,23.785,163,1192,16500,539,-459,-284,-311,0,0
8080994000,9.699,71.248,1005.707,4751.250,-3998.750,-2458.750,23.785,159,1168,16487,543,-457,-281,-311,0,0
8081003407,9.760,72.346,1004.304,4716.250,-3990.000,-2467.500,23.793,160,1186,16464,539,-456,-282,-309,0,0
8081012821,10.065,72.956,1005.585,4716.250,-3972.500,-2485.000,23.793,165,1196,16485,539,-454,-284,-309,0,0
8081022229,10.492,74.054,1004.975,4690.000,-3981.250,-2458.750,23.828,172,1214,16475,536,-455,-281,-300,0,0
8081031636,10.980,72.895,1006.134,4733.750,-3990.000,-2502.500,23.828,180,1195,16494,541,-456,-286,-300,0,0
8081041044,9.089,73.505,1006.317,4760.000,-3990.000,-2458.750,23.813,149,1205,16497,544,-456,-281,-304,0,0
8081050458,9.272,72.712,1005.463,4786.250,-4033.750,-2467.500,23.813,152,1192,16483,547,-461,-282,-304,0,0
8081059866,10.553,72.224,1004.609,4838.750,-4025.000,-2467.500,23.828,173,1184,16469,553,-460,-282,-300,0,0
8081069272,10.309,72.468,1004.426,4760.000,-4007.500,-2476.250,23.828,169,1188,16466,544,-458,-283,-300,0,0
8081078685,10.980,72.712,1005.890,4751.250,-3981.250,-2476.250,23.793,180,1192,16490,543,-455,-283,-309,0,0
8081088093,10.492,71.858,1005.280,4803.750,-3990.000,-2458.750,23.793,172,1178,16480,549,-456,-281,-309,0,0
8081097499,9.577,71.980,1006.378,4786.250,-3998.750,-2467.500,23.820,157,1180,16498,547,-457,-282,-302,0,0
8081106913,9.455,73.322,1005.829,4733.750,-4016.250,-2458.750,23.820,155,1202,16489,541,-459,-281,-302,0,0
8081116321,10.126,73.139,1006.012,4751.250,-4016.250,-2467.500,23.816,166,1199,16492,543,-459,-282,-303,0,0
8081125728,10.126,73.078,1005.646,4707.500,-4060.000,-2485.000,23.816,166,1198,16486,538,-464,-284,-303,0,0
8081135143,11.529,73.139,1004.365,4733.750,-4016.250,-2441.250,23.816,189,1199,16465,541,-459,-279,-303,0,0
8081144549,9.211,73.627,1007.110,4751.250,-4051.250,-2458.750,23.816,151,1207,16510,543,-463,-281,-303,0,0
8081153955,9.516,73.139,1005.890,4733.750,-3981.250,-2467.500,23.793,156,1199,16490,541,-455,-282,-309,0,0
8081163370,9.760,72.895,1003.816,4803.750,-3946.250,-2458.750,23.793,160,1195,16456,549,-451,-281,-309,0,0
8081172775,9.333,72.407,1004.853,4768.750,-3955.000,-2476.250,23.793,153,1187,16473,545,-452,-283,-309,0,0
8081182187,10.675,72.346,1004.365,4777.500,-4007.500,-2502.500,23.793,175,1186,16465,546,-458,-286,-309,0,0
8081191594,10.492,71.553,1005.890,4803.750,-3998.750,-2502.500,23.801,172,1173,16490,549,-457,-286,-307,0,0
8081201008,10.431,72.773,1005.036,4803.750,-3998.750,-2485.000,23.801,171,1193,16476,549,-457,-284,-307,0,0
8081210415,10.004,72.651,1005.585,4830.000,-3972.500,-2458.750,23.824,164,1191,16485,552,-454,-281,-301,0,0
8081219823,10.370,73.383,1007.232,4803.750,-3981.250,-2441.250,23.824,170,1203,16512,549,-455,-279,-301,0,0
8081229230,10.004,73.810,1005.768,4865.000,-4007.500,-2467.500,23.809,164,1210,16488,556,-458,-282,-305,0,0
8081238645,9.150,74.298,1004.121,4838.750,-3963.750,-2467.500,23.809,150,1218,16461,553,-453,-282,-305,0,0
8081248052,9.699,73.383,1004.243,4856.250,-4016.250,-2467.500,23.785,159,1203,16463,555,-459,-282,-311,0,0
8081257458,9.821,74.054,1006.317,4751.250,-3972.500,-2485.000,23.785,161,1214,16497,543,-454,-284,-311,0,0
8081266872,10.675,71.919,1005.280,4795.000,-3998.750,-2441.250,23.844,175,1179,16480,548,-457,-279,-296,0,0
8081276279,9.821,72.712,1005.707,4733.750,-3998.750,-2467.500,23.844,161,1192,16487,541,-457,-282,-296,0,0
8081285685,11.468,71.431,1004.609,4812.500,-4025.000,-2467.500,23.848,188,1171,16469,550,-460,-282,-295,0,0
8081295100,10.248,73.566,1006.012,4742.500,-4007.500,-2458.750,23.848,168,1206,16492,542,-458,-281,-295,0,0
8081304507,10.553,73.871,1005.463,4760.000,-3981.250,-2485.000,23.793,173,1211,16483,544,-455,-284,-309,0,0
8081313920,9.516,72.956,1006.805,4751.250,-3981.250,-2476.250,23.793,156,1196,16505,543,-455,-283,-309,0,0
8081323327,9.516,73.383,1006.134,4768.750,-3981.250,-2485.000,23.816,156,1203,16494,545,-455,-284,-303,0,0
8081332735,9.638,73.200,1005.219,4733.750,-3972.500,-2485.000,23.816,158,1200,16479,541,-454,-284,-303,0,0
8081342143,10.431,73.200,1004.365,4698.750,-4025.000,-2485.000,23.848,171,1200,16465,537,-460,-284,-295,0,0
8081351556,10.858,72.529,1006.561,4707.500,-3981.250,-2458.750,23.848,178,1189,16501,538,-455,-281,-295,0,0
8081360964,10.004,72.712,1004.426,4812.500,-4007.500,-2458.750,23.820,164,1192,16466,550,-458,-281,-302,0,0
8081370370,10.431,72.102,1005.219,4856.250,-3990.000,-2450.000,23.820,171,1182,16479,555,-456,-280,-302,0,0
8081379783,10.797,72.956,1005.524,4908.750,-3998.750,-2458.750,23.840,177,1196,16484,561,-457,-281,-297,0,0
8081389190,10.614,72.224,1005.402,4926.250,-4025.000,-2441.250,23.840,174,1184,16482,563,-460,-279,-297,0,0
8081398598,10.675,72.834,1005.707,4812.500,-4007.500,-2458.750,23.801,175,1194,16487,550,-458,-281,-307,0,0
8081408012,9.333,72.834,1004.670,4838.750,-3998.750,-2415.000,23.801,153,1194,16470,553,-457,-276,-307,0,0
8081417421,8.967,74.298,1005.341,4707.500,-3981.250,-2485.000,23.797,147,1218,16481,538,-455,-284,-308,0,0
8081426827,10.370,74.237,1005.951,4725.000,-4042.500,-2485.000,23.797,170,1217,16491,540,-462,-284,-308,0,0
8081436241,9.211,72.590,1007.476,4716.250,-4016.250,-2441.250,23.859,151,1190,16516,539,-459,-279,-292,0,0
8081445648,9.089,73.261,1004.304,4742.500,-4033.750,-2441.250,23.859,149,1201,16464,542,-461,-279,-292,0,0
8081455055,9.638,72.163,1004.670,4768.750,-4007.500,-2458.750,23.855,158,1183,16470,545,-458,-281,-293,0,0
8081464463,9.516,73.078,1005.829,4733.750,-3920.000,-2458.750,23.855,156,1198,16489,541,-448,-281,-293,0,0
8081473877,10.431,72.895,1005.341,4821.250,-3990.000,-2458.750,23.828,171,1195,16481,551,-456,-281,-300,0,0
8081483284,10.858,72.834,1005.524,4707.500,-4033.750,-2441.250,23.828,178,1194,16484,538,-461,-279,-300,0,0
8081492691,10.797,73.322,1003.816,4698.750,-4016.250,-2458.750,23.809,177,1202,16456,537,-459,-281,-305,0,0
8081502105,10.797,73.261,1005.280,4663.750,-3990.000,-2476.250,23.809,177,1201,16480,533,-456,-283,-305,0,0
8081511512,9.760,73.749,1005.646,4760.000,-3981.250,-2476.250,23.789,160,1209,16486,544,-455,-283,-310,0,0
8081520925,10.309,73.627,1005.280,4760.000,-4007.500,-2476.250,23.789,169,1207,16480,544,-458,-283,-310,0,0
8081530333,9.028,73.322,1005.707,4681.250,-4007.500,-2450.000,23.852,148,1202,16487,535,-458,-280,-294,0,0
8081539740,10.980,72.224,1006.073,4838.750,-3981.250,-2467.500,23.852,180,1184,16493,553,-455,-282,-294,0,0
8081549147,10.614,71.797,1005.707,5083.750,-4060.000,-2467.500,23.801,174,1177,16487,581,-464,-282,-307,0,0
8081558561,10.004,74.725,1005.219,5075.000,-3990.000,-2467.500,23.801,164,1225,16479,580,-456,-282,-307,0,0
8081567967,9.577,73.566,1004.060,4812.500,-4007.500,-2450.000,23.801,157,1206,16460,550,-458,-280,-307,0,0
8081577375,10.431,72.773,1004.304,4707.500,-3972.500,-2485.000,23.801,171,1193,16464,538,-454,-284,-307,0,0
8081586788,8.601,72.285,1004.914,4672.500,-3990.000,-2476.250,23.805,141,1185,16474,534,-456,-283,-306,0,0
8081596194,10.431,73.261,1005.463,4777.500,-4016.250,-2450.000,23.805,171,1201,16483,546,-459,-280,-306,0,0
8081605608,10.675,73.688,1004.487,4707.500,-3998.750,-2502.500,23.832,175,1208,16467,538,-457,-286,-299,0,0
8081615016,10.126,73.261,1005.280,4768.750,-3981.250,-2450.000,23.832,166,1201,16480,545,-455,-280,-299,0,0
8081624422,10.492,73.261,1004.975,4856.250,-4025.000,-2467.500,23.797,172,1201,16475,555,-460,-282,-308,0,0
8081633836,10.370,73.078,1004.975,5048.750,-4016.250,-2520.000,23.797,170,1198,16475,577,-459,-288,-308,0,0
8081643243,9.882,73.993,1003.694,4996.250,-3998.750,-2458.750,23.789,162,1213,16454,571,-457,-281,-310,0,0
8081652649,9.943,74.237,1002.779,4856.250,-3998.750,-2458.750,23.789,163,1217,16439,555,-457,-281,-310,0,0
8081662064,9.516,72.590,1004.243,4803.750,-3990.000,-2467.500,23.781,156,1190,16463,549,-456,-282,-312,0,0
8081671471,9.760,72.346,1004.670,4803.750,-4007.500,-2485.000,23.781,160,1186,16470,549,-458,-284,-312,0,0
8081680883,8.906,73.322,1004.121,4707.500,-3998.750,-2485.000,23.855,146,1202,16461,538,-457,-284,-293,0,0
8081690291,9.699,73.688,1004.304,4716.250,-3990.000,-2493.750,23.855,159,1208,16464,539,-456,-285,-293,0,0
8081699698,9.211,73.627,1004.548,4751.250,-4016.250,-2458.750,23.789,151,1207,16468,543,-459,-281,-310,0,0
8081709105,10.309,74.237,1004.914,4803.750,-4025.000,-2467.500,23.789,169,1217,16474,549,-460,-282,-310,0,0
8081718520,9.821,73.810,1004.548,4786.250,-4042.500,-2485.000,23.805,161,1210,16468,547,-462,-284,-306,0,0
8081727926,9.760,74.054,1006.561,4707.500,-4033.750,-2458.750,23.805,160,1214,16501,538,-461,-281,-306,0,0
8081737334,10.431,73.932,1004.792,4742.500,-4016.250,-2467.500,23.773,171,1212,16472,542,-459,-282,-314,0,0
8081746749,9.455,72.773,1003.267,4742.500,-4016.250,-2432.500,23.773,155,1193,16447,542,-459,-278,-314,0,0
8081756157,10.431,73.322,1002.901,4777.500,-3998.750,-2493.750,23.848,171,1202,16441,546,-457,-285,-295,0,0
8081765563,10.248,72.712,1004.182,4768.750,-3981.250,-2467.500,23.848,168,1192,16462,545,-455,-282,-295,0,0
8081774977,9.943,72.285,1005.402,4751.250,-3972.500,-2458.750,23.801,163,1185,16482,543,-454,-281,-307,0,0
8081784384,9.455,73.200,1004.853,4707.500,-4007.500,-2458.750,23.801,155,1200,16473,538,-458,-281,-307,0,0
8081793790,8.845,73.688,1003.999,4786.250,-4033.750,-2493.750,23.762,145,1208,16459,547,-461,-285,-317,0,0
8081803205,9.394,74.237,1005.097,4716.250,-4042.500,-2458.750,23.762,154,1217,16477,539,-462,-281,-317,0,0
8081812612,10.065,74.176,1005.280,4716.250,-4016.250,-2450.000,23.789,165,1216,16480,539,-459,-280,-310,0,0
8081822019,10.614,73.139,1003.694,4707.500,-3981.250,-2485.000,23.789,174,1199,16454,538,-455,-284,-310,0,0
8081831427,10.248,73.078,1004.243,4803.750,-4051.250,-2467.500,23.789,168,1198,16463,549,-463,-282,-310,0,0
8081840841,10.492,73.200,1006.622,4768.750,-4016.250,-2485.000,23.789,172,1200,16502,545,-459,-284,-310,0,0
8081850248,10.004,73.749,1004.304,4751.250,-4016.250,-2511.250,23.844,164,1209,16464,543,-459,-287,-296,0,0
8081859655,10.065,72.712,1002.230,4786.250,-4016.250,-2467.500,23.844,165,1192,16430,547,-459,-282,-296,0,0
8081869069,8.845,72.712,1004.365,4795.000,-4007.500,-2467.500,23.816,145,1192,16465,548,-458,-282,-303,0,0
8081878477,9.577,73.017,1006.134,4786.250,-4016.250,-2441.250,23.816,157,1197,16494,547,-459,-279,-303,0,0
8081887883,9.333,73.566,1008.269,4742.500,-3990.000,-2485.000,23.773,153,1206,16529,542,-456,-284,-314,0,0
8081897297,9.089,74.420,1005.890,4768.750,-3990.000,-2450.000,23.773,149,1220,16490,545,-456,-280,-314,0,0
8081906704,10.614,73.932,999.363,4812.500,-4051.250,-2450.000,23.785,174,1212,16383,550,-463,-280,-311,0,0
8081916112,10.858,74.054,1009.611,4795.000,-3981.250,-2458.750,23.785,178,1214,16551,548,-455,-281,-311,0,0
8081925520,10.431,72.834,1005.707,4751.250,-4025.000,-2493.750,23.789,171,1194,16487,543,-460,-285,-310,0,0
8081934932,10.126,73.749,1001.437,4742.500,-4060.000,-2502.500,23.789,166,1209,16417,542,-464,-286,-310,0,0
8081944346,9.028,72.468,1006.500,4690.000,-4025.000,-2458.750,23.793,148,1188,16500,536,-460,-281,-309,0,0
8081953753,9.638,73.017,1005.097,4777.500,-4007.500,-2493.750,23.793,158,1197,16477,546,-458,-285,-309,0,0
8081963160,10.065,72.773,1001.864,4760.000,-4033.750,-2493.750,23.828,165,1193,16424,544,-461,-285,-300,0,0
8081972568,10.004,72.834,1005.707,4733.750,-4068.750,-2476.250,23.828,164,1194,16487,541,-465,-283,-300,0,0
8081981981,9.821,73.932,1005.829,4751.250,-4025.000,-2467.500,23.801,161,1212,16489,543,-460,-282,-307,0,0
8081991389,9.577,73.749,1007.659,4768.750,-4016.250,-2441.250,23.801,157,1209,16519,545,-459,-279,-307,0,0
8082000796,10.370,73.932,1005.768,4777.500,-4033.750,-2458.750,23.770,170,1212,16488,546,-461,-281,-315,0,0
8082010210,10.797,73.688,1004.182,4716.250,-4051.250,-2458.750,23.770,177,1208,16462,539,-463,-281,-315,0,0
8082019618,10.004,74.420,1007.171,4803.750,-4007.500,-2493.750,23.816,164,1220,16511,549,-458,-285,-303,0,0
8082029024,9.882,73.383,1001.498,4812.500,-3990.000,-2458.750,23.816,162,1203,16418,550,-456,-281,-303,0,0
8082038438,9.821,73.139,1006.561,4812.500,-4025.000,-2450.000,23.824,161,1199,16501,550,-460,-280,-301,0,0
8082047846,9.577,72.590,1008.086,4873.750,-3990.000,-2476.250,23.824,157,1190,16526,557,-456,-283,-301,0,0
8082057251,10.248,72.895,1001.010,4795.000,-3990.000,-2467.500,23.855,168,1195,16410,548,-456,-282,-293,0,0
8082066664,9.394,72.346,1002.962,4873.750,-3998.750,-2450.000,23.855,154,1186,16442,557,-457,-280,-293,0,0
8082076071,8.723,73.261,1005.646,4908.750,-4007.500,-2502.500,23.793,143,1201,16486,561,-458,-286,-309,0,0
8082085484,10.614,72.712,1004.731,4865.000,-3981.250,-2476.250,23.793,174,1192,16471,556,-455,-283,-309,0,0
8082094890,9.699,73.261,1006.012,4812.500,-4033.750,-2441.250,23.770,159,1201,16492,550,-461,-279,-315,0,0
8082104297,8.967,73.566,1005.768,4873.750,-3990.000,-2476.250,23.770,147,1206,16488,557,-456,-283,-315,0,0
8082113711,9.882,72.834,1005.097,4970.000,-3990.000,-2467.500,23.797,162,1194,16477,568,-456,-282,-308,0,0
8082123119,10.370,74.420,1005.768,5022.500,-4007.500,-2467.500,23.797,170,1220,16488,574,-458,-282,-308,0,0
8082132527,9.516,74.115,1005.646,4908.750,-3972.500,-2458.750,23.797,156,1215,16486,561,-454,-281,-308,0,0
8082141941,9.516,73.688,1004.670,4865.000,-3998.750,-2485.000,23.797,156,1208,16470,556,-457,-284,-308,0,0
8082151349,10.492,73.688,1006.195,4733.750,-4042.500,-2467.500,23.840,172,1208,16495,541,-462,-282,-297,0,0
8082160755,8.662,72.590,1004.731,4742.500,-3972.500,-2423.750,23.840,142,1190,16471,542,-454,-277,-297,0,0
8082170163,10.065,73.444,1006.256,4830.000,-3990.000,-2485.000,23.805,165,1204,16496,552,-456,-284,-306,0,0
8082179577,10.187,72.895,1004.609,4830.000,-4007.500,-2458.750,23.805,167,1195,16469,552,-458,-281,-306,0,0
8082188984,10.309,72.773,1003.084,4812.500,-4007.500,-2467.500,23.789,169,1193,16444,550,-458,-282,-310,0,0
8082198391,10.675,73.383,1006.622,4751.250,-4016.250,-2458.750,23.789,175,1203,16502,543,-459,-281,-310,0,0
8082207804,9.760,73.749,1005.951,4847.500,-4016.250,-2467.500,23.816,160,1209,16491,554,-459,-282,-303,0,0
8082217212,8.784,74.115,1003.450,4847.500,-4086.250,-2467.500,23.816,144,1215,16450,554,-467,-282,-303,0,0
8082226625,9.272,73.749,1005.768,4725.000,-4007.500,-2485.000,23.852,152,1209,16488,540,-458,-284,-294,0,0
8082236031,9.028,74.054,1005.585,4786.250,-3998.750,-2423.750,23.852,148,1214,16485,547,-457,-277,-294,0,0
8082245438,9.394,74.054,1004.670,4733.750,-4025.000,-2476.250,23.813,154,1214,16470,541,-460,-283,-304,0,0
8082254853,9.577,73.993,1006.866,4760.000,-3998.750,-2476.250,23.813,157,1213,16506,544,-457,-283,-304,0,0
8082264258,9.211,73.444,1005.341,4742.500,-4016.250,-2485.000,23.793,151,1204,16481,542,-459,-284,-309,0,0
8082273671,10.370,72.529,1003.267,4716.250,-4042.500,-2476.250,23.793,170,1189,16447,539,-462,-283,-309,0,0
8082283079,9.821,74.359,1004.121,4760.000,-4016.250,-2467.500,23.785,161,1219,16461,544,-459,-282,-311,0,0
8082292486,10.614,73.261,1005.707,4777.500,-4077.500,-2476.250,23.785,174,1201,16487,546,-466,-283,-311,0,0
8082301893,10.065,73.200,1004.670,4672.500,-3990.000,-2467.500,23.797,165,1200,16470,534,-456,-282,-308,0,0
8082311307,9.760,73.749,1005.585,4698.750,-3981.250,-2476.250,23.797,160,1209,16485,537,-455,-283,-308,0,0
8082320714,9.211,74.664,1004.304,4663.750,-4007.500,-2467.500,23.809,151,1224,16464,533,-458,-282,-305,0,0
8082330121,9.211,74.115,1005.890,4768.750,-4025.000,-2476.250,23.809,151,1215,16490,545,-460,-283,-305,0,0
8082339534,9.028,73.444,1004.487,4751.250,-3955.000,-2432.500,23.797,148,1204,16467,543,-452,-278,-308,0,0
8082348940,9.943,75.152,1006.317,4760.000,-3990.000,-2467.500,23.797,163,1232,16497,544,-456,-282,-308,0,0
8082358356,10.187,73.993,1005.829,4795.000,-4016.250,-2467.500,23.824,167,1213,16489,548,-459,-282,-301,0,0
8082367762,10.187,73.871,1004.365,4751.250,-4051.250,-2458.750,23.824,167,1211,16465,543,-463,-281,-301,0,0
8082377169,9.394,73.810,1003.084,4716.250,-3998.750,-2450.000,23.793,154,1210,16444,539,-457,-280,-309,0,0
8082386577,9.394,73.200,1003.389,4760.000,-4016.250,-2458.750,23.793,154,1200,16449,544,-459,-281,-309,0,0
8082395991,9.028,73.688,1005.097,4742.500,-4025.000,-2485.000,23.813,148,1208,16477,542,-460,-284,-304,0,0
8082405398,9.577,72.651,1003.511,4847.500,-4060.000,-2485.000,23.813,157,1191,16451,554,-464,-284,-304,0,0
8082414811,9.028,73.139,1005.890,4803.750,-4016.250,-2467.500,23.820,148,1199,16490,549,-459,-282,-302,0,0
8082424218,8.113,72.407,1006.622,4856.250,-4025.000,-2458.750,23.820,133,1187,16502,555,-460,-281,-302,0,0
8082433626,8.784,74.481,1004.792,5066.250,-3981.250,-2476.250,23.770,144,1221,16472,579,-455,-283,-315,0,0
8082443033,8.967,76.311,1004.792,5092.500,-3955.000,-2485.000,23.770,147,1251,16472,582,-452,-284,-315,0,0
8082452449,10.248,74.237,1004.548,4812.500,-3972.500,-2476.250,23.820,168,1217,16468,550,-454,-283,-302,0,0
8082461856,10.492,73.810,1004.426,4725.000,-3981.250,-2441.250,23.820,172,1210,16466,540,-455,-279,-302,0,0
8082471264,10.492,72.468,1005.341,4655.000,-4033.750,-2485.000,23.805,172,1188,16481,532,-461,-284,-306,0,0
8082480673,9.089,73.871,1004.670,4725.000,-4016.250,-2467.500,23.805,149,1211,16470,540,-459,-282,-306,0,0
8082490081,10.187,73.871,1004.121,4637.500,-3955.000,-2458.750,23.840,167,1211,16461,530,-452,-281,-297,0,0
8082499495,9.455,73.932,1004.670,4637.500,-3981.250,-2450.000,23.840,155,1212,16470,530,-455,-280,-297,0,0
8082508901,10.309,73.566,1004.060,4716.250,-3990.000,-2450.000,23.789,169,1206,16460,539,-456,-280,-310,0,0
8082518308,9.882,74.237,1006.439,4733.750,-4007.500,-2441.250,23.789,162,1217,16499,541,-458,-279,-310,0,0
8082527721,9.577,74.420,1004.975,4812.500,-4060.000,-2441.250,23.816,157,1220,16475,550,-464,-279,-303,0,0
8082537127,10.187,73.200,1004.060,4751.250,-4025.000,-2450.000,23.816,167,1200,16460,543,-460,-280,-303,0,0
8082546541,11.041,73.383,1003.877,4716.250,-4025.000,-2450.000,23.789,181,1203,16457,539,-460,-280,-310,0,0
8082555948,10.614,73.932,1005.890,4716.250,-4042.500,-2493.750,23.789,174,1212,16490,539,-462,-285,-310,0,0
8082565355,9.272,74.298,1005.280,4698.750,-3998.750,-2493.750,23.777,152,1218,16480,537,-457,-285,-313,0,0
8082574769,9.821,73.261,1004.365,4681.250,-3990.000,-2476.250,23.777,161,1201,16465,535,-456,-283,-313,0,0
8082584176,9.394,73.627,1003.938,4751.250,-4016.250,-2476.250,23.832,154,1207,16458,543,-459,-283,-299,0,0
8082593583,10.004,73.749,1004.548,4733.750,-4007.500,-2467.500,23.832,164,1209,16468,541,-458,-282,-299,0,0
8082602997,9.760,73.505,1004.060,4698.750,-3998.750,-2476.250,23.789,160,1205,16460,537,-457,-283,-310,0,0
8082612405,10.553,74.054,1005.036,4768.750,-4007.500,-2450.000,23.789,173,1214,16476,545,-458,-280,-310,0,0
8082621811,10.370,73.932,1006.805,4733.750,-3998.750,-2485.000,23.766,170,1212,16505,541,-457,-284,-316,0,0
8082631219,9.150,74.359,1006.805,4742.500,-3998.750,-2467.500,23.766,150,1219,16505,542,-457,-282,-316,0,0
8082640633,9.882,74.481,1003.206,4768.750,-4025.000,-2467.500,23.828,162,1221,16446,545,-460,-282,-300,0,0
8082650040,9.760,73.993,1004.243,4690.000,-4025.000,-2485.000,23.828,160,1213,16463,536,-460,-284,-300,0,0
8082659449,10.248,74.237,1005.402,4812.500,-4042.500,-2502.500,23.832,168,1217,16482,550,-462,-286,-299,0,0
8082668863,10.187,72.163,1004.670,4768.750,-4025.000,-2467.500,23.832,167,1183,16470,545,-460,-282,-299,0,0
8082678271,8.601,73.688,1004.670,4733.750,-3998.750,-2485.000,23.820,141,1208,16470,541,-457,-284,-302,0,0
8082687677,10.187,73.261,1004.731,4707.500,-4016.250,-2450.000,23.820,167,1201,16471,538,-459,-280,-302,0,0
8082697091,10.431,72.895,1005.219,4716.250,-4025.000,-2458.750,23.816,171,1195,16479,539,-460,-281,-303,0,0
8082706499,9.821,73.566,1004.975,4707.500,-3955.000,-2476.250,23.816,161,1206,16475,538,-452,-283,-303,0,0
8082715906,9.394,74.054,1003.816,4707.500,-3981.250,-2458.750,23.797,154,1214,16456,538,-455,-281,-308,0,0
8082725314,11.651,74.603,1003.877,4681.250,-3972.500,-2450.000,23.797,191,1223,16457,535,-454,-280,-308,0,0
8082734728,10.065,73.932,1006.012,4733.750,-3990.000,-2485.000,23.828,165,1212,16492,541,-456,-284,-300,0,0
8082744136,8.784,73.932,1005.219,4751.250,-4025.000,-2502.500,23.828,144,1212,16479,543,-460,-286,-300,0,0
8082753542,9.882,74.603,1004.975,4733.750,-3972.500,-2476.250,23.828,162,1223,16475,541,-454,-283,-300,0,0
8082762956,9.333,73.566,1006.500,4716.250,-4025.000,-2467.500,23.828,153,1206,16500,539,-460,-282,-300,0,0
8082772364,9.394,72.956,1005.890,4716.250,-3990.000,-2432.500,23.816,154,1196,16490,539,-456,-278,-303,0,0
8082781772,9.699,73.810,1004.670,4707.500,-3981.250,-2432.500,23.816,159,1210,16470,538,-455,-278,-303,0,0
8082791179,9.577,74.176,1003.206,4742.500,-4033.750,-2458.750,23.785,157,1216,16446,542,-461,-281,-311,0,0
8082800594,9.089,74.603,1003.999,4698.750,-3972.500,-2485.000,23.785,149,1223,16459,537,-454,-284,-311,0,0
8082810002,9.150,73.993,1005.036,4768.750,-4016.250,-2467.500,23.797,150,1213,16476,545,-459,-282,-308,0,0
8082819409,9.821,73.627,1004.975,4742.500,-3981.250,-2476.250,23.797,161,1207,16475,542,-455,-283,-308,0,0
8082828816,10.553,74.237,1004.487,4768.750,-4016.250,-2476.250,23.809,173,1217,16467,545,-459,-283,-305,0,0
8082838230,10.675,74.237,1005.219,4777.500,-4007.500,-2467.500,23.809,175,1217,16479,546,-458,-282,-305,0,0
8082847638,9.516,73.871,1004.182,4742.500,-3955.000,-2458.750,23.766,156,1211,16462,542,-452,-281,-316,0,0
8082857045,9.699,73.200,1003.999,4716.250,-3990.000,-2441.250,23.766,159,1200,16459,539,-456,-279,-316,0,0
8082866458,9.028,73.993,1003.450,4698.750,-4007.500,-2476.250,23.801,148,1213,16450,537,-458,-283,-307,0,0
8082875866,9.394,73.139,1005.280,4751.250,-3990.000,-2458.750,23.801,154,1199,16480,543,-456,-281,-307,0,0
8082885272,10.126,72.590,1004.792,4681.250,-4033.750,-2476.250,23.789,166,1190,16472,535,-461,-283,-310,0,0
8082894685,9.150,74.176,1003.145,4716.250,-4042.500,-2450.000,23.789,150,1216,16445,539,-462,-280,-310,0,0
8082904093,9.394,74.176,1003.328,4777.500,-4025.000,-2485.000,23.816,154,1216,16448,546,-460,-284,-303,0,0
8082913500,9.699,75.274,1002.657,4707.500,-4016.250,-2502.500,23.816,159,1234,16437,538,-459,-286,-303,0,0
8082922913,8.784,74.115,1002.535,4663.750,-3990.000,-2458.750,23.801,144,1215,16435,533,-456,-281,-307,0,0
8082932320,9.760,74.237,1004.426,4681.250,-4007.500,-2450.000,23.801,160,1217,16466,535,-458,-280,-307,0,0
8082941728,10.431,73.566,1004.853,4760.000,-4042.500,-2485.000,23.816,171,1206,16473,544,-462,-284,-303,0,0
8082951141,10.492,74.176,1003.816,4725.000,-4007.500,-2450.000,23.816,172,1216,16456,540,-458,-280,-303,0,0
8082960548,10.004,73.322,1003.389,4733.750,-4033.750,-2450.000,23.809,164,1202,16449,541,-461,-280,-305,0,0
8082969961,10.248,73.810,1002.169,4707.500,-4025.000,-2432.500,23.809,168,1210,16429,538,-460,-278,-305,0,0
8082979370,10.614,73.139,1002.413,4725.000,-4016.250,-2458.750,23.789,174,1199,16433,540,-459,-281,-310,0,0
8082988776,9.882,73.505,1004.670,4742.500,-3990.000,-2485.000,23.789,162,1205,16470,542,-456,-284,-310,0,0
8082998183,9.882,74.054,1003.877,4812.500,-3998.750,-2485.000,23.773,162,1214,16457,550,-457,-284,-314,0,0
8083007598,8.723,73.810,1003.084,4795.000,-3990.000,-2458.750,23.773,143,1210,16444,548,-456,-281,-314,0,0
8083017005,9.760,74.298,1004.731,4760.000,-4033.750,-2450.000,23.770,160,1218,16471,544,-461,-280,-315,0,0
8083026413,10.492,74.237,1005.219,4812.500,-4060.000,-2458.750,23.770,172,1217,16479,550,-464,-281,-315,0,0
8083035827,9.577,74.237,1002.718,4707.500,-3998.750,-2458.750,23.789,157,1217,16438,538,-457,-281,-310,0,0
8083045235,10.431,73.505,1003.023,4672.500,-4007.500,-2432.500,23.789,171,1205,16443,534,-458,-278,-310,0,0
8083054642,10.736,73.627,1006.622,4672.500,-4007.500,-2467.500,23.793,176,1207,16502,534,-458,-282,-309,0,0
8083064055,9.638,73.688,1005.524,4733.750,-4007.500,-2476.250,23.793,158,1208,16484,541,-458,-283,-309,0,0
8083073463,9.211,73.688,1001.193,4725.000,-3998.750,-2441.250,23.797,151,1208,16413,540,-457,-279,-308,0,0
8083082870,9.272,73.932,1002.901,4707.500,-3998.750,-2467.500,23.797,152,1212,16441,538,-457,-282,-308,0,0
8083092277,8.296,73.017,1003.267,4690.000,-4033.750,-2485.000,23.813,136,1197,16447,536,-461,-284,-304,0,0
8083101690,8.296,73.688,1003.328,4637.500,-4042.500,-2458.750,23.813,136,1208,16448,530,-462,-281,-304,0,0
8083111098,9.760,73.078,1003.938,4742.500,-4007.500,-2450.000,23.797,160,1198,16458,542,-458,-280,-308,0,0
8083120504,10.370,73.017,1003.633,4795.000,-4068.750,-2476.250,23.797,170,1197,16453,548,-465,-283,-308,0,0
8083129918,9.455,73.139,1003.206,4716.250,-4042.500,-2458.750,23.805,155,1199,16446,539,-462,-281,-306,0,0
8083139324,10.614,73.444,1003.084,4760.000,-4042.500,-2458.750,23.805,174,1204,16444,544,-462,-281,-306,0,0
8083148739,10.858,72.956,1003.389,4733.750,-3990.000,-2441.250,23.805,178,1196,16449,541,-456,-279,-306,0,0
8083158147,9.211,73.505,1006.195,4628.750,-3981.250,-2450.000,23.805,151,1205,16495,529,-455,-280,-306,0,0
8083167555,9.699,74.542,1004.304,4795.000,-4033.750,-2458.750,23.805,159,1222,16464,548,-461,-281,-306,0,0
8083176963,7.991,74.542,1003.999,4760.000,-4042.500,-2441.250,23.805,131,1222,16459,544,-462,-279,-306,0,0
8083186370,9.455,74.115,1003.694,4760.000,-4007.500,-2476.250,23.770,155,1215,16454,544,-458,-283,-315,0,0
8083195783,9.455,73.932,1004.304,4786.250,-4016.250,-2476.250,23.770,155,1212,16464,547,-459,-283,-315,0,0
8083205190,9.150,73.383,1004.609,4698.750,-4016.250,-2476.250,23.809,150,1203,16469,537,-459,-283,-305,0,0
8083214598,10.065,73.444,1004.548,4760.000,-3998.750,-2458.750,23.809,165,1204,16468,544,-457,-281,-305,0,0
8083224013,9.272,73.444,1004.060,4716.250,-4051.250,-2493.750,23.820,152,1204,16460,539,-463,-285,-302,0,0
8083233421,10.675,73.200,1004.060,4707.500,-4025.000,-2485.000,23.820,175,1200,16460,538,-460,-284,-302,0,0
8083242828,10.004,75.213,1004.487,4672.500,-3981.250,-2450.000,23.836,164,1233,16467,534,-455,-280,-298,0,0
8083252241,9.943,73.566,1005.036,4707.500,-3946.250,-2476.250,23.836,163,1206,16476,538,-451,-283,-298,0,0
8083261648,9.394,73.871,1006.500,4698.750,-4016.250,-2450.000,23.793,154,1211,16500,537,-459,-280,-309,0,0
8083271056,9.638,73.627,1006.622,4637.500,-4025.000,-2458.750,23.793,158,1207,16502,530,-460,-281,-309,0,0
8083280463,10.492,74.237,1003.572,4733.750,-4007.500,-2485.000,23.789,172,1217,16452,541,-458,-284,-310,0,0
8083289877,10.065,73.444,1003.877,4725.000,-4025.000,-2458.750,23.789,165,1204,16457,540,-460,-281,-310,0,0
8083299285,9.699,73.871,1004.731,4777.500,-3981.250,-2476.250,23.793,159,1211,16471,546,-455,-283,-309,0,0
8083308692,9.882,73.078,1005.280,4768.750,-4042.500,-2458.750,23.793,162,1198,16480,545,-462,-281,-309,0,0
8083318100,9.577,73.810,1004.304,4716.250,-4042.500,-2432.500,23.840,157,1210,16464,539,-462,-278,-297,0,0
8083327513,10.919,73.505,1003.999,4742.500,-3990.000,-2450.000,23.840,179,1205,16459,542,-456,-280,-297,0,0
8083336921,11.407,74.237,1003.572,4733.750,-4016.250,-2432.500,23.762,187,1217,16452,541,-459,-278,-317,0,0
8083346328,10.980,74.176,1005.097,4733.750,-4025.000,-2476.250,23.762,180,1216,16477,541,-460,-283,-317,0,0
8083355742,8.967,73.993,1005.463,4768.750,-3981.250,-2467.500,23.777,147,1213,16483,545,-455,-282,-313,0,0
8083365150,9.577,73.993,1004.243,4751.250,-4025.000,-2493.750,23.777,157,1213,16463,543,-460,-285,-313,0,0
8083374556,8.723,74.176,1003.450,4751.250,-4025.000,-2441.250,23.836,143,1216,16450,543,-460,-279,-298,0,0
8083383970,9.821,74.054,1005.219,4698.750,-4042.500,-2476.250,23.836,161,1214,16479,537,-462,-283,-298,0,0
8083393377,10.919,73.932,1006.195,4795.000,-4016.250,-2450.000,23.789,179,1212,16495,548,-459,-280,-310,0,0
8083402790,10.675,74.542,1004.853,4707.500,-3998.750,-2450.000,23.789,175,1222,16473,538,-457,-280,-310,0,0
8083412197,9.577,74.542,1005.829,4725.000,-4051.250,-2423.750,23.836,157,1222,16489,540,-463,-277,-298,0,0
8083421605,10.126,75.335,1004.792,4733.750,-4042.500,-2458.750,23.836,166,1235,16472,541,-462,-281,-298,0,0
8083431013,10.553,74.237,1004.060,4768.750,-4007.500,-2441.250,23.793,173,1217,16460,545,-458,-279,-309,0,0
8083440428,9.211,73.932,1004.853,4760.000,-3990.000,-2467.500,23.793,151,1212,16473,544,-456,-282,-309,0,0
8083449835,10.187,73.627,1003.816,4733.750,-4068.750,-2502.500,23.789,167,1207,16456,541,-465,-286,-310,0,0
8083459243,9.760,73.078,1005.829,4725.000,-4025.000,-2467.500,23.789,160,1198,16489,540,-460,-282,-310,0,0
8083468656,9.577,74.420,1003.389,4812.500,-4016.250,-2502.500,23.754,157,1220,16449,550,-459,-286,-319,0,0
8083478063,9.577,73.810,1004.426,4777.500,-4007.500,-2493.750,23.754,157,1210,16466,546,-458,-285,-319,0,0
8083487470,10.065,73.871,1005.585,4716.250,-3998.750,-2441.250,23.809,165,1211,16485,539,-457,-279,-305,0,0
8083496883,9.821,74.115,1004.548,4795.000,-4042.500,-2467.500,23.809,161,1215,16468,548,-462,-282,-305,0,0
8083506291,9.516,74.481,1004.304,4760.000,-4007.500,-2476.250,23.793,156,1221,16464,544,-458,-283,-309,0,0
8083515697,10.492,74.725,1004.609,4742.500,-4016.250,-2476.250,23.793,172,1225,16469,542,-459,-283,-309,0,0
8083525111,9.882,74.420,1006.927,4672.500,-3998.750,-2467.500,23.766,162,1220,16507,534,-457,-282,-316,0,0
8083534518,10.675,73.749,1004.609,4716.250,-3972.500,-2467.500,23.766,175,1209,16469,539,-454,-282,-316,0,0
8083543924,9.272,73.627,1003.572,4777.500,-4025.000,-2493.750,23.789,152,1207,16452,546,-460,-285,-310,0,0
8083553336,9.943,72.895,1005.402,4821.250,-4016.250,-2467.500,23.789,163,1195,16482,551,-459,-282,-310,0,0
8083562744,9.272,72.285,1004.792,4812.500,-4068.750,-2493.750,23.785,152,1185,16472,550,-465,-285,-311,0,0
8083572159,9.028,73.322,1003.694,4768.750,-4033.750,-2502.500,23.785,148,1202,16454,545,-461,-286,-311,0,0
8083581567,8.845,74.359,1004.914,4821.250,-4007.500,-2450.000,23.789,145,1219,16474,551,-458,-280,-310,0,0
8083590973,10.248,74.542,1005.585,4777.500,-3998.750,-2432.500,23.789,168,1222,16485,546,-457,-278,-310,0,0
8083600381,10.126,73.688,1006.012,4768.750,-4060.000,-2458.750,23.793,166,1208,16492,545,-464,-281,-309,0,0
8083609795,10.797,73.261,1004.609,4760.000,-4042.500,-2458.750,23.793,177,1201,16469,544,-462,-281,-309,0,0
8083619201,9.211,73.932,1004.670,4803.750,-4016.250,-2432.500,23.805,151,1212,16470,549,-459,-278,-306,0,0
8083628609,9.638,74.786,1005.768,4716.250,-4025.000,-2441.250,23.805,158,1226,16488,539,-460,-279,-306,0,0
8083638022,9.089,74.786,1005.158,4751.250,-3990.000,-2458.750,23.789,149,1226,16478,543,-456,-281,-310,0,0
8083647428,9.699,73.688,1004.487,4777.500,-3981.250,-2476.250,23.789,159,1208,16467,546,-455,-283,-310,0,0
8083656836,9.089,73.932,1002.535,4716.250,-4051.250,-2450.000,23.758,149,1212,16435,539,-463,-280,-318,0,0
8083666250,10.553,72.712,1003.938,4698.750,-4025.000,-2458.750,23.758,173,1192,16458,537,-460,-281,-318,0,0
8083675657,9.455,73.810,1004.914,4716.250,-3998.750,-2476.250,23.770,155,1210,16474,539,-457,-283,-315,0,0
8083685064,10.553,72.590,1003.511,4786.250,-4016.250,-2476.250,23.770,173,1190,16451,547,-459,-283,-315,0,0
8083694478,10.675,73.871,1003.877,4690.000,-4042.500,-2467.500,23.820,175,1211,16457,536,-462,-282,-302,0,0
8083703882,10.736,74.542,1003.816,4690.000,-3990.000,-2458.750,23.820,176,1222,16456,536,-456,-281,-302,0,0
8083713297,9.760,73.505,1003.145,4786.250,-4016.250,-2476.250,23.805,160,1205,16445,547,-459,-283,-306,0,0
8083722704,9.577,74.786,1004.426,4742.500,-4016.250,-2458.750,23.805,157,1226,16466,542,-459,-281,-306,0,0
8083732112,9.333,73.993,1003.694,4768.750,-4025.000,-2476.250,23.789,153,1213,16454,545,-460,-283,-310,0,0
